prestazione,tempo,cronometraggio,atleta,anno,categoria,società,posizione,luogo,data,link_atleta,link_società
7.96,7.96,e,ANDREANI Matteo,1988,JM,ATLETICA LIVORNO,1 fi- 1,Genova,2007-02-24,https://www.fidal.it/atleta/ANDREANI-Matteo/faiRlJimaWg%3D,https://www.fidal.it/societa/ATLETICA-LIVORNO/LI036
8.02,8.02,e,ANDREANI Matteo,1988,JM,ATLETICA LIVORNO,4 su- 1,Vittel,2007-03-04,https://www.fidal.it/atleta/ANDREANI-Matteo/faiRlJimaWg%3D,https://www.fidal.it/societa/ATLETICA-LIVORNO/LI036
8.09,8.09,e,ANDREANI Matteo,1988,JM,ATLETICA LIVORNO,1 ba- 4,Genova,2007-02-24,https://www.fidal.it/atleta/ANDREANI-Matteo/faiRlJimaWg%3D,https://www.fidal.it/societa/ATLETICA-LIVORNO/LI036
8.09,8.09,e,ANDREANI Matteo,1988,JM,ATLETICA LIVORNO,1 sf- 1,Genova,2007-02-24,https://www.fidal.it/atleta/ANDREANI-Matteo/faiRlJimaWg%3D,https://www.fidal.it/societa/ATLETICA-LIVORNO/LI036
8.09,8.09,e,TEDESCO Stefano,1988,JM,ASI ATLETICA BREGANZE,5 se- 1,Vittel,2007-03-04,https://www.fidal.it/atleta/TEDESCO-Stefano/eKiRlJakbmY%3D,https://www.fidal.it/societa/ASI-ATLETICA-BREGANZE/VI619
8.1,8.10,e,TEDESCO Stefano,1988,JM,ASI ATLETICA BREGANZE,6 su- 1,Vittel,2007-03-04,https://www.fidal.it/atleta/TEDESCO-Stefano/eKiRlJakbmY%3D,https://www.fidal.it/societa/ASI-ATLETICA-BREGANZE/VI619
8.13,8.13,e,TEDESCO Stefano,1988,JM,G.A. FIAMME GIALLE,2 fi- 1,Genova,2007-02-24,https://www.fidal.it/atleta/TEDESCO-Stefano/eKiRlJakbmY%3D,https://www.fidal.it/societa/G-A--FIAMME-GIALLE/RM056
8.17,8.17,e,TEDESCO Stefano,1988,JM,G.A. FIAMME GIALLE,1 ba- 1,Padova,2007-02-10,https://www.fidal.it/atleta/TEDESCO-Stefano/eKiRlJakbmY%3D,https://www.fidal.it/societa/G-A--FIAMME-GIALLE/RM056
8.2,8.20,e,STRATI Rocco,1988,JM,JAGER ATLETICA VITTORIO V.TO,2 ba- 1,Padova,2007-02-10,https://www.fidal.it/atleta/STRATI-Rocco/eKiRlJmfb2U%3D,https://www.fidal.it/societa/JAGER-ATLETICA-VITTORIO-V-TO/TV361
8.2,8.20,e,CASADEI Luca,1988,JM,ATL. IMOLA SACMI AVIS,2 sf- 1,Genova,2007-02-24,https://www.fidal.it/atleta/CASADEI-Luca/eqiRlJqmbmg%3D,https://www.fidal.it/societa/ATL--IMOLA-SACMI-AVIS/BO014
8.2,8.20,e,ANDREANI Matteo,1988,JM,ATLETICA LIVORNO,6 se- 2,Vittel,2007-03-04,https://www.fidal.it/atleta/ANDREANI-Matteo/faiRlJimaWg%3D,https://www.fidal.it/societa/ATLETICA-LIVORNO/LI036
8.21,8.21,e,NALOCCA John mark,1988,JM,COLLECTION ATLETICA SAMBENEDET,1 ba- 1,Ancona,2007-01-20,https://www.fidal.it/atleta/NALOCCA-John-mark/e6iRk5Sla2s%3D,https://www.fidal.it/societa/COLLECTION-ATLETICA-SAMBENEDET/AP034
8.21,8.21,e,STRATI Rocco,1988,JM,JAGER ATLETICA VITTORIO V.TO,3 fi- 1,Genova,2007-02-24,https://www.fidal.it/atleta/STRATI-Rocco/eKiRlJmfb2U%3D,https://www.fidal.it/societa/JAGER-ATLETICA-VITTORIO-V-TO/TV361
8.23,8.23,e,STRATI Rocco,1988,JM,JAGER ATLETICA VITTORIO V.TO,1 fi- 1,Padova,2007-02-10,https://www.fidal.it/atleta/STRATI-Rocco/eKiRlJmfb2U%3D,https://www.fidal.it/societa/JAGER-ATLETICA-VITTORIO-V-TO/TV361
8.23,8.23,e,TEDESCO Stefano,1988,JM,G.A. FIAMME GIALLE,1 sf- 2,Genova,2007-02-24,https://www.fidal.it/atleta/TEDESCO-Stefano/eKiRlJakbmY%3D,https://www.fidal.it/societa/G-A--FIAMME-GIALLE/RM056
8.24,8.24,e,STRATI Rocco,1988,JM,JAGER ATLETICA VITTORIO V.TO,2 sf- 2,Genova,2007-02-24,https://www.fidal.it/atleta/STRATI-Rocco/eKiRlJmfb2U%3D,https://www.fidal.it/societa/JAGER-ATLETICA-VITTORIO-V-TO/TV361
8.25,8.25,e,STRATI Rocco,1988,JM,JAGER ATLETICA VITTORIO V.TO,1 ba- 2,Genova,2007-02-24,https://www.fidal.it/atleta/STRATI-Rocco/eKiRlJmfb2U%3D,https://www.fidal.it/societa/JAGER-ATLETICA-VITTORIO-V-TO/TV361
8.26,8.26,e,REDAELLI Davide felice,1989,JM,PRO PATRIA MILANO,4 fi- 1,Genova,2007-02-24,https://www.fidal.it/atleta/REDAELLI-Davide-felice/dq2RkpmicWo%3D,https://www.fidal.it/societa/PRO-PATRIA-MILANO/MI077
8.27,8.27,e,AMADI Alberto,1989,JM,TREVISATLETICA,3 sf- 2,Genova,2007-02-24,https://www.fidal.it/atleta/AMADI-Alberto/eKiRlZahaWs%3D,https://www.fidal.it/societa/TREVISATLETICA/TV354
8.29,8.29,e,NALOCCA John mark,1988,JM,COLLECTION ATLETICA SAMBENEDET,1 ba- 1,Ancona,2007-01-14,https://www.fidal.it/atleta/NALOCCA-John-mark/e6iRk5Sla2s%3D,https://www.fidal.it/societa/COLLECTION-ATLETICA-SAMBENEDET/AP034
8.3,8.30,e,NALOCCA John mark,1988,JM,COLLECTION ATLETICA SAMBENEDET,1 fi- 1,Ancona,2007-01-20,https://www.fidal.it/atleta/NALOCCA-John-mark/e6iRk5Sla2s%3D,https://www.fidal.it/societa/COLLECTION-ATLETICA-SAMBENEDET/AP034
8.31,8.31,e,CASADEI Luca,1988,JM,ATL. IMOLA SACMI AVIS,2 ba- 2,Genova,2007-02-24,https://www.fidal.it/atleta/CASADEI-Luca/eqiRlJqmbmg%3D,https://www.fidal.it/societa/ATL--IMOLA-SACMI-AVIS/BO014
8.32,8.32,e,CASADEI Luca,1988,JM,ATL. IMOLA SACMI AVIS,1 fi- 1,Modena,2007-02-03,https://www.fidal.it/atleta/CASADEI-Luca/eqiRlJqmbmg%3D,https://www.fidal.it/societa/ATL--IMOLA-SACMI-AVIS/BO014
8.32,8.32,e,ALBERINI Alessandro,1989,JM,G.S.SELF ATL. MONTANARI GRUZZA,2 fi- 1,Modena,2007-02-03,https://www.fidal.it/atleta/ALBERINI-Alessandro/eqiRlZiia2Q%3D,https://www.fidal.it/societa/G-S-SELF-ATL--MONTANARI-GRUZZA/RE105
8.32,8.32,e,ZECCHIN Luca,1989,JM,ATL. ALESSANDRIA,1 ba- 3,Genova,2007-02-24,https://www.fidal.it/atleta/ZECCHIN-Luca/dKmRk5efbGo%3D,https://www.fidal.it/societa/ATL--ALESSANDRIA/AL001
8.33,8.33,e,REDAELLI Davide felice,1989,JM,PRO PATRIA MILANO,4 sf- 2,Genova,2007-02-24,https://www.fidal.it/atleta/REDAELLI-Davide-felice/dq2RkpmicWo%3D,https://www.fidal.it/societa/PRO-PATRIA-MILANO/MI077
8.33,8.33,e,CASADEI Luca,1988,JM,ATL. IMOLA SACMI AVIS,5 fi- 1,Genova,2007-02-24,https://www.fidal.it/atleta/CASADEI-Luca/eqiRlJqmbmg%3D,https://www.fidal.it/societa/ATL--IMOLA-SACMI-AVIS/BO014
8.34,8.34,e,AMADI Alberto,1989,JM,TREVISATLETICA,6 fi- 1,Genova,2007-02-24,https://www.fidal.it/atleta/AMADI-Alberto/eKiRlZahaWs%3D,https://www.fidal.it/societa/TREVISATLETICA/TV354
8.36,8.36,e,TEDESCO Stefano,1988,JM,G.A. FIAMME GIALLE,2 ba- 3,Genova,2007-02-24,https://www.fidal.it/atleta/TEDESCO-Stefano/eKiRlJakbmY%3D,https://www.fidal.it/societa/G-A--FIAMME-GIALLE/RM056
8.36,8.36,e,AMADI Alberto,1989,JM,TREVISATLETICA,2 ba- 4,Genova,2007-02-24,https://www.fidal.it/atleta/AMADI-Alberto/eKiRlZahaWs%3D,https://www.fidal.it/societa/TREVISATLETICA/TV354
8.37,8.37,e,CASADEI Luca,1988,JM,ATL. IMOLA SACMI AVIS,1 ba- 1,Modena,2007-02-03,https://www.fidal.it/atleta/CASADEI-Luca/eqiRlJqmbmg%3D,https://www.fidal.it/societa/ATL--IMOLA-SACMI-AVIS/BO014
8.37,8.37,e,ZECCHIN Luca,1989,JM,ATL. ALESSANDRIA,5 sf- 2,Genova,2007-02-24,https://www.fidal.it/atleta/ZECCHIN-Luca/dKmRk5efbGo%3D,https://www.fidal.it/societa/ATL--ALESSANDRIA/AL001
8.37,8.37,e,CAPPETTI Marco,1988,JM,ATLETICA FIRENZE MARATHON S.S.,7 fi- 1,Genova,2007-02-24,https://www.fidal.it/atleta/CAPPETTI-Marco/faiRlJWkbmg%3D,https://www.fidal.it/societa/ATLETICA-FIRENZE-MARATHON-S-S-/FI002
8.38,8.38,e,REDAELLI Davide felice,1989,JM,PRO PATRIA MILANO,1 se- 1,Genova Palasport,2007-02-17,https://www.fidal.it/atleta/REDAELLI-Davide-felice/dq2RkpmicWo%3D,https://www.fidal.it/societa/PRO-PATRIA-MILANO/MI077
8.4,8.40,e,CAPPETTI Marco,1988,JM,ATLETICA FIRENZE MARATHON S.S.,1 su- 1,Firenze,2007-01-20,https://www.fidal.it/atleta/CAPPETTI-Marco/faiRlJWkbmg%3D,https://www.fidal.it/societa/ATLETICA-FIRENZE-MARATHON-S-S-/FI002
8.41,8.41,e,ALBERINI Alessandro,1989,JM,G.S.SELF ATL. MONTANARI GRUZZA,1 ba- 2,Modena,2007-02-03,https://www.fidal.it/atleta/ALBERINI-Alessandro/eqiRlZiia2Q%3D,https://www.fidal.it/societa/G-S-SELF-ATL--MONTANARI-GRUZZA/RE105
8.41,8.41,e,CAPPETTI Marco,1988,JM,ATLETICA FIRENZE MARATHON S.S.,3 ba- 4,Genova,2007-02-24,https://www.fidal.it/atleta/CAPPETTI-Marco/faiRlJWkbmg%3D,https://www.fidal.it/societa/ATLETICA-FIRENZE-MARATHON-S-S-/FI002
8.41,8.41,e,MUSSO Filippo,1988,JM,ATL. STUDENTESCA CA.RI.RI,6 sf- 2,Genova,2007-02-24,https://www.fidal.it/atleta/MUSSO-Filippo/h6iRlJilb2w%3D,https://www.fidal.it/societa/ATL--STUDENTESCA-CA-RI-RI/RI223
8.43,8.43,e,CASADEI Luca,1988,JM,ATL. IMOLA SACMI AVIS,1 ba- 1,Modena,2007-01-13,https://www.fidal.it/atleta/CASADEI-Luca/eqiRlJqmbmg%3D,https://www.fidal.it/societa/ATL--IMOLA-SACMI-AVIS/BO014
8.43,8.43,e,CASADEI Luca,1988,JM,ATL. IMOLA SACMI AVIS,1 fi- 1,Modena,2007-01-13,https://www.fidal.it/atleta/CASADEI-Luca/eqiRlJqmbmg%3D,https://www.fidal.it/societa/ATL--IMOLA-SACMI-AVIS/BO014
8.43,8.43,e,AMADI Alberto,1989,JM,TREVISATLETICA,3 fi- 1,Modena,2007-02-03,https://www.fidal.it/atleta/AMADI-Alberto/eKiRlZahaWs%3D,https://www.fidal.it/societa/TREVISATLETICA/TV354
8.43,8.43,e,CAVINA Federico,1989,JM,ATLETICA RAVENNA,1 ba- 1,Ancona,2007-02-10,https://www.fidal.it/atleta/CAVINA-Federico/eqiRlJunaGc%3D,https://www.fidal.it/societa/ATLETICA-RAVENNA/RA095
8.43,8.43,e,REDAELLI Davide felice,1989,JM,PRO PATRIA MILANO,3 ba- 3,Genova,2007-02-24,https://www.fidal.it/atleta/REDAELLI-Davide-felice/dq2RkpmicWo%3D,https://www.fidal.it/societa/PRO-PATRIA-MILANO/MI077
8.44,8.44,e,REDAELLI Davide felice,1989,JM,PRO PATRIA MILANO,1 fi- 1,Saronno,2007-01-21,https://www.fidal.it/atleta/REDAELLI-Davide-felice/dq2RkpmicWo%3D,https://www.fidal.it/societa/PRO-PATRIA-MILANO/MI077
8.44,8.44,e,AMADI Alberto,1989,JM,TREVISATLETICA,2 fi- 1,Padova,2007-02-10,https://www.fidal.it/atleta/AMADI-Alberto/eKiRlZahaWs%3D,https://www.fidal.it/societa/TREVISATLETICA/TV354
8.45,8.45,e,CAVINA Federico,1989,JM,ATLETICA RAVENNA,1 fi- 1,Ancona,2007-02-10,https://www.fidal.it/atleta/CAVINA-Federico/eqiRlJunaGc%3D,https://www.fidal.it/societa/ATLETICA-RAVENNA/RA095
8.46,8.46,e,ALBERINI Alessandro,1989,JM,G.S.SELF ATL. MONTANARI GRUZZA,2 ba- 1,Modena,2007-01-13,https://www.fidal.it/atleta/ALBERINI-Alessandro/eqiRlZiia2Q%3D,https://www.fidal.it/societa/G-S-SELF-ATL--MONTANARI-GRUZZA/RE105
8.46,8.46,e,ALBERINI Alessandro,1989,JM,G.S.SELF ATL. MONTANARI GRUZZA,2 fi- 1,Modena,2007-01-13,https://www.fidal.it/atleta/ALBERINI-Alessandro/eqiRlZiia2Q%3D,https://www.fidal.it/societa/G-S-SELF-ATL--MONTANARI-GRUZZA/RE105
8.46,8.46,e,PALMIERI Iacopo,1989,JM,ATL. MONTECASSIANO,3 sf- 1,Genova,2007-02-24,https://www.fidal.it/atleta/PALMIERI-Iacopo/e6iRk5KncWo%3D,https://www.fidal.it/societa/ATL--MONTECASSIANO/MC009
8.47,8.47,e,CAVINA Federico,1989,JM,ATLETICA RAVENNA,4 fi- 1,Modena,2007-02-03,https://www.fidal.it/atleta/CAVINA-Federico/eqiRlJunaGc%3D,https://www.fidal.it/societa/ATLETICA-RAVENNA/RA095
8.48,8.48,e,AMADI Alberto,1989,JM,TREVISATLETICA,2 ba- 2,Modena,2007-02-03,https://www.fidal.it/atleta/AMADI-Alberto/eKiRlZahaWs%3D,https://www.fidal.it/societa/TREVISATLETICA/TV354
8.49,8.49,e,PALMIERI Iacopo,1989,JM,ATL. MONTECASSIANO,2 ba- 1,Ancona,2007-02-10,https://www.fidal.it/atleta/PALMIERI-Iacopo/e6iRk5KncWo%3D,https://www.fidal.it/societa/ATL--MONTECASSIANO/MC009
8.5,8.50,e,BERTOLDO Filippo,1989,JM,ATL. STUDENTESCA CA.RI.RI,2 fi- 1,Ancona,2007-01-20,https://www.fidal.it/atleta/BERTOLDO-Filippo/f6iRl5OkbGU%3D,https://www.fidal.it/societa/ATL--STUDENTESCA-CA-RI-RI/RI223
8.5,8.50,e,PALMIERI Iacopo,1989,JM,ATL. MONTECASSIANO,8 fi- 1,Genova,2007-02-24,https://www.fidal.it/atleta/PALMIERI-Iacopo/e6iRk5KncWo%3D,https://www.fidal.it/societa/ATL--MONTECASSIANO/MC009
8.51,8.51,e,AMADI Alberto,1989,JM,TREVISATLETICA,3 ba- 1,Padova,2007-02-10,https://www.fidal.it/atleta/AMADI-Alberto/eKiRlZahaWs%3D,https://www.fidal.it/societa/TREVISATLETICA/TV354
8.52,8.52,e,REDAELLI Davide felice,1989,JM,PRO PATRIA MILANO,5 fi- 1,Modena,2007-02-03,https://www.fidal.it/atleta/REDAELLI-Davide-felice/dq2RkpmicWo%3D,https://www.fidal.it/societa/PRO-PATRIA-MILANO/MI077
8.53,8.53,e,ZECCHIN Luca,1989,JM,ATL. ALESSANDRIA,1 se- 2,Bra,2007-02-11,https://www.fidal.it/atleta/ZECCHIN-Luca/dKmRk5efbGo%3D,https://www.fidal.it/societa/ATL--ALESSANDRIA/AL001
8.53,8.53,e,PALMIERI Iacopo,1989,JM,ATL. MONTECASSIANO,4 ba- 3,Genova,2007-02-24,https://www.fidal.it/atleta/PALMIERI-Iacopo/e6iRk5KncWo%3D,https://www.fidal.it/societa/ATL--MONTECASSIANO/MC009
8.54,8.54,e,PALMIERI Iacopo,1989,JM,ATL. MONTECASSIANO,2 fi- 1,Ancona,2007-02-10,https://www.fidal.it/atleta/PALMIERI-Iacopo/e6iRk5KncWo%3D,https://www.fidal.it/societa/ATL--MONTECASSIANO/MC009
8.56,8.56,e,ALBERINI Alessandro,1989,JM,G.S.SELF ATL. MONTANARI GRUZZA,1 fi- 1,Mantova,2007-01-11,https://www.fidal.it/atleta/ALBERINI-Alessandro/eqiRlZiia2Q%3D,https://www.fidal.it/societa/G-S-SELF-ATL--MONTANARI-GRUZZA/RE105
8.56,8.56,e,ABRATE Roberto,1989,JM,ATLETICA CANAVESANA,1 ba- 1,Genova,2007-02-24,https://www.fidal.it/atleta/ABRATE-Roberto/dK6RlJugcGk%3D,https://www.fidal.it/societa/ATLETICA-CANAVESANA/TO015
8.57,8.57,e,CAVINA Federico,1989,JM,ATLETICA RAVENNA,3 ba- 2,Modena,2007-02-03,https://www.fidal.it/atleta/CAVINA-Federico/eqiRlJunaGc%3D,https://www.fidal.it/societa/ATLETICA-RAVENNA/RA095
8.58,8.58,e,SABA Andrea,1989,JM,POL  JOLAO IGLESIAS,1 ba- 1,Iglesias,2007-01-28,https://www.fidal.it/atleta/SABA-Andrea/iKiRk5iob2M%3D,https://www.fidal.it/societa/POL-JOLAO-IGLESIAS/CA038
8.59,8.59,e,CAPPETTI Marco,1988,JM,ATLETICA FIRENZE MARATHON S.S.,1 su- 1,Firenze,2007-01-27,https://www.fidal.it/atleta/CAPPETTI-Marco/faiRlJWkbmg%3D,https://www.fidal.it/societa/ATLETICA-FIRENZE-MARATHON-S-S-/FI002
8.59,8.59,e,CAPPETTI Marco,1988,JM,ATLETICA FIRENZE MARATHON S.S.,4 sf- 1,Genova,2007-02-24,https://www.fidal.it/atleta/CAPPETTI-Marco/faiRlJWkbmg%3D,https://www.fidal.it/societa/ATLETICA-FIRENZE-MARATHON-S-S-/FI002
8.61,8.61,e,NALOCCA John mark,1988,JM,COLLECTION ATLETICA SAMBENEDET,2 ba- 1,Genova,2007-02-24,https://www.fidal.it/atleta/NALOCCA-John-mark/e6iRk5Sla2s%3D,https://www.fidal.it/societa/COLLECTION-ATLETICA-SAMBENEDET/AP034
8.62,8.62,e,REDAELLI Davide felice,1989,JM,PRO PATRIA MILANO,1 ba- 1,Saronno,2007-01-21,https://www.fidal.it/atleta/REDAELLI-Davide-felice/dq2RkpmicWo%3D,https://www.fidal.it/societa/PRO-PATRIA-MILANO/MI077
8.62,8.62,e,DALPRA' Giacomo,1989,JM,ATL. VIRTUS  CR LUCCA,2 su- 1,Firenze,2007-01-27,https://www.fidal.it/atleta/DALPRA-Giacomo/faiSkpSlaWY%3D,https://www.fidal.it/societa/ATL--VIRTUS-CR-LUCCA/LU100
8.64,8.64,e,REDAELLI Davide felice,1989,JM,PRO PATRIA MILANO,2 ba- 1,Modena,2007-02-03,https://www.fidal.it/atleta/REDAELLI-Davide-felice/dq2RkpmicWo%3D,https://www.fidal.it/societa/PRO-PATRIA-MILANO/MI077
8.64,8.64,e,ABRATE Roberto,1989,JM,ATLETICA CANAVESANA,5 sf- 1,Genova,2007-02-24,https://www.fidal.it/atleta/ABRATE-Roberto/dK6RlJugcGk%3D,https://www.fidal.it/societa/ATLETICA-CANAVESANA/TO015
8.66,8.66,e,DALPRA' Giacomo,1989,JM,ATL. VIRTUS  CR LUCCA,6 sf- 1,Genova,2007-02-24,https://www.fidal.it/atleta/DALPRA-Giacomo/faiSkpSlaWY%3D,https://www.fidal.it/societa/ATL--VIRTUS-CR-LUCCA/LU100
8.67,8.67,e,DALPRA' Giacomo,1989,JM,ATL. VIRTUS  CR LUCCA,3 ba- 1,Genova,2007-02-24,https://www.fidal.it/atleta/DALPRA-Giacomo/faiSkpSlaWY%3D,https://www.fidal.it/societa/ATL--VIRTUS-CR-LUCCA/LU100
8.67,8.67,e,MUSSO Filippo,1988,JM,ATL. STUDENTESCA CA.RI.RI,3 ba- 2,Genova,2007-02-24,https://www.fidal.it/atleta/MUSSO-Filippo/h6iRlJilb2w%3D,https://www.fidal.it/societa/ATL--STUDENTESCA-CA-RI-RI/RI223
8.68,8.68,e,VENTILII Antonio,1989,JM,COLLECTION ATLETICA SAMBENEDET,1 ba- 1,Ancona,2007-02-07,https://www.fidal.it/atleta/VENTILII-Antonio/e6iRk5ama2w%3D,https://www.fidal.it/societa/COLLECTION-ATLETICA-SAMBENEDET/AP034
8.68,8.68,e,PALMIERI Iacopo,1989,JM,ATL. MONTECASSIANO,2 ba- 1,Ancona,2007-02-07,https://www.fidal.it/atleta/PALMIERI-Iacopo/e6iRk5KncWo%3D,https://www.fidal.it/societa/ATL--MONTECASSIANO/MC009
8.68,8.68,e,PACE Guglielmo,1989,JM,ATLETICA ALTO GARDA E LEDRO,7 sf- 2,Genova,2007-02-24,https://www.fidal.it/atleta/PACE-Guglielmo/d6iRkpemcWs%3D,https://www.fidal.it/societa/ATLETICA-ALTO-GARDA-E-LEDRO/TN135
8.7,8.70,e,BERTOLDO Filippo,1989,JM,ATL. STUDENTESCA CA.RI.RI,2 ba- 1,Ancona,2007-01-20,https://www.fidal.it/atleta/BERTOLDO-Filippo/f6iRl5OkbGU%3D,https://www.fidal.it/societa/ATL--STUDENTESCA-CA-RI-RI/RI223
8.72,8.72,e,ALBERINI Alessandro,1989,JM,G.S.SELF ATL. MONTANARI GRUZZA,1 sf- 1,Mantova,2007-01-11,https://www.fidal.it/atleta/ALBERINI-Alessandro/eqiRlZiia2Q%3D,https://www.fidal.it/societa/G-S-SELF-ATL--MONTANARI-GRUZZA/RE105
8.73,8.73,e,PACE Guglielmo,1989,JM,ATLETICA ALTO GARDA E LEDRO,5 ba- 3,Genova,2007-02-24,https://www.fidal.it/atleta/PACE-Guglielmo/d6iRkpemcWs%3D,https://www.fidal.it/societa/ATLETICA-ALTO-GARDA-E-LEDRO/TN135
8.74,8.74,e,ABRATE Roberto,1989,JM,ATLETICA CANAVESANA,2 fi- 1,Saronno,2007-01-21,https://www.fidal.it/atleta/ABRATE-Roberto/dK6RlJugcGk%3D,https://www.fidal.it/societa/ATLETICA-CANAVESANA/TO015
8.75,8.75,e,PETRUNGARO Lorenzo,1988,JM,ALTO LAZIO A.S.D.,8 sf- 2,Genova,2007-02-24,https://www.fidal.it/atleta/PETRUNGARO-Lorenzo/f6iRl5OmcGk%3D,https://www.fidal.it/societa/ALTO-LAZIO-A-S-D-/VT501
8.78,8.78,e,PETRUNGARO Lorenzo,1988,JM,ALTO LAZIO A.S.D.,6 ba- 3,Genova,2007-02-24,https://www.fidal.it/atleta/PETRUNGARO-Lorenzo/f6iRl5OmcGk%3D,https://www.fidal.it/societa/ALTO-LAZIO-A-S-D-/VT501
8.8,8.80,e,ABRATE Roberto,1989,JM,ATLETICA CANAVESANA,2 ba- 1,Saronno,2007-01-21,https://www.fidal.it/atleta/ABRATE-Roberto/dK6RlJugcGk%3D,https://www.fidal.it/societa/ATLETICA-CANAVESANA/TO015
8.81,8.81,e,PACE Guglielmo,1989,JM,ATLETICA ALTO GARDA E LEDRO,1 ba- 1,Pergine,2007-02-10,https://www.fidal.it/atleta/PACE-Guglielmo/d6iRkpemcWs%3D,https://www.fidal.it/societa/ATLETICA-ALTO-GARDA-E-LEDRO/TN135
8.84,8.84,e,VENIERI Andrea,1988,JM,ATL. IMOLA SACMI AVIS,6 fi- 1,Modena,2007-02-03,https://www.fidal.it/atleta/VENIERI-Andrea/eqiRlJSicWQ%3D,https://www.fidal.it/societa/ATL--IMOLA-SACMI-AVIS/BO014
8.85,8.85,e,ACETI Giacomo,1989,JM,CUS DEI LAGHI - ATL. VARESE,4 ba- 4,Genova,2007-02-24,https://www.fidal.it/atleta/ACETI-Giacomo/drKRkpOkbmk%3D,https://www.fidal.it/societa/CUS-DEI-LAGHI-ATL--VARESE/VA123
8.86,8.86,e,DALPRA' Giacomo,1989,JM,ATL. VIRTUS  CR LUCCA,2 su- 1,Firenze,2007-01-20,https://www.fidal.it/atleta/DALPRA-Giacomo/faiSkpSlaWY%3D,https://www.fidal.it/societa/ATL--VIRTUS-CR-LUCCA/LU100
8.86,8.86,e,STANGANELLO Giuseppe,1989,JM,ASI ATL.MINNITI,4 ba- 1,Padova,2007-02-10,https://www.fidal.it/atleta/STANGANELLO-Giuseppe/hqiRk5KhcWk%3D,https://www.fidal.it/societa/ASI-ATL-MINNITI/RC033
8.87,8.87,e,ACETI Giacomo,1989,JM,CUS DEI LAGHI - ATL. VARESE,1 ba- 1,Aosta,2007-02-11,https://www.fidal.it/atleta/ACETI-Giacomo/drKRkpOkbmk%3D,https://www.fidal.it/societa/CUS-DEI-LAGHI-ATL--VARESE/VA123
8.9,8.90,e,GALLINA Andrea,1989,JM,TEAM ATLETICO-MERCURIO NOVARA,2 se- 1,Genova Palasport,2007-02-17,https://www.fidal.it/atleta/GALLINA-Andrea/dK2Rk5mmaGQ%3D,https://www.fidal.it/societa/TEAM-ATLETICO-MERCURIO-NOVARA/NO020
8.91,8.91,e,SCARMAGNANI Mattia,1988,JM,FONDAZIONE M. BENTEGODI,4 ba- 1,Genova,2007-02-24,https://www.fidal.it/atleta/SCARMAGNANI-Mattia/eKiRlZajb2Y%3D,https://www.fidal.it/societa/FONDAZIONE-M--BENTEGODI/VR784
8.91,8.91,e,ACETI Giacomo,1989,JM,CUS DEI LAGHI - ATL. VARESE,7 sf- 1,Genova,2007-02-24,https://www.fidal.it/atleta/ACETI-Giacomo/drKRkpOkbmk%3D,https://www.fidal.it/societa/CUS-DEI-LAGHI-ATL--VARESE/VA123
8.92,8.92,e,VENTILII Antonio,1989,JM,COLLECTION ATLETICA SAMBENEDET,4 ba- 2,Genova,2007-02-24,https://www.fidal.it/atleta/VENTILII-Antonio/e6iRk5ama2w%3D,https://www.fidal.it/societa/COLLECTION-ATLETICA-SAMBENEDET/AP034
8.93,8.93,e,SCARMAGNANI Mattia,1988,JM,FONDAZIONE M. BENTEGODI,5 ba- 1,Padova,2007-02-10,https://www.fidal.it/atleta/SCARMAGNANI-Mattia/eKiRlZajb2Y%3D,https://www.fidal.it/societa/FONDAZIONE-M--BENTEGODI/VR784
8.94,8.94,e,VENIERI Andrea,1988,JM,ATL. IMOLA SACMI AVIS,3 ba- 1,Modena,2007-02-03,https://www.fidal.it/atleta/VENIERI-Andrea/eqiRlJSicWQ%3D,https://www.fidal.it/societa/ATL--IMOLA-SACMI-AVIS/BO014
8.95,8.7,m,ESPOSITO Gianpasquale,1988,JM,A.S.D. AGG. HINNA,1 su- 1,Napoli,2007-02-17,https://www.fidal.it/atleta/ESPOSITO-Gianpasquale/gKiRlZOjaGk%3D,https://www.fidal.it/societa/A-S-D--AGG--HINNA/NA014
8.95,8.95,e,BUCOVAZ Andrea,1989,JM,ATLETICA UDINESE MALIGNANI,1 se- 1,Udine,2007-02-17,https://www.fidal.it/atleta/BUCOVAZ-Andrea/eayRkpqmamo%3D,https://www.fidal.it/societa/ATLETICA-UDINESE-MALIGNANI/UD030
8.96,8.96,e,INVERNIZZI Ivan,1989,JM,ATL. LECCO-COLOMBO COSTRUZ.,3 ba- 1,Saronno,2007-01-21,https://www.fidal.it/atleta/INVERNIZZI-Ivan/dquRkpShbGU%3D,https://www.fidal.it/societa/ATL--LECCO-COLOMBO-COSTRUZ-/CO208
8.96,8.96,e,ACETI Giacomo,1989,JM,CUS DEI LAGHI - ATL. VARESE,1 fi- 1,Aosta,2007-02-11,https://www.fidal.it/atleta/ACETI-Giacomo/drKRkpOkbmk%3D,https://www.fidal.it/societa/CUS-DEI-LAGHI-ATL--VARESE/VA123
8.99,8.99,e,DOTOLO Matteo,1989,JM,TOSCANA ATLETICA,3 su- 1,Firenze,2007-01-27,https://www.fidal.it/atleta/DOTOLO-Matteo/faiRlJimb2k%3D,https://www.fidal.it/societa/TOSCANA-ATLETICA/FI018
9.0,9.00,e,VENTILII Antonio,1989,JM,COLLECTION ATLETICA SAMBENEDET,3 fi- 1,Ancona,2007-01-20,https://www.fidal.it/atleta/VENTILII-Antonio/e6iRk5ama2w%3D,https://www.fidal.it/societa/COLLECTION-ATLETICA-SAMBENEDET/AP034
9.02,9.02,e,FAUSTI Federico,1988,JM,ATL. VIRTUS CASTENEDOLO,1 fi- 1,Castenedolo,2007-01-28,https://www.fidal.it/atleta/FAUSTI-Federico/dqqRlpqlamY%3D,https://www.fidal.it/societa/ATL--VIRTUS-CASTENEDOLO/BS575
9.03,9.03,e,INVERNIZZI Ivan,1989,JM,ATL. LECCO-COLOMBO COSTRUZ.,5 ba- 4,Genova,2007-02-24,https://www.fidal.it/atleta/INVERNIZZI-Ivan/dquRkpShbGU%3D,https://www.fidal.it/societa/ATL--LECCO-COLOMBO-COSTRUZ-/CO208
9.06,9.06,e,ESPOSITO Gianpasquale,1988,JM,A.S.D. AGG. HINNA,5 ba- 2,Genova,2007-02-24,https://www.fidal.it/atleta/ESPOSITO-Gianpasquale/gKiRlZOjaGk%3D,https://www.fidal.it/societa/A-S-D--AGG--HINNA/NA014
9.07,9.07,e,FAUSTI Federico,1988,JM,ATL. VIRTUS CASTENEDOLO,1 ba- 1,Castenedolo,2007-01-28,https://www.fidal.it/atleta/FAUSTI-Federico/dqqRlpqlamY%3D,https://www.fidal.it/societa/ATL--VIRTUS-CASTENEDOLO/BS575
9.08,9.08,e,VENIERI Andrea,1988,JM,ATL. IMOLA SACMI AVIS,3 fi- 1,Modena,2007-01-13,https://www.fidal.it/atleta/VENIERI-Andrea/eqiRlJSicWQ%3D,https://www.fidal.it/societa/ATL--IMOLA-SACMI-AVIS/BO014
9.08,9.08,e,MIGLIOLI Enrico,1989,JM,S.G.LA PATRIA 1879 CARPI,4 ba- 1,Modena,2007-01-13,https://www.fidal.it/atleta/MIGLIOLI-Enrico/eqiRlZena2s%3D,https://www.fidal.it/societa/S-G-LA-PATRIA-1879-CARPI/MO057
9.08,9.08,e,FAUSTI Federico,1988,JM,ATL. VIRTUS CASTENEDOLO,4 fi- 1,Modena,2007-01-13,https://www.fidal.it/atleta/FAUSTI-Federico/dqqRlpqlamY%3D,https://www.fidal.it/societa/ATL--VIRTUS-CASTENEDOLO/BS575
9.08,9.08,e,VENIERI Andrea,1988,JM,ATL. IMOLA SACMI AVIS,5 ba- 1,Modena,2007-01-13,https://www.fidal.it/atleta/VENIERI-Andrea/eqiRlJSicWQ%3D,https://www.fidal.it/societa/ATL--IMOLA-SACMI-AVIS/BO014
9.08,9.08,e,PALMIERI Francesco,1989,JM,ATL.SANGIORGESE TECNOLIFT R.R.,4 fi- 1,Ancona,2007-01-20,https://www.fidal.it/atleta/PALMIERI-Francesco/e6iRk5OkbGY%3D,https://www.fidal.it/societa/ATL-SANGIORGESE-TECNOLIFT-R-R-/FM002
9.09,9.09,e,STARA Filippo,1988,JM,POL LIBERTAS CAMPIDANO,1 ba- 1,Iglesias,2007-02-11,https://www.fidal.it/atleta/STARA-Filippo/iKiRk5ancWU%3D,https://www.fidal.it/societa/POL-LIBERTAS-CAMPIDANO/CA036
9.1,9.10,e,ACETI Giacomo,1989,JM,CUS DEI LAGHI - ATL. VARESE,3 fi- 1,Saronno,2007-01-21,https://www.fidal.it/atleta/ACETI-Giacomo/drKRkpOkbmk%3D,https://www.fidal.it/societa/CUS-DEI-LAGHI-ATL--VARESE/VA123
9.12,9.12,e,MAGNINI Stefano,1988,JM,CUS DEI LAGHI - ATL. VARESE,2 ba- 2,Saronno,2007-01-21,https://www.fidal.it/atleta/MAGNINI-Stefano/drKRkpKla2o%3D,https://www.fidal.it/societa/CUS-DEI-LAGHI-ATL--VARESE/VA123
9.12,9.12,e,ACETI Giacomo,1989,JM,CUS DEI LAGHI - ATL. VARESE,4 ba- 1,Saronno,2007-01-21,https://www.fidal.it/atleta/ACETI-Giacomo/drKRkpOkbmk%3D,https://www.fidal.it/societa/CUS-DEI-LAGHI-ATL--VARESE/VA123
9.12,9.12,e,INVERNIZZI Ivan,1989,JM,ATL. LECCO-COLOMBO COSTRUZ.,4 fi- 1,Saronno,2007-01-21,https://www.fidal.it/atleta/INVERNIZZI-Ivan/dquRkpShbGU%3D,https://www.fidal.it/societa/ATL--LECCO-COLOMBO-COSTRUZ-/CO208
9.12,9.12,e,STARA Filippo,1988,JM,POL LIBERTAS CAMPIDANO,5 ba- 1,Genova,2007-02-24,https://www.fidal.it/atleta/STARA-Filippo/iKiRk5ancWU%3D,https://www.fidal.it/societa/POL-LIBERTAS-CAMPIDANO/CA036
9.13,9.13,e,VENIERI Andrea,1988,JM,ATL. IMOLA SACMI AVIS,6 ba- 4,Genova,2007-02-24,https://www.fidal.it/atleta/VENIERI-Andrea/eqiRlJSicWQ%3D,https://www.fidal.it/societa/ATL--IMOLA-SACMI-AVIS/BO014
9.14,9.14,e,ZUCCHINI Matteo,1989,JM,ATL. BERGAMO 1959 CREBERG,4 ba- 2,Modena,2007-02-03,https://www.fidal.it/atleta/ZUCCHINI-Matteo/dqqRkpKgbGk%3D,https://www.fidal.it/societa/ATL--BERGAMO-1959-CREBERG/BG003
9.14,9.14,e,STARA Filippo,1988,JM,POL LIBERTAS CAMPIDANO,1 fi- 1,Iglesias,2007-02-11,https://www.fidal.it/atleta/STARA-Filippo/iKiRk5ancWU%3D,https://www.fidal.it/societa/POL-LIBERTAS-CAMPIDANO/CA036
9.17,9.17,e,PALMIERI Francesco,1989,JM,ATL.SANGIORGESE TECNOLIFT R.R.,1 fi- 1,Ancona,2007-02-07,https://www.fidal.it/atleta/PALMIERI-Francesco/e6iRk5OkbGY%3D,https://www.fidal.it/societa/ATL-SANGIORGESE-TECNOLIFT-R-R-/FM002
9.26,9.26,e,ZUCCHINI Matteo,1989,JM,ATL. BERGAMO 1959 CREBERG,2 ba- 1,Castenedolo,2007-01-28,https://www.fidal.it/atleta/ZUCCHINI-Matteo/dqqRkpKgbGk%3D,https://www.fidal.it/societa/ATL--BERGAMO-1959-CREBERG/BG003
9.26,9.26,e,CREVACORE Stefano,1969,SM35,ATLETICA VERCELLI 78,1 se- 1,Ancona,2007-03-02,https://www.fidal.it/atleta/CREVACORE-Stefano/dKiRkpKjaWk%3D,https://www.fidal.it/societa/ATLETICA-VERCELLI-78/VC004
9.27,9.27,e,BUCOVAZ Andrea,1989,JM,ATLETICA UDINESE MALIGNANI,7 ba- 4,Genova,2007-02-24,https://www.fidal.it/atleta/BUCOVAZ-Andrea/eayRkpqmamo%3D,https://www.fidal.it/societa/ATLETICA-UDINESE-MALIGNANI/UD030
9.3,9.30,e,ZUCCHINI Matteo,1989,JM,ATL. BERGAMO 1959 CREBERG,2 fi- 1,Castenedolo,2007-01-28,https://www.fidal.it/atleta/ZUCCHINI-Matteo/dqqRkpKgbGk%3D,https://www.fidal.it/societa/ATL--BERGAMO-1959-CREBERG/BG003
9.32,9.32,e,ZUCCHINI Matteo,1989,JM,ATL. BERGAMO 1959 CREBERG,1 fi- 2,Modena,2007-02-03,https://www.fidal.it/atleta/ZUCCHINI-Matteo/dqqRkpKgbGk%3D,https://www.fidal.it/societa/ATL--BERGAMO-1959-CREBERG/BG003
9.41,9.41,e,PALMIERI Francesco,1989,JM,ATL.SANGIORGESE TECNOLIFT R.R.,3 ba- 1,Ancona,2007-02-07,https://www.fidal.it/atleta/PALMIERI-Francesco/e6iRk5OkbGY%3D,https://www.fidal.it/societa/ATL-SANGIORGESE-TECNOLIFT-R-R-/FM002
9.42,9.42,e,CARBONERA Filippo,1988,JM,N.ATL. FANFULLA LODIGIANA,3 ba- 2,Saronno,2007-01-21,https://www.fidal.it/atleta/CARBONERA-Filippo/dq2RkpWmbms%3D,https://www.fidal.it/societa/N-ATL--FANFULLA-LODIGIANA/MI218
9.43,9.43,e,PALMIERI Francesco,1989,JM,ATL.SANGIORGESE TECNOLIFT R.R.,3 ba- 1,Ancona,2007-01-20,https://www.fidal.it/atleta/PALMIERI-Francesco/e6iRk5OkbGY%3D,https://www.fidal.it/societa/ATL-SANGIORGESE-TECNOLIFT-R-R-/FM002
9.55,9.3,m,ROSA Giacomo,1989,JM,A.S.D. LIB. POL. AMAT. ATL. BN,1 su- 1,Napoli,2007-01-14,https://www.fidal.it/atleta/ROSA-Giacomo/gKiRlZajbGk%3D,https://www.fidal.it/societa/A-S-D--LIB--POL--AMAT--ATL--BN/BN026
9.55,9.3,m,ROSA Giacomo,1989,JM,A.S.D. LIB. POL. AMAT. ATL. BN,2 su- 1,Napoli,2007-02-17,https://www.fidal.it/atleta/ROSA-Giacomo/gKiRlZajbGk%3D,https://www.fidal.it/societa/A-S-D--LIB--POL--AMAT--ATL--BN/BN026
9.56,9.56,e,BRUNORI Marco,1989,JM,ATLETICA SANDRO CALVESI,1 se- 1,Aosta,2007-02-17,https://www.fidal.it/atleta/BRUNORI-Marco/jKiRkpWhbWU%3D,https://www.fidal.it/societa/ATLETICA-SANDRO-CALVESI/AO004
9.6,9.60,e,BRUNORI Marco,1989,JM,ATLETICA SANDRO CALVESI,1 ba- 1,Aosta,2007-03-04,https://www.fidal.it/atleta/BRUNORI-Marco/jKiRkpWhbWU%3D,https://www.fidal.it/societa/ATLETICA-SANDRO-CALVESI/AO004
9.65,9.65,e,BRUNORI Marco,1989,JM,ATLETICA SANDRO CALVESI,1 fi- 1,Aosta,2007-03-04,https://www.fidal.it/atleta/BRUNORI-Marco/jKiRkpWhbWU%3D,https://www.fidal.it/societa/ATLETICA-SANDRO-CALVESI/AO004
9.87,9.87,e,GRIMALDO Emanuele,1988,JM,S.A.F. BOLZANO,4 se- 1,Monaco,2007-03-11,https://www.fidal.it/atleta/GRIMALDO-Emanuele/iaiRkpafaWU%3D,https://www.fidal.it/societa/S-A-F--BOLZANO/BZ018
9.97,9.97,e,GRIMALDO Emanuele,1988,JM,S.A.F. BOLZANO,2 ba- 1,Pergine,2007-02-10,https://www.fidal.it/atleta/GRIMALDO-Emanuele/iaiRkpafaWU%3D,https://www.fidal.it/societa/S-A-F--BOLZANO/BZ018
10.21,10.21,e,GRIMALDO Marco,1988,JM,S.A.F. BOLZANO,3 ba- 1,Pergine,2007-02-10,https://www.fidal.it/atleta/GRIMALDO-Marco/iaiRkpafaWY%3D,https://www.fidal.it/societa/S-A-F--BOLZANO/BZ018
10.38,10.38,e,GRIMALDO Marco,1988,JM,S.A.F. BOLZANO,5 se- 1,Monaco,2007-03-11,https://www.fidal.it/atleta/GRIMALDO-Marco/iaiRkpafaWY%3D,https://www.fidal.it/societa/S-A-F--BOLZANO/BZ018
10.92,10.92,e,BALESTRINI Andrea,1988,JM,O.S.A. SARONNO LIB.,4 ba- 2,Saronno,2007-01-21,https://www.fidal.it/atleta/BALESTRINI-Andrea/drKRkpWjcGQ%3D,https://www.fidal.it/societa/O-S-A--SARONNO-LIB-/VA119
7.92,7.92,e,ZECCHIN Luca,1989,JM,ATL. ALESSANDRIA,1 fi- 1,Halle,2008-03-01,https://www.fidal.it/atleta/ZECCHIN-Luca/dKmRk5efbGo%3D,https://www.fidal.it/societa/ATL--ALESSANDRIA/AL001
7.94,7.94,e,ZECCHIN Luca,1989,JM,ATL. ALESSANDRIA,2 ba- 1,Halle,2008-03-01,https://www.fidal.it/atleta/ZECCHIN-Luca/dKmRk5efbGo%3D,https://www.fidal.it/societa/ATL--ALESSANDRIA/AL001
8.02,8.02,e,REDAELLI Davide felice,1989,JM,PRO PATRIA CUS MILANO,4 ba- 1,Halle,2008-03-01,https://www.fidal.it/atleta/REDAELLI-Davide-felice/dq2RkpmicWo%3D,https://www.fidal.it/societa/PRO-PATRIA-CUS-MILANO/MI077
8.03,8.03,e,ZECCHIN Luca,1989,JM,ATL. ALESSANDRIA,1 sf- 1,Ancona,2008-02-09,https://www.fidal.it/atleta/ZECCHIN-Luca/dKmRk5efbGo%3D,https://www.fidal.it/societa/ATL--ALESSANDRIA/AL001
8.04,8.04,e,REDAELLI Davide felice,1989,JM,PRO PATRIA CUS MILANO,4 fi- 1,Halle,2008-03-01,https://www.fidal.it/atleta/REDAELLI-Davide-felice/dq2RkpmicWo%3D,https://www.fidal.it/societa/PRO-PATRIA-CUS-MILANO/MI077
8.08,8.08,e,CAVINA Federico,1989,JM,ATLETICA RAVENNA,1 fi- 1,Ancona,2008-02-09,https://www.fidal.it/atleta/CAVINA-Federico/eqiRlJunaGc%3D,https://www.fidal.it/societa/ATLETICA-RAVENNA/RA095
8.1,8.10,e,REDAELLI Davide felice,1989,JM,PRO PATRIA CUS MILANO,2 fi- 1,Ancona,2008-02-09,https://www.fidal.it/atleta/REDAELLI-Davide-felice/dq2RkpmicWo%3D,https://www.fidal.it/societa/PRO-PATRIA-CUS-MILANO/MI077
8.1,8.10,e,ZECCHIN Luca,1989,JM,ATL. ALESSANDRIA,3 fi- 1,Ancona,2008-02-09,https://www.fidal.it/atleta/ZECCHIN-Luca/dKmRk5efbGo%3D,https://www.fidal.it/societa/ATL--ALESSANDRIA/AL001
8.11,8.11,e,LUCCHI CASADEI Nicola,1990,JM,ATL. ENDAS  CESENA,4 fi- 1,Ancona,2008-02-09,https://www.fidal.it/atleta/LUCCHI-CASADEI-Nicola/eqiRlZSnb2U%3D,https://www.fidal.it/societa/ATL--ENDAS-CESENA/FC049
8.15,8.15,e,REDAELLI Davide felice,1989,JM,PRO PATRIA CUS MILANO,1 sf- 2,Ancona,2008-02-09,https://www.fidal.it/atleta/REDAELLI-Davide-felice/dq2RkpmicWo%3D,https://www.fidal.it/societa/PRO-PATRIA-CUS-MILANO/MI077
8.16,8.16,e,ZECCHIN Luca,1989,JM,ATL. ALESSANDRIA,1 ba- 2,Ancona,2008-02-09,https://www.fidal.it/atleta/ZECCHIN-Luca/dKmRk5efbGo%3D,https://www.fidal.it/societa/ATL--ALESSANDRIA/AL001
8.16,8.16,e,REDAELLI Davide felice,1989,JM,PRO PATRIA CUS MILANO,1 ba- 4,Ancona,2008-02-09,https://www.fidal.it/atleta/REDAELLI-Davide-felice/dq2RkpmicWo%3D,https://www.fidal.it/societa/PRO-PATRIA-CUS-MILANO/MI077
8.17,8.17,e,LUCCHI CASADEI Nicola,1990,JM,ATL. ENDAS  CESENA,1 fi- 1,Ancona,2008-01-27,https://www.fidal.it/atleta/LUCCHI-CASADEI-Nicola/eqiRlZSnb2U%3D,https://www.fidal.it/societa/ATL--ENDAS-CESENA/FC049
8.18,8.18,e,MANTOVANI Giovanni,1990,JM,SPORT ATL. FERMO,1 se- 2,Ancona,2008-01-24,https://www.fidal.it/atleta/MANTOVANI-Giovanni/e6iRk5elcGQ%3D,https://www.fidal.it/societa/SPORT-ATL--FERMO/FM003
8.18,8.18,e,CAVINA Federico,1989,JM,ATLETICA RAVENNA,1 ba- 1,Ancona,2008-02-09,https://www.fidal.it/atleta/CAVINA-Federico/eqiRlJunaGc%3D,https://www.fidal.it/societa/ATLETICA-RAVENNA/RA095
8.19,8.19,e,LUCCHI CASADEI Nicola,1990,JM,ATL. ENDAS  CESENA,1 se- 1,Ancona,2008-01-13,https://www.fidal.it/atleta/LUCCHI-CASADEI-Nicola/eqiRlZSnb2U%3D,https://www.fidal.it/societa/ATL--ENDAS-CESENA/FC049
8.19,8.19,e,LUCCHI CASADEI Nicola,1990,JM,ATL. ENDAS  CESENA,2 sf- 1,Ancona,2008-02-09,https://www.fidal.it/atleta/LUCCHI-CASADEI-Nicola/eqiRlZSnb2U%3D,https://www.fidal.it/societa/ATL--ENDAS-CESENA/FC049
8.21,8.21,e,MANTOVANI Giovanni,1990,JM,SPORT ATL. FERMO,2 fi- 1,Ancona,2008-01-27,https://www.fidal.it/atleta/MANTOVANI-Giovanni/e6iRk5elcGQ%3D,https://www.fidal.it/societa/SPORT-ATL--FERMO/FM003
8.21,8.21,e,DALPRA' Giacomo,1989,JM,ATLETICA FIRENZE MARATHON S.S.,1 fi- 1,Modena,2008-03-02,https://www.fidal.it/atleta/DALPRA-Giacomo/faiSkpSlaWY%3D,https://www.fidal.it/societa/ATLETICA-FIRENZE-MARATHON-S-S-/FI002
8.22,8.22,e,LUCCHI CASADEI Nicola,1990,JM,ATL. ENDAS  CESENA,1 se- 2,Ancona,2008-01-13,https://www.fidal.it/atleta/LUCCHI-CASADEI-Nicola/eqiRlZSnb2U%3D,https://www.fidal.it/societa/ATL--ENDAS-CESENA/FC049
8.23,8.23,e,LUCCHI CASADEI Nicola,1990,JM,ATL. ENDAS  CESENA,1 ba- 1,Ancona,2008-01-27,https://www.fidal.it/atleta/LUCCHI-CASADEI-Nicola/eqiRlZSnb2U%3D,https://www.fidal.it/societa/ATL--ENDAS-CESENA/FC049
8.24,8.24,e,CAVINA Federico,1989,JM,ATLETICA RAVENNA,2 sf- 2,Ancona,2008-02-09,https://www.fidal.it/atleta/CAVINA-Federico/eqiRlJunaGc%3D,https://www.fidal.it/societa/ATLETICA-RAVENNA/RA095
8.24,8.24,e,PERINI Riccardo,1990,JM,ATL. CARPENEDOLO,5 fi- 1,Ancona,2008-02-09,https://www.fidal.it/atleta/PERINI-Riccardo/dqqRkpKmaGg%3D,https://www.fidal.it/societa/ATL--CARPENEDOLO/BS278
8.24,8.24,e,PERINI Riccardo,1990,JM,ATL. CARPENEDOLO,2 fi- 1,Modena,2008-03-02,https://www.fidal.it/atleta/PERINI-Riccardo/dqqRkpKmaGg%3D,https://www.fidal.it/societa/ATL--CARPENEDOLO/BS278
8.25,8.25,e,REDAELLI Davide felice,1989,JM,PRO PATRIA CUS MILANO,1 fi- 1,Modena,2008-01-19,https://www.fidal.it/atleta/REDAELLI-Davide-felice/dq2RkpmicWo%3D,https://www.fidal.it/societa/PRO-PATRIA-CUS-MILANO/MI077
8.26,8.26,e,REDAELLI Davide felice,1989,JM,PRO PATRIA CUS MILANO,1 fi- 1,Saronno,2008-01-13,https://www.fidal.it/atleta/REDAELLI-Davide-felice/dq2RkpmicWo%3D,https://www.fidal.it/societa/PRO-PATRIA-CUS-MILANO/MI077
8.26,8.26,e,MANTOVANI Giovanni,1990,JM,SPORT ATL. FERMO,1 se- 1,Ancona,2008-01-24,https://www.fidal.it/atleta/MANTOVANI-Giovanni/e6iRk5elcGQ%3D,https://www.fidal.it/societa/SPORT-ATL--FERMO/FM003
8.26,8.26,e,DALPRA' Giacomo,1989,JM,ATLETICA FIRENZE MARATHON S.S.,3 sf- 1,Ancona,2008-02-09,https://www.fidal.it/atleta/DALPRA-Giacomo/faiSkpSlaWY%3D,https://www.fidal.it/societa/ATLETICA-FIRENZE-MARATHON-S-S-/FI002
8.27,8.27,e,CAVINA Federico,1989,JM,ATLETICA RAVENNA,3 fi- 1,Ancona,2008-01-27,https://www.fidal.it/atleta/CAVINA-Federico/eqiRlJunaGc%3D,https://www.fidal.it/societa/ATLETICA-RAVENNA/RA095
8.27,8.27,e,DEVARTI Samuele,1990,JM,A.S.D.  C.U.S. GENOVA,4 sf- 1,Ancona,2008-02-09,https://www.fidal.it/atleta/DEVARTI-Samuele/daiUlpWlaWU%3D,https://www.fidal.it/societa/A-S-D--C-U-S--GENOVA/GE002
8.28,8.28,e,REDAELLI Davide felice,1989,JM,PRO PATRIA CUS MILANO,1 ba- 1,Modena,2008-01-19,https://www.fidal.it/atleta/REDAELLI-Davide-felice/dq2RkpmicWo%3D,https://www.fidal.it/societa/PRO-PATRIA-CUS-MILANO/MI077
8.28,8.28,e,CAVINA Federico,1989,JM,ATLETICA RAVENNA,2 fi- 1,Modena,2008-01-19,https://www.fidal.it/atleta/CAVINA-Federico/eqiRlJunaGc%3D,https://www.fidal.it/societa/ATLETICA-RAVENNA/RA095
8.28,8.28,e,LUCCHI CASADEI Nicola,1990,JM,ATL. ENDAS  CESENA,1 ba- 3,Ancona,2008-02-09,https://www.fidal.it/atleta/LUCCHI-CASADEI-Nicola/eqiRlZSnb2U%3D,https://www.fidal.it/societa/ATL--ENDAS-CESENA/FC049
8.29,8.29,e,CAVINA Federico,1989,JM,ATLETICA RAVENNA,2 ba- 1,Modena,2008-01-19,https://www.fidal.it/atleta/CAVINA-Federico/eqiRlJunaGc%3D,https://www.fidal.it/societa/ATLETICA-RAVENNA/RA095
8.29,8.29,e,DALPRA' Giacomo,1989,JM,ATLETICA FIRENZE MARATHON S.S.,2 ba- 4,Ancona,2008-02-09,https://www.fidal.it/atleta/DALPRA-Giacomo/faiSkpSlaWY%3D,https://www.fidal.it/societa/ATLETICA-FIRENZE-MARATHON-S-S-/FI002
8.29,8.29,e,PERINI Riccardo,1990,JM,ATL. CARPENEDOLO,3 sf- 2,Ancona,2008-02-09,https://www.fidal.it/atleta/PERINI-Riccardo/dqqRkpKmaGg%3D,https://www.fidal.it/societa/ATL--CARPENEDOLO/BS278
8.3,8.30,e,ZANIN Alessandro,1990,JM,ATL. STUDENTESCA CA.RI.RI,4 fi- 1,Ancona,2008-01-27,https://www.fidal.it/atleta/ZANIN-Alessandro/f6iRl5Okb2M%3D,https://www.fidal.it/societa/ATL--STUDENTESCA-CA-RI-RI/RI223
8.3,8.30,e,DALPRA' Giacomo,1989,JM,ATLETICA FIRENZE MARATHON S.S.,1 ba- 2,Modena,2008-03-02,https://www.fidal.it/atleta/DALPRA-Giacomo/faiSkpSlaWY%3D,https://www.fidal.it/societa/ATLETICA-FIRENZE-MARATHON-S-S-/FI002
8.31,8.31,e,ZECCHIN Luca,1989,JM,ATL. ALESSANDRIA,1 su- 1,Aosta,2008-01-13,https://www.fidal.it/atleta/ZECCHIN-Luca/dKmRk5efbGo%3D,https://www.fidal.it/societa/ATL--ALESSANDRIA/AL001
8.31,8.31,e,CAVINA Federico,1989,JM,ATLETICA RAVENNA,2 ba- 1,Ancona,2008-01-27,https://www.fidal.it/atleta/CAVINA-Federico/eqiRlJunaGc%3D,https://www.fidal.it/societa/ATLETICA-RAVENNA/RA095
8.31,8.31,e,LUCCHI CASADEI Nicola,1990,JM,ATL. ENDAS  CESENA,1 ba- 3,Modena,2008-03-02,https://www.fidal.it/atleta/LUCCHI-CASADEI-Nicola/eqiRlZSnb2U%3D,https://www.fidal.it/societa/ATL--ENDAS-CESENA/FC049
8.32,8.32,e,REDAELLI Davide felice,1989,JM,PRO PATRIA CUS MILANO,1 ba- 2,Saronno,2008-01-13,https://www.fidal.it/atleta/REDAELLI-Davide-felice/dq2RkpmicWo%3D,https://www.fidal.it/societa/PRO-PATRIA-CUS-MILANO/MI077
8.32,8.32,e,CALVI Michele,1990,JM,G.S.SELF ATL. MONTANARI GRUZZA,1 se- 2,Ancona,2008-01-27,https://www.fidal.it/atleta/CALVI-Michele/eqiRlZWkb2c%3D,https://www.fidal.it/societa/G-S-SELF-ATL--MONTANARI-GRUZZA/RE105
8.32,8.32,e,ZANIN Alessandro,1990,JM,ATL. STUDENTESCA CA.RI.RI,3 ba- 1,Ancona,2008-01-27,https://www.fidal.it/atleta/ZANIN-Alessandro/f6iRl5Okb2M%3D,https://www.fidal.it/societa/ATL--STUDENTESCA-CA-RI-RI/RI223
8.33,8.33,e,ZANIN Alessandro,1990,JM,ATL. STUDENTESCA CA.RI.RI,1 ba- 1,Rieti,2008-01-13,https://www.fidal.it/atleta/ZANIN-Alessandro/f6iRl5Okb2M%3D,https://www.fidal.it/societa/ATL--STUDENTESCA-CA-RI-RI/RI223
8.33,8.33,e,PERINI Riccardo,1990,JM,ATL. CARPENEDOLO,1 fi- 1,Castenedolo,2008-01-20,https://www.fidal.it/atleta/PERINI-Riccardo/dqqRkpKmaGg%3D,https://www.fidal.it/societa/ATL--CARPENEDOLO/BS278
8.33,8.33,e,PERINI Riccardo,1990,JM,ATL. CARPENEDOLO,5 fi- 1,Ancona,2008-01-27,https://www.fidal.it/atleta/PERINI-Riccardo/dqqRkpKmaGg%3D,https://www.fidal.it/societa/ATL--CARPENEDOLO/BS278
8.33,8.33,e,PERINI Riccardo,1990,JM,ATL. CARPENEDOLO,2 ba- 1,Ancona,2008-02-09,https://www.fidal.it/atleta/PERINI-Riccardo/dqqRkpKmaGg%3D,https://www.fidal.it/societa/ATL--CARPENEDOLO/BS278
8.35,8.35,e,COMBI Stefano,1990,JM,GINN.MONZESE FORTI E LIBERI,6 fi- 1,Ancona,2008-02-09,https://www.fidal.it/atleta/COMBI-Stefano/dq2Rk5WfcGY%3D,https://www.fidal.it/societa/GINN-MONZESE-FORTI-E-LIBERI/MI085
8.35,8.35,e,DALPRA' Giacomo,1989,JM,ATLETICA FIRENZE MARATHON S.S.,7 fi- 1,Ancona,2008-02-09,https://www.fidal.it/atleta/DALPRA-Giacomo/faiSkpSlaWY%3D,https://www.fidal.it/societa/ATLETICA-FIRENZE-MARATHON-S-S-/FI002
8.36,8.36,e,CAVINA Federico,1989,JM,ATLETICA RAVENNA,2 se- 1,Ancona,2008-01-13,https://www.fidal.it/atleta/CAVINA-Federico/eqiRlJunaGc%3D,https://www.fidal.it/societa/ATLETICA-RAVENNA/RA095
8.36,8.36,e,COMBI Stefano,1990,JM,GINN.MONZESE FORTI E LIBERI,4 sf- 2,Ancona,2008-02-09,https://www.fidal.it/atleta/COMBI-Stefano/dq2Rk5WfcGY%3D,https://www.fidal.it/societa/GINN-MONZESE-FORTI-E-LIBERI/MI085
8.37,8.37,e,PERINI Riccardo,1990,JM,ATL. CARPENEDOLO,1 fi- 1,Castenedolo,2008-02-03,https://www.fidal.it/atleta/PERINI-Riccardo/dqqRkpKmaGg%3D,https://www.fidal.it/societa/ATL--CARPENEDOLO/BS278
8.39,8.39,e,MANTOVANI Giovanni,1990,JM,SPORT ATL. FERMO,4 ba- 1,Ancona,2008-01-27,https://www.fidal.it/atleta/MANTOVANI-Giovanni/e6iRk5elcGQ%3D,https://www.fidal.it/societa/SPORT-ATL--FERMO/FM003
8.4,8.40,e,GIULIANI Lorenzo,1990,JM,MARATHON U.O.E.I. TRIESTE,3 ba- 1,Ancona,2008-02-09,https://www.fidal.it/atleta/GIULIANI-Lorenzo/eauRkpmkcWM%3D,https://www.fidal.it/societa/MARATHON-U-O-E-I--TRIESTE/TS044
8.4,8.40,e,PERINI Riccardo,1990,JM,ATL. CARPENEDOLO,2 ba- 2,Modena,2008-03-02,https://www.fidal.it/atleta/PERINI-Riccardo/dqqRkpKmaGg%3D,https://www.fidal.it/societa/ATL--CARPENEDOLO/BS278
8.41,8.41,e,ZANIN Alessandro,1990,JM,ATL. STUDENTESCA CA.RI.RI,2 ba- 2,Ancona,2008-02-09,https://www.fidal.it/atleta/ZANIN-Alessandro/f6iRl5Okb2M%3D,https://www.fidal.it/societa/ATL--STUDENTESCA-CA-RI-RI/RI223
8.42,8.42,e,ZANIN Alessandro,1990,JM,ATL. STUDENTESCA CA.RI.RI,1 fi- 1,Rieti,2008-01-13,https://www.fidal.it/atleta/ZANIN-Alessandro/f6iRl5Okb2M%3D,https://www.fidal.it/societa/ATL--STUDENTESCA-CA-RI-RI/RI223
8.42,8.42,e,PALMIERI Iacopo,1989,JM,ATL. MONTECASSIANO,2 se- 2,Ancona,2008-01-13,https://www.fidal.it/atleta/PALMIERI-Iacopo/e6iRk5KncWo%3D,https://www.fidal.it/societa/ATL--MONTECASSIANO/MC009
8.42,8.42,e,PALMIERI Iacopo,1989,JM,ATL. MONTECASSIANO,5 sf- 1,Ancona,2008-02-09,https://www.fidal.it/atleta/PALMIERI-Iacopo/e6iRk5KncWo%3D,https://www.fidal.it/societa/ATL--MONTECASSIANO/MC009
8.42,8.42,e,ZANIN Alessandro,1990,JM,ATL. STUDENTESCA CA.RI.RI,5 sf- 2,Ancona,2008-02-09,https://www.fidal.it/atleta/ZANIN-Alessandro/f6iRl5Okb2M%3D,https://www.fidal.it/societa/ATL--STUDENTESCA-CA-RI-RI/RI223
8.43,8.43,e,DALPRA' Giacomo,1989,JM,ATLETICA FIRENZE MARATHON S.S.,3 fi- 1,Modena,2008-01-19,https://www.fidal.it/atleta/DALPRA-Giacomo/faiSkpSlaWY%3D,https://www.fidal.it/societa/ATLETICA-FIRENZE-MARATHON-S-S-/FI002
8.43,8.43,e,ABRATE Roberto,1989,JM,ATL. ALESSANDRIA,6 sf- 1,Ancona,2008-02-09,https://www.fidal.it/atleta/ABRATE-Roberto/dK6RlJugcGk%3D,https://www.fidal.it/societa/ATL--ALESSANDRIA/AL001
8.44,8.44,e,DALPRA' Giacomo,1989,JM,ATLETICA FIRENZE MARATHON S.S.,1 ba- 2,Modena,2008-01-19,https://www.fidal.it/atleta/DALPRA-Giacomo/faiSkpSlaWY%3D,https://www.fidal.it/societa/ATLETICA-FIRENZE-MARATHON-S-S-/FI002
8.44,8.44,e,COMBI Stefano,1990,JM,GINN.MONZESE FORTI E LIBERI,1 se- 1,Ancona,2008-01-27,https://www.fidal.it/atleta/COMBI-Stefano/dq2Rk5WfcGY%3D,https://www.fidal.it/societa/GINN-MONZESE-FORTI-E-LIBERI/MI085
8.44,8.44,e,DEVARTI Samuele,1990,JM,A.S.D.  C.U.S. GENOVA,1 su- 1,Aosta,2008-01-27,https://www.fidal.it/atleta/DEVARTI-Samuele/daiUlpWlaWU%3D,https://www.fidal.it/societa/A-S-D--C-U-S--GENOVA/GE002
8.44,8.44,e,PERINI Riccardo,1990,JM,ATL. CARPENEDOLO,5 ba- 1,Ancona,2008-01-27,https://www.fidal.it/atleta/PERINI-Riccardo/dqqRkpKmaGg%3D,https://www.fidal.it/societa/ATL--CARPENEDOLO/BS278
8.45,8.45,e,DEVARTI Samuele,1990,JM,A.S.D.  C.U.S. GENOVA,2 ba- 3,Ancona,2008-02-09,https://www.fidal.it/atleta/DEVARTI-Samuele/daiUlpWlaWU%3D,https://www.fidal.it/societa/A-S-D--C-U-S--GENOVA/GE002
8.45,8.45,e,COMBI Stefano,1990,JM,GINN.MONZESE FORTI E LIBERI,3 ba- 3,Ancona,2008-02-09,https://www.fidal.it/atleta/COMBI-Stefano/dq2Rk5WfcGY%3D,https://www.fidal.it/societa/GINN-MONZESE-FORTI-E-LIBERI/MI085
8.45,8.45,e,PERINI Riccardo,1990,JM,ATL. CARPENEDOLO,1 ba- 1,Padova,2008-02-17,https://www.fidal.it/atleta/PERINI-Riccardo/dqqRkpKmaGg%3D,https://www.fidal.it/societa/ATL--CARPENEDOLO/BS278
8.46,8.46,e,ZANIN Alessandro,1990,JM,ATL. STUDENTESCA CA.RI.RI,1 ba- 1,Rieti,2008-02-03,https://www.fidal.it/atleta/ZANIN-Alessandro/f6iRl5Okb2M%3D,https://www.fidal.it/societa/ATL--STUDENTESCA-CA-RI-RI/RI223
8.46,8.46,e,BUCOVAZ Andrea,1989,JM,ATLETICA UDINESE MALIGNANI,3 fi- 1,Modena,2008-03-02,https://www.fidal.it/atleta/BUCOVAZ-Andrea/eayRkpqmamo%3D,https://www.fidal.it/societa/ATLETICA-UDINESE-MALIGNANI/UD030
8.47,8.47,e,PERINI Riccardo,1990,JM,ATL. CARPENEDOLO,1 ba- 2,Castenedolo,2008-01-20,https://www.fidal.it/atleta/PERINI-Riccardo/dqqRkpKmaGg%3D,https://www.fidal.it/societa/ATL--CARPENEDOLO/BS278
8.47,8.47,e,SABA Andrea,1989,JM,POL  JOLAO IGLESIAS,3 ba- 2,Ancona,2008-02-09,https://www.fidal.it/atleta/SABA-Andrea/iKiRk5iob2M%3D,https://www.fidal.it/societa/POL-JOLAO-IGLESIAS/CA038
8.48,8.48,e,PERINI Riccardo,1990,JM,ATL. CARPENEDOLO,2 fi- 1,Saronno,2008-01-13,https://www.fidal.it/atleta/PERINI-Riccardo/dqqRkpKmaGg%3D,https://www.fidal.it/societa/ATL--CARPENEDOLO/BS278
8.48,8.48,e,CAVINA Federico,1989,JM,ATLETICA RAVENNA,3 se- 2,Ancona,2008-01-13,https://www.fidal.it/atleta/CAVINA-Federico/eqiRlJunaGc%3D,https://www.fidal.it/societa/ATLETICA-RAVENNA/RA095
8.48,8.48,e,DEVARTI Samuele,1990,JM,A.S.D.  C.U.S. GENOVA,8 fi- 1,Ancona,2008-02-09,https://www.fidal.it/atleta/DEVARTI-Samuele/daiUlpWlaWU%3D,https://www.fidal.it/societa/A-S-D--C-U-S--GENOVA/GE002
8.49,8.49,e,PALMIERI Iacopo,1989,JM,ATL. MONTECASSIANO,2 se- 1,Ancona,2008-01-24,https://www.fidal.it/atleta/PALMIERI-Iacopo/e6iRk5KncWo%3D,https://www.fidal.it/societa/ATL--MONTECASSIANO/MC009
8.5,8.50,e,PALMIERI Iacopo,1989,JM,ATL. MONTECASSIANO,2 se- 2,Ancona,2008-01-24,https://www.fidal.it/atleta/PALMIERI-Iacopo/e6iRk5KncWo%3D,https://www.fidal.it/societa/ATL--MONTECASSIANO/MC009
8.5,8.50,e,PALMIERI Iacopo,1989,JM,ATL. MONTECASSIANO,3 ba- 4,Ancona,2008-02-09,https://www.fidal.it/atleta/PALMIERI-Iacopo/e6iRk5KncWo%3D,https://www.fidal.it/societa/ATL--MONTECASSIANO/MC009
8.51,8.51,e,PERINI Riccardo,1990,JM,ATL. CARPENEDOLO,1 ba- 2,Castenedolo,2008-02-03,https://www.fidal.it/atleta/PERINI-Riccardo/dqqRkpKmaGg%3D,https://www.fidal.it/societa/ATL--CARPENEDOLO/BS278
8.53,8.53,e,ABRATE Roberto,1989,JM,ATL. ALESSANDRIA,4 fi- 1,Modena,2008-03-02,https://www.fidal.it/atleta/ABRATE-Roberto/dK6RlJugcGk%3D,https://www.fidal.it/societa/ATL--ALESSANDRIA/AL001
8.54,8.54,e,ABRATE Roberto,1989,JM,ATL. ALESSANDRIA,4 ba- 1,Ancona,2008-02-09,https://www.fidal.it/atleta/ABRATE-Roberto/dK6RlJugcGk%3D,https://www.fidal.it/societa/ATL--ALESSANDRIA/AL001
8.54,8.54,e,BUCOVAZ Andrea,1989,JM,ATLETICA UDINESE MALIGNANI,4 ba- 3,Ancona,2008-02-09,https://www.fidal.it/atleta/BUCOVAZ-Andrea/eayRkpqmamo%3D,https://www.fidal.it/societa/ATLETICA-UDINESE-MALIGNANI/UD030
8.56,8.56,e,POLITICA Fabio,1990,JM,ATL.  G.S. MIOTTI ARCISATE,3 fi- 1,Saronno,2008-01-13,https://www.fidal.it/atleta/POLITICA-Fabio/drKRkpSjcWY%3D,https://www.fidal.it/societa/ATL--G-S--MIOTTI-ARCISATE/VA394
8.56,8.56,e,DE MEZZA Cesare,1990,JM,ATL.  CENTO TORRI PAVIA,1 fi- 1,Saronno,2008-01-27,https://www.fidal.it/atleta/DE-MEZZA-Cesare/dq2Rk5Oja2w%3D,https://www.fidal.it/societa/ATL--CENTO-TORRI-PAVIA/PV110
8.56,8.56,e,SABA Andrea,1989,JM,POL  JOLAO IGLESIAS,6 sf- 2,Ancona,2008-02-09,https://www.fidal.it/atleta/SABA-Andrea/iKiRk5iob2M%3D,https://www.fidal.it/societa/POL-JOLAO-IGLESIAS/CA038
8.57,8.57,e,ABRATE Roberto,1989,JM,ATL. ALESSANDRIA,2 su- 1,Aosta,2008-01-27,https://www.fidal.it/atleta/ABRATE-Roberto/dK6RlJugcGk%3D,https://www.fidal.it/societa/ATL--ALESSANDRIA/AL001
8.57,8.57,e,SABA Andrea,1989,JM,POL  JOLAO IGLESIAS,1 fi- 1,Iglesias,2008-02-03,https://www.fidal.it/atleta/SABA-Andrea/iKiRk5iob2M%3D,https://www.fidal.it/societa/POL-JOLAO-IGLESIAS/CA038
8.57,8.57,e,BUCOVAZ Andrea,1989,JM,ATLETICA UDINESE MALIGNANI,7 sf- 2,Ancona,2008-02-09,https://www.fidal.it/atleta/BUCOVAZ-Andrea/eayRkpqmamo%3D,https://www.fidal.it/societa/ATLETICA-UDINESE-MALIGNANI/UD030
8.58,8.58,e,PERINI Riccardo,1990,JM,ATL. CARPENEDOLO,2 ba- 2,Saronno,2008-01-13,https://www.fidal.it/atleta/PERINI-Riccardo/dqqRkpKmaGg%3D,https://www.fidal.it/societa/ATL--CARPENEDOLO/BS278
8.6,8.60,e,BUCOVAZ Andrea,1989,JM,ATLETICA UDINESE MALIGNANI,1 ba- 1,Modena,2008-03-02,https://www.fidal.it/atleta/BUCOVAZ-Andrea/eayRkpqmamo%3D,https://www.fidal.it/societa/ATLETICA-UDINESE-MALIGNANI/UD030
8.61,8.61,e,GIULIANI Lorenzo,1990,JM,MARATHON U.O.E.I. TRIESTE,1 su- 1,Udine,2008-02-02,https://www.fidal.it/atleta/GIULIANI-Lorenzo/eauRkpmkcWM%3D,https://www.fidal.it/societa/MARATHON-U-O-E-I--TRIESTE/TS044
8.61,8.61,e,ACETI Giacomo,1989,JM,CUS DEI LAGHI - ATL. VARESE,4 ba- 4,Ancona,2008-02-09,https://www.fidal.it/atleta/ACETI-Giacomo/drKRkpOkbmk%3D,https://www.fidal.it/societa/CUS-DEI-LAGHI-ATL--VARESE/VA123
8.62,8.62,e,POLITICA Fabio,1990,JM,ATL.  G.S. MIOTTI ARCISATE,3 ba- 2,Saronno,2008-01-13,https://www.fidal.it/atleta/POLITICA-Fabio/drKRkpSjcWY%3D,https://www.fidal.it/societa/ATL--G-S--MIOTTI-ARCISATE/VA394
8.62,8.62,e,POLITICA Fabio,1990,JM,ATL.  G.S. MIOTTI ARCISATE,4 ba- 2,Ancona,2008-02-09,https://www.fidal.it/atleta/POLITICA-Fabio/drKRkpSjcWY%3D,https://www.fidal.it/societa/ATL--G-S--MIOTTI-ARCISATE/VA394
8.62,8.62,e,STANGANELLO Giuseppe,1989,JM,A.S.D. C.U.S. SALERNO,5 ba- 4,Ancona,2008-02-09,https://www.fidal.it/atleta/STANGANELLO-Giuseppe/hqiRk5KhcWk%3D,https://www.fidal.it/societa/A-S-D--C-U-S--SALERNO/SA265
8.62,8.62,e,GIULIANI Lorenzo,1990,JM,MARATHON U.O.E.I. TRIESTE,7 sf- 1,Ancona,2008-02-09,https://www.fidal.it/atleta/GIULIANI-Lorenzo/eauRkpmkcWM%3D,https://www.fidal.it/societa/MARATHON-U-O-E-I--TRIESTE/TS044
8.63,8.63,e,ZENONI Giacomo,1990,JM,ATL. BERGAMO 1959 CREBERG,2 fi- 1,Castenedolo,2008-01-20,https://www.fidal.it/atleta/ZENONI-Giacomo/dqmRlpqlb2g%3D,https://www.fidal.it/societa/ATL--BERGAMO-1959-CREBERG/BG003
8.63,8.63,e,POLITICA Fabio,1990,JM,ATL.  G.S. MIOTTI ARCISATE,2 fi- 1,Saronno,2008-01-27,https://www.fidal.it/atleta/POLITICA-Fabio/drKRkpSjcWY%3D,https://www.fidal.it/societa/ATL--G-S--MIOTTI-ARCISATE/VA394
8.63,8.63,e,GIULIANI Lorenzo,1990,JM,MARATHON U.O.E.I. TRIESTE,1 se- 1,Udine,2008-02-24,https://www.fidal.it/atleta/GIULIANI-Lorenzo/eauRkpmkcWM%3D,https://www.fidal.it/societa/MARATHON-U-O-E-I--TRIESTE/TS044
8.63,8.63,e,ABRATE Roberto,1989,JM,ATL. ALESSANDRIA,2 ba- 3,Modena,2008-03-02,https://www.fidal.it/atleta/ABRATE-Roberto/dK6RlJugcGk%3D,https://www.fidal.it/societa/ATL--ALESSANDRIA/AL001
8.64,8.64,e,PLANCHESTAINER Matteo,1989,JM,U.S. QUERCIA ROVERETO,4 fi- 1,Modena,2008-01-19,https://www.fidal.it/atleta/PLANCHESTAINER-Matteo/d6iRkpimb2M%3D,https://www.fidal.it/societa/U-S--QUERCIA-ROVERETO/TN109
8.65,8.65,e,DE MEZZA Cesare,1990,JM,ATL.  CENTO TORRI PAVIA,1 ba- 1,Saronno,2008-01-27,https://www.fidal.it/atleta/DE-MEZZA-Cesare/dq2Rk5Oja2w%3D,https://www.fidal.it/societa/ATL--CENTO-TORRI-PAVIA/PV110
8.66,8.66,e,BUCOVAZ Andrea,1989,JM,ATLETICA UDINESE MALIGNANI,1 se- 1,Udine,2008-01-20,https://www.fidal.it/atleta/BUCOVAZ-Andrea/eayRkpqmamo%3D,https://www.fidal.it/societa/ATLETICA-UDINESE-MALIGNANI/UD030
8.67,8.67,e,NESTI Lorenzo,1990,JM,ATL. CUS PISA,5 fi- 1,Modena,2008-03-02,https://www.fidal.it/atleta/NESTI-Lorenzo/faiRm5mfbGM%3D,https://www.fidal.it/societa/ATL--CUS-PISA/PI071
8.68,8.68,e,ZENONI Giacomo,1990,JM,ATL. BERGAMO 1959 CREBERG,6 ba- 4,Ancona,2008-02-09,https://www.fidal.it/atleta/ZENONI-Giacomo/dqmRlpqlb2g%3D,https://www.fidal.it/societa/ATL--BERGAMO-1959-CREBERG/BG003
8.68,8.68,e,PLANCHESTAINER Matteo,1989,JM,U.S. QUERCIA ROVERETO,1 fi- 2,Modena,2008-03-02,https://www.fidal.it/atleta/PLANCHESTAINER-Matteo/d6iRkpimb2M%3D,https://www.fidal.it/societa/U-S--QUERCIA-ROVERETO/TN109
8.69,8.69,e,ACETI Giacomo,1989,JM,CUS DEI LAGHI - ATL. VARESE,3 fi- 1,Saronno,2008-01-27,https://www.fidal.it/atleta/ACETI-Giacomo/drKRkpOkbmk%3D,https://www.fidal.it/societa/CUS-DEI-LAGHI-ATL--VARESE/VA123
8.7,8.70,e,DALPRA' Giacomo,1989,JM,ATLETICA FIRENZE MARATHON S.S.,1 su- 1,Firenze,2008-01-12,https://www.fidal.it/atleta/DALPRA-Giacomo/faiSkpSlaWY%3D,https://www.fidal.it/societa/ATLETICA-FIRENZE-MARATHON-S-S-/FI002
8.7,8.70,e,PALMIERI Iacopo,1989,JM,ATL. MONTECASSIANO,3 se- 1,Ancona,2008-01-13,https://www.fidal.it/atleta/PALMIERI-Iacopo/e6iRk5KncWo%3D,https://www.fidal.it/societa/ATL--MONTECASSIANO/MC009
8.7,8.70,e,ZENONI Giacomo,1990,JM,ATL. BERGAMO 1959 CREBERG,1 ba- 1,Castenedolo,2008-02-03,https://www.fidal.it/atleta/ZENONI-Giacomo/dqmRlpqlb2g%3D,https://www.fidal.it/societa/ATL--BERGAMO-1959-CREBERG/BG003
8.7,8.70,e,GAFA' Gianluca,1989,JM,EDERA ATL. FORLI,5 ba- 2,Ancona,2008-02-09,https://www.fidal.it/atleta/GAFA-Gianluca/equRkpOlbmM%3D,https://www.fidal.it/societa/EDERA-ATL--FORLI/FC038
8.7,8.70,e,ACETI Giacomo,1989,JM,CUS DEI LAGHI - ATL. VARESE,8 sf- 2,Ancona,2008-02-09,https://www.fidal.it/atleta/ACETI-Giacomo/drKRkpOkbmk%3D,https://www.fidal.it/societa/CUS-DEI-LAGHI-ATL--VARESE/VA123
8.71,8.71,e,ZENONI Giacomo,1990,JM,ATL. BERGAMO 1959 CREBERG,1 ba- 1,Castenedolo,2008-01-20,https://www.fidal.it/atleta/ZENONI-Giacomo/dqmRlpqlb2g%3D,https://www.fidal.it/societa/ATL--BERGAMO-1959-CREBERG/BG003
8.71,8.71,e,NESTI Lorenzo,1990,JM,ATL. CUS PISA,3 ba- 3,Modena,2008-03-02,https://www.fidal.it/atleta/NESTI-Lorenzo/faiRm5mfbGM%3D,https://www.fidal.it/societa/ATL--CUS-PISA/PI071
8.72,8.72,e,ABRATE Roberto,1989,JM,ATL. ALESSANDRIA,3 su- 1,Aosta,2008-01-13,https://www.fidal.it/atleta/ABRATE-Roberto/dK6RlJugcGk%3D,https://www.fidal.it/societa/ATL--ALESSANDRIA/AL001
8.72,8.72,e,POLITICA Fabio,1990,JM,ATL.  G.S. MIOTTI ARCISATE,2 ba- 1,Saronno,2008-01-27,https://www.fidal.it/atleta/POLITICA-Fabio/drKRkpSjcWY%3D,https://www.fidal.it/societa/ATL--G-S--MIOTTI-ARCISATE/VA394
8.72,8.72,e,BUCOVAZ Andrea,1989,JM,ATLETICA UDINESE MALIGNANI,2 su- 1,Udine,2008-02-02,https://www.fidal.it/atleta/BUCOVAZ-Andrea/eayRkpqmamo%3D,https://www.fidal.it/societa/ATLETICA-UDINESE-MALIGNANI/UD030
8.73,8.73,e,MARCATO Riccardo,1990,JM,ASSINDUSTRIA SPORT PADOVA,3 su- 1,Udine,2008-02-02,https://www.fidal.it/atleta/MARCATO-Riccardo/eKiRlZajbWc%3D,https://www.fidal.it/societa/ASSINDUSTRIA-SPORT-PADOVA/PD140
8.74,8.74,e,ACETI Giacomo,1989,JM,CUS DEI LAGHI - ATL. VARESE,1 ba- 1,Saronno,2008-01-13,https://www.fidal.it/atleta/ACETI-Giacomo/drKRkpOkbmk%3D,https://www.fidal.it/societa/CUS-DEI-LAGHI-ATL--VARESE/VA123
8.75,8.75,e,GIULIANI Lorenzo,1990,JM,MARATHON U.O.E.I. TRIESTE,2 se- 1,Udine,2008-01-20,https://www.fidal.it/atleta/GIULIANI-Lorenzo/eauRkpmkcWM%3D,https://www.fidal.it/societa/MARATHON-U-O-E-I--TRIESTE/TS044
8.75,8.75,e,BRUCHON Niky,1990,JM,ATLETICA GORIZIA CA. RI. FVG,5 ba- 1,Ancona,2008-02-09,https://www.fidal.it/atleta/BRUCHON-Niky/eamRkpeoaWw%3D,https://www.fidal.it/societa/ATLETICA-GORIZIA-CA--RI--FVG/GO050
8.75,8.75,e,PLANCHESTAINER Matteo,1989,JM,U.S. QUERCIA ROVERETO,3 ba- 2,Modena,2008-03-02,https://www.fidal.it/atleta/PLANCHESTAINER-Matteo/d6iRkpimb2M%3D,https://www.fidal.it/societa/U-S--QUERCIA-ROVERETO/TN109
8.76,8.76,e,COMBI Stefano,1990,JM,GINN.MONZESE FORTI E LIBERI,2 ba- 1,Saronno,2008-01-13,https://www.fidal.it/atleta/COMBI-Stefano/dq2Rk5WfcGY%3D,https://www.fidal.it/societa/GINN-MONZESE-FORTI-E-LIBERI/MI085
8.77,8.77,e,PLANCHESTAINER Matteo,1989,JM,U.S. QUERCIA ROVERETO,1 ba- 1,Modena,2008-01-12,https://www.fidal.it/atleta/PLANCHESTAINER-Matteo/d6iRkpimb2M%3D,https://www.fidal.it/societa/U-S--QUERCIA-ROVERETO/TN109
8.77,8.77,e,BRUCHON Niky,1990,JM,ATLETICA GORIZIA CA. RI. FVG,4 su- 1,Udine,2008-02-02,https://www.fidal.it/atleta/BRUCHON-Niky/eamRkpeoaWw%3D,https://www.fidal.it/societa/ATLETICA-GORIZIA-CA--RI--FVG/GO050
8.77,8.77,e,INVERNIZZI Ivan,1989,JM,ATL. LECCO-COLOMBO COSTRUZ.,5 ba- 3,Ancona,2008-02-09,https://www.fidal.it/atleta/INVERNIZZI-Ivan/dquRkpShbGU%3D,https://www.fidal.it/societa/ATL--LECCO-COLOMBO-COSTRUZ-/CO208
8.77,8.77,e,LUCCHI CASADEI Nicola,1990,JM,ATL. ENDAS  CESENA,6 fi- 1,Modena,2008-03-02,https://www.fidal.it/atleta/LUCCHI-CASADEI-Nicola/eqiRlZSnb2U%3D,https://www.fidal.it/societa/ATL--ENDAS-CESENA/FC049
8.78,8.78,e,COMBI Stefano,1990,JM,GINN.MONZESE FORTI E LIBERI,4 fi- 1,Saronno,2008-01-13,https://www.fidal.it/atleta/COMBI-Stefano/dq2Rk5WfcGY%3D,https://www.fidal.it/societa/GINN-MONZESE-FORTI-E-LIBERI/MI085
8.79,8.79,e,BUCOVAZ Andrea,1989,JM,ATLETICA UDINESE MALIGNANI,1 se- 1,Udine,2008-01-13,https://www.fidal.it/atleta/BUCOVAZ-Andrea/eayRkpqmamo%3D,https://www.fidal.it/societa/ATLETICA-UDINESE-MALIGNANI/UD030
8.8,8.80,e,CIVATI Riccardo,1990,JM,GINN.MONZESE FORTI E LIBERI,5 fi- 1,Saronno,2008-01-13,https://www.fidal.it/atleta/CIVATI-Riccardo/dq2Rk5WkbWo%3D,https://www.fidal.it/societa/GINN-MONZESE-FORTI-E-LIBERI/MI085
8.8,8.80,e,GAFA' Gianluca,1989,JM,EDERA ATL. FORLI,5 fi- 1,Modena,2008-01-19,https://www.fidal.it/atleta/GAFA-Gianluca/equRkpOlbmM%3D,https://www.fidal.it/societa/EDERA-ATL--FORLI/FC038
8.8,8.80,e,MARSI Luca,1989,JM,ATLETICA LIVORNO,2 se- 1,Ancona,2008-01-27,https://www.fidal.it/atleta/MARSI-Luca/faiRm5aiaWc%3D,https://www.fidal.it/societa/ATLETICA-LIVORNO/LI036
8.81,8.81,e,PLANCHESTAINER Matteo,1989,JM,U.S. QUERCIA ROVERETO,2 ba- 2,Modena,2008-01-19,https://www.fidal.it/atleta/PLANCHESTAINER-Matteo/d6iRkpimb2M%3D,https://www.fidal.it/societa/U-S--QUERCIA-ROVERETO/TN109
8.81,8.81,e,CIVATI Riccardo,1990,JM,GINN.MONZESE FORTI E LIBERI,2 ba- 1,Castenedolo,2008-01-20,https://www.fidal.it/atleta/CIVATI-Riccardo/dq2Rk5WkbWo%3D,https://www.fidal.it/societa/GINN-MONZESE-FORTI-E-LIBERI/MI085
8.82,8.82,e,GAFA' Gianluca,1989,JM,EDERA ATL. FORLI,6 fi- 1,Ancona,2008-01-27,https://www.fidal.it/atleta/GAFA-Gianluca/equRkpOlbmM%3D,https://www.fidal.it/societa/EDERA-ATL--FORLI/FC038
8.82,8.82,e,SABA Andrea,1989,JM,POL  JOLAO IGLESIAS,1 ba- 1,Iglesias,2008-02-03,https://www.fidal.it/atleta/SABA-Andrea/iKiRk5iob2M%3D,https://www.fidal.it/societa/POL-JOLAO-IGLESIAS/CA038
8.82,8.82,e,CHIABRERA Francesco,1990,JM,ATL. ALESSANDRIA,1 su- 1,Bra,2008-02-03,https://www.fidal.it/atleta/CHIABRERA-Francesco/dKmRk5ekbGU%3D,https://www.fidal.it/societa/ATL--ALESSANDRIA/AL001
8.83,8.83,e,PLANCHESTAINER Matteo,1989,JM,U.S. QUERCIA ROVERETO,2 fi- 1,Modena,2008-01-12,https://www.fidal.it/atleta/PLANCHESTAINER-Matteo/d6iRkpimb2M%3D,https://www.fidal.it/societa/U-S--QUERCIA-ROVERETO/TN109
8.84,8.84,e,CIVATI Riccardo,1990,JM,GINN.MONZESE FORTI E LIBERI,3 ba- 1,Saronno,2008-01-27,https://www.fidal.it/atleta/CIVATI-Riccardo/dq2Rk5WkbWo%3D,https://www.fidal.it/societa/GINN-MONZESE-FORTI-E-LIBERI/MI085
8.84,8.84,e,MARCATO Riccardo,1990,JM,ASSINDUSTRIA SPORT PADOVA,3 se- 1,Ancona,2008-01-27,https://www.fidal.it/atleta/MARCATO-Riccardo/eKiRlZajbWc%3D,https://www.fidal.it/societa/ASSINDUSTRIA-SPORT-PADOVA/PD140
8.84,8.84,e,GAFA' Gianluca,1989,JM,EDERA ATL. FORLI,2 ba- 1,Modena,2008-03-02,https://www.fidal.it/atleta/GAFA-Gianluca/equRkpOlbmM%3D,https://www.fidal.it/societa/EDERA-ATL--FORLI/FC038
8.86,8.86,e,BRUCHON Niky,1990,JM,ATLETICA GORIZIA CA. RI. FVG,2 fi- 2,Modena,2008-03-02,https://www.fidal.it/atleta/BRUCHON-Niky/eamRkpeoaWw%3D,https://www.fidal.it/societa/ATLETICA-GORIZIA-CA--RI--FVG/GO050
8.87,8.87,e,GAFA' Gianluca,1989,JM,EDERA ATL. FORLI,3 ba- 1,Modena,2008-01-19,https://www.fidal.it/atleta/GAFA-Gianluca/equRkpOlbmM%3D,https://www.fidal.it/societa/EDERA-ATL--FORLI/FC038
8.87,8.87,e,CIVATI Riccardo,1990,JM,GINN.MONZESE FORTI E LIBERI,3 fi- 1,Castenedolo,2008-01-20,https://www.fidal.it/atleta/CIVATI-Riccardo/dq2Rk5WkbWo%3D,https://www.fidal.it/societa/GINN-MONZESE-FORTI-E-LIBERI/MI085
8.88,8.88,e,GAFA' Gianluca,1989,JM,EDERA ATL. FORLI,4 se- 2,Ancona,2008-01-13,https://www.fidal.it/atleta/GAFA-Gianluca/equRkpOlbmM%3D,https://www.fidal.it/societa/EDERA-ATL--FORLI/FC038
8.88,8.88,e,ACETI Giacomo,1989,JM,CUS DEI LAGHI - ATL. VARESE,5 ba- 1,Saronno,2008-01-27,https://www.fidal.it/atleta/ACETI-Giacomo/drKRkpOkbmk%3D,https://www.fidal.it/societa/CUS-DEI-LAGHI-ATL--VARESE/VA123
8.88,8.88,e,SCOTTI FERRO Jacopo,1990,JM,ASSINDUSTRIA SPORT PADOVA,3 fi- 2,Modena,2008-03-02,https://www.fidal.it/atleta/SCOTTI-FERRO-Jacopo/eKqRkpKhb2c%3D,https://www.fidal.it/societa/ASSINDUSTRIA-SPORT-PADOVA/PD140
8.89,8.89,e,ZENONI Giacomo,1990,JM,ATL. BERGAMO 1959 CREBERG,2 fi- 1,Castenedolo,2008-02-03,https://www.fidal.it/atleta/ZENONI-Giacomo/dqmRlpqlb2g%3D,https://www.fidal.it/societa/ATL--BERGAMO-1959-CREBERG/BG003
8.89,8.89,e,BRUCHON Niky,1990,JM,ATLETICA GORIZIA CA. RI. FVG,4 ba- 3,Modena,2008-03-02,https://www.fidal.it/atleta/BRUCHON-Niky/eamRkpeoaWw%3D,https://www.fidal.it/societa/ATLETICA-GORIZIA-CA--RI--FVG/GO050
8.9,8.90,e,PLANCHESTAINER Matteo,1989,JM,U.S. QUERCIA ROVERETO,6 ba- 3,Ancona,2008-02-09,https://www.fidal.it/atleta/PLANCHESTAINER-Matteo/d6iRkpimb2M%3D,https://www.fidal.it/societa/U-S--QUERCIA-ROVERETO/TN109
8.91,8.91,e,MASTRAPASQUA Gianluca,1989,JM,POL. ROCCO SCOTELLARO MT,5 se- 2,Ancona,2008-01-13,https://www.fidal.it/atleta/MASTRAPASQUA-Gianluca/hKiSmpKfbGY%3D,https://www.fidal.it/societa/POL--ROCCO-SCOTELLARO-MT/MT023
8.91,8.91,e,GAFA' Gianluca,1989,JM,EDERA ATL. FORLI,6 ba- 1,Ancona,2008-01-27,https://www.fidal.it/atleta/GAFA-Gianluca/equRkpOlbmM%3D,https://www.fidal.it/societa/EDERA-ATL--FORLI/FC038
8.91,8.91,e,SCOTTI FERRO Jacopo,1990,JM,ASSINDUSTRIA SPORT PADOVA,4 ba- 2,Modena,2008-03-02,https://www.fidal.it/atleta/SCOTTI-FERRO-Jacopo/eKqRkpKhb2c%3D,https://www.fidal.it/societa/ASSINDUSTRIA-SPORT-PADOVA/PD140
8.92,8.92,e,GAFA' Gianluca,1989,JM,EDERA ATL. FORLI,4 se- 1,Ancona,2008-01-13,https://www.fidal.it/atleta/GAFA-Gianluca/equRkpOlbmM%3D,https://www.fidal.it/societa/EDERA-ATL--FORLI/FC038
8.93,8.93,e,INVERNIZZI Ivan,1989,JM,ATL. LECCO-COLOMBO COSTRUZ.,3 ba- 2,Modena,2008-01-19,https://www.fidal.it/atleta/INVERNIZZI-Ivan/dquRkpShbGU%3D,https://www.fidal.it/societa/ATL--LECCO-COLOMBO-COSTRUZ-/CO208
8.94,8.94,e,ALBERTI Andrea,1990,JM,ALTO LAZIO A.S.D.,1 fi- 1,Rieti,2008-02-03,https://www.fidal.it/atleta/ALBERTI-Andrea/f6iRmJqjb2o%3D,https://www.fidal.it/societa/ALTO-LAZIO-A-S-D-/VT501
8.95,8.95,e,RUFFILLI Riccardo,1989,JM,ASD U.S. ATERNO PESCARA,3 se- 1,Ancona,2008-01-24,https://www.fidal.it/atleta/RUFFILLI-Riccardo/gaiRkpqoamo%3D,https://www.fidal.it/societa/ASD-U-S--ATERNO-PESCARA/PE001
8.95,8.95,e,RUFFILLI Riccardo,1989,JM,ASD U.S. ATERNO PESCARA,3 se- 2,Ancona,2008-01-24,https://www.fidal.it/atleta/RUFFILLI-Riccardo/gaiRkpqoamo%3D,https://www.fidal.it/societa/ASD-U-S--ATERNO-PESCARA/PE001
8.95,8.95,e,SCEBI Agostino,1990,JM,A.S.D. AGG. HINNA,4 se- 1,Ancona,2008-01-27,https://www.fidal.it/atleta/SCEBI-Agostino/gKiRlZKocWY%3D,https://www.fidal.it/societa/A-S-D--AGG--HINNA/NA014
8.96,8.96,e,CIVATI Riccardo,1990,JM,GINN.MONZESE FORTI E LIBERI,3 ba- 1,Saronno,2008-01-13,https://www.fidal.it/atleta/CIVATI-Riccardo/dq2Rk5WkbWo%3D,https://www.fidal.it/societa/GINN-MONZESE-FORTI-E-LIBERI/MI085
8.96,8.96,e,INVERNIZZI Ivan,1989,JM,ATL. LECCO-COLOMBO COSTRUZ.,5 fi- 1,Saronno,2008-01-27,https://www.fidal.it/atleta/INVERNIZZI-Ivan/dquRkpShbGU%3D,https://www.fidal.it/societa/ATL--LECCO-COLOMBO-COSTRUZ-/CO208
8.97,8.97,e,BONVENTI Enrico,1990,JM,ATLETICA  MARCHE ANCONA,1 se- 1,Ancona,2008-01-17,https://www.fidal.it/atleta/BONVENTI-Enrico/e6iRk5emcWQ%3D,https://www.fidal.it/societa/ATLETICA-MARCHE-ANCONA/AN010
8.97,8.97,e,CASTRO Nicolo',1989,JM,A.S.D. ATLETICASPEZIA CARISPE,2 se- 2,Ancona,2008-01-27,https://www.fidal.it/atleta/CASTRO-Nicolo-/daiRk5Ombmw%3D,https://www.fidal.it/societa/A-S-D--ATLETICASPEZIA-CARISPE/SP573
8.97,8.97,e,CHIABRERA Francesco,1990,JM,ATL. ALESSANDRIA,6 ba- 1,Ancona,2008-02-09,https://www.fidal.it/atleta/CHIABRERA-Francesco/dKmRk5ekbGU%3D,https://www.fidal.it/societa/ATL--ALESSANDRIA/AL001
8.97,8.97,e,SCOTTI FERRO Jacopo,1990,JM,ASSINDUSTRIA SPORT PADOVA,2 ba- 1,Padova,2008-02-17,https://www.fidal.it/atleta/SCOTTI-FERRO-Jacopo/eKqRkpKhb2c%3D,https://www.fidal.it/societa/ASSINDUSTRIA-SPORT-PADOVA/PD140
8.97,8.97,e,UNTERHAUSER Thomas,1990,JM,SSV BRUNECK BRUNICO VOLKSBANK,5 ba- 2,Modena,2008-03-02,https://www.fidal.it/atleta/UNTERHAUSER-Thomas/iaiRkpigcWQ%3D,https://www.fidal.it/societa/SSV-BRUNECK-BRUNICO-VOLKSBANK/BZ008
8.98,8.98,e,BRUCHON Niky,1990,JM,ATLETICA GORIZIA CA. RI. FVG,3 se- 1,Udine,2008-01-20,https://www.fidal.it/atleta/BRUCHON-Niky/eamRkpeoaWw%3D,https://www.fidal.it/societa/ATLETICA-GORIZIA-CA--RI--FVG/GO050
9.0,9.00,e,ACETI Giacomo,1989,JM,CUS DEI LAGHI - ATL. VARESE,6 fi- 1,Saronno,2008-01-13,https://www.fidal.it/atleta/ACETI-Giacomo/drKRkpOkbmk%3D,https://www.fidal.it/societa/CUS-DEI-LAGHI-ATL--VARESE/VA123
9.0,9.00,e,SALA Matteo gabriele,1989,JM,GINN.MONZESE FORTI E LIBERI,4 fi- 1,Castenedolo,2008-01-20,https://www.fidal.it/atleta/SALA-Matteo-gabriele/dq2RkpSgcWw%3D,https://www.fidal.it/societa/GINN-MONZESE-FORTI-E-LIBERI/MI085
9.01,9.01,e,INVERNIZZI Ivan,1989,JM,ATL. LECCO-COLOMBO COSTRUZ.,1 ba- 2,Saronno,2008-01-27,https://www.fidal.it/atleta/INVERNIZZI-Ivan/dquRkpShbGU%3D,https://www.fidal.it/societa/ATL--LECCO-COLOMBO-COSTRUZ-/CO208
9.01,9.01,e,UNTERHAUSER Thomas,1990,JM,SSV BRUNECK BRUNICO VOLKSBANK,5 fi- 2,Modena,2008-03-02,https://www.fidal.it/atleta/UNTERHAUSER-Thomas/iaiRkpigcWQ%3D,https://www.fidal.it/societa/SSV-BRUNECK-BRUNICO-VOLKSBANK/BZ008
9.02,9.02,e,MINEO Alessandro,1989,JM,ATLETICA UDINESE MALIGNANI,2 se- 1,Udine,2008-01-13,https://www.fidal.it/atleta/MINEO-Alessandro/eayRkpuhaGk%3D,https://www.fidal.it/societa/ATLETICA-UDINESE-MALIGNANI/UD030
9.02,9.02,e,MASTRAPASQUA Gianluca,1989,JM,POL. ROCCO SCOTELLARO MT,5 se- 1,Ancona,2008-01-13,https://www.fidal.it/atleta/MASTRAPASQUA-Gianluca/hKiSmpKfbGY%3D,https://www.fidal.it/societa/POL--ROCCO-SCOTELLARO-MT/MT023
9.02,9.02,e,CIVATI Riccardo,1990,JM,GINN.MONZESE FORTI E LIBERI,6 fi- 1,Saronno,2008-01-27,https://www.fidal.it/atleta/CIVATI-Riccardo/dq2Rk5WkbWo%3D,https://www.fidal.it/societa/GINN-MONZESE-FORTI-E-LIBERI/MI085
9.03,9.03,e,MOMI Federico,1990,JM,ATL.CAPANNE PRO LOCO,4 se- 2,Ancona,2008-01-24,https://www.fidal.it/atleta/MOMI-Federico/fqiRk5ilaWY%3D,https://www.fidal.it/societa/ATL-CAPANNE-PRO-LOCO/PG014
9.03,9.03,e,CIVATI Riccardo,1990,JM,GINN.MONZESE FORTI E LIBERI,6 ba- 2,Ancona,2008-02-09,https://www.fidal.it/atleta/CIVATI-Riccardo/dq2Rk5WkbWo%3D,https://www.fidal.it/societa/GINN-MONZESE-FORTI-E-LIBERI/MI085
9.03,9.03,e,AIRALE Marco,1990,JM,ATLETICA CANAVESANA,1 ba- 1,Bra,2008-02-16,https://www.fidal.it/atleta/AIRALE-Marco/dK6RlJWfams%3D,https://www.fidal.it/societa/ATLETICA-CANAVESANA/TO015
9.04,9.04,e,DI CARLO Daniele,1990,JM,ATL. STUDENTESCA CA.RI.RI,2 fi- 1,Rieti,2008-01-13,https://www.fidal.it/atleta/DI-CARLO-Daniele/f6iRlpqfa2w%3D,https://www.fidal.it/societa/ATL--STUDENTESCA-CA-RI-RI/RI223
9.04,9.04,e,ZERBINI Andrea,1990,JM,CREMONA SPORTIVA ATL. ARVEDI,4 se- 1,Ancona,2008-01-24,https://www.fidal.it/atleta/ZERBINI-Andrea/dqyRlpincGk%3D,https://www.fidal.it/societa/CREMONA-SPORTIVA-ATL--ARVEDI/CR041
9.04,9.04,e,BONVENTI Enrico,1990,JM,ATLETICA  MARCHE ANCONA,5 se- 2,Ancona,2008-01-24,https://www.fidal.it/atleta/BONVENTI-Enrico/e6iRk5emcWQ%3D,https://www.fidal.it/societa/ATLETICA-MARCHE-ANCONA/AN010
9.05,9.05,e,CHIABRERA Francesco,1990,JM,ATL. ALESSANDRIA,3 su- 1,Aosta,2008-01-27,https://www.fidal.it/atleta/CHIABRERA-Francesco/dKmRk5ekbGU%3D,https://www.fidal.it/societa/ATL--ALESSANDRIA/AL001
9.05,9.05,e,DI CARLO Daniele,1990,JM,ATL. STUDENTESCA CA.RI.RI,2 fi- 1,Rieti,2008-02-03,https://www.fidal.it/atleta/DI-CARLO-Daniele/f6iRlpqfa2w%3D,https://www.fidal.it/societa/ATL--STUDENTESCA-CA-RI-RI/RI223
9.05,9.05,e,PRAMOTTON Julien,1990,JM,ATLETICA PONT DONNAS,1 su- 1,Aosta,2008-03-02,https://www.fidal.it/atleta/PRAMOTTON-Julien/jKiRkpSnamg%3D,https://www.fidal.it/societa/ATLETICA-PONT-DONNAS/AO002
9.06,9.06,e,VOLPE Luca,1990,JM,A.S.D. FRANCESCO FRANCIA,4 ba- 2,Modena,2008-01-19,https://www.fidal.it/atleta/VOLPE-Luca/eqiRlZWib2Y%3D,https://www.fidal.it/societa/A-S-D--FRANCESCO-FRANCIA/BO015
9.07,9.07,e,BULLA Giuseppe,1989,JM,A.S.D. FRANCESCO FRANCIA,4 ba- 1,Modena,2008-01-19,https://www.fidal.it/atleta/BULLA-Giuseppe/eqiRlZifaGs%3D,https://www.fidal.it/societa/A-S-D--FRANCESCO-FRANCIA/BO015
9.07,9.07,e,BRUCHON Niky,1990,JM,ATLETICA GORIZIA CA. RI. FVG,1 se- 1,Udine,2008-01-27,https://www.fidal.it/atleta/BRUCHON-Niky/eamRkpeoaWw%3D,https://www.fidal.it/societa/ATLETICA-GORIZIA-CA--RI--FVG/GO050
9.07,9.07,e,SALA Matteo gabriele,1989,JM,GINN.MONZESE FORTI E LIBERI,2 ba- 1,Castenedolo,2008-02-03,https://www.fidal.it/atleta/SALA-Matteo-gabriele/dq2RkpSgcWw%3D,https://www.fidal.it/societa/GINN-MONZESE-FORTI-E-LIBERI/MI085
9.07,9.07,e,AIRALE Marco,1990,JM,ATLETICA CANAVESANA,1 fi- 1,Bra,2008-02-16,https://www.fidal.it/atleta/AIRALE-Marco/dK6RlJWfams%3D,https://www.fidal.it/societa/ATLETICA-CANAVESANA/TO015
9.07,9.07,e,CALLIGARO Andrea,1989,JM,ATLETICA GORIZIA CA. RI. FVG,2 se- 1,Udine,2008-02-24,https://www.fidal.it/atleta/CALLIGARO-Andrea/eamRkpihaGQ%3D,https://www.fidal.it/societa/ATLETICA-GORIZIA-CA--RI--FVG/GO050
9.08,9.08,e,DI CARLO Daniele,1990,JM,ATL. STUDENTESCA CA.RI.RI,2 ba- 1,Rieti,2008-01-13,https://www.fidal.it/atleta/DI-CARLO-Daniele/f6iRlpqfa2w%3D,https://www.fidal.it/societa/ATL--STUDENTESCA-CA-RI-RI/RI223
9.08,9.08,e,ALBERTI Andrea,1990,JM,ALTO LAZIO A.S.D.,3 ba- 1,Rieti,2008-01-13,https://www.fidal.it/atleta/ALBERTI-Andrea/f6iRmJqjb2o%3D,https://www.fidal.it/societa/ALTO-LAZIO-A-S-D-/VT501
9.08,9.08,e,DE CARLI Matteo,1989,JM,FONDAZIONE M. BENTEGODI,1 fi- 2,Modena,2008-01-19,https://www.fidal.it/atleta/DE-CARLI-Matteo/eKiRlJWlcGw%3D,https://www.fidal.it/societa/FONDAZIONE-M--BENTEGODI/VR784
9.08,9.08,e,ALBERTI Andrea,1990,JM,ALTO LAZIO A.S.D.,6 se- 2,Ancona,2008-01-24,https://www.fidal.it/atleta/ALBERTI-Andrea/f6iRmJqjb2o%3D,https://www.fidal.it/societa/ALTO-LAZIO-A-S-D-/VT501
9.08,9.08,e,ALBERTI Andrea,1990,JM,ALTO LAZIO A.S.D.,2 ba- 1,Rieti,2008-02-03,https://www.fidal.it/atleta/ALBERTI-Andrea/f6iRmJqjb2o%3D,https://www.fidal.it/societa/ALTO-LAZIO-A-S-D-/VT501
9.09,9.09,e,ZERBINI Andrea,1990,JM,CREMONA SPORTIVA ATL. ARVEDI,6 se- 1,Ancona,2008-01-13,https://www.fidal.it/atleta/ZERBINI-Andrea/dqyRlpincGk%3D,https://www.fidal.it/societa/CREMONA-SPORTIVA-ATL--ARVEDI/CR041
9.09,9.09,e,MOMI Federico,1990,JM,ATL.CAPANNE PRO LOCO,5 se- 1,Ancona,2008-01-24,https://www.fidal.it/atleta/MOMI-Federico/fqiRk5ilaWY%3D,https://www.fidal.it/societa/ATL-CAPANNE-PRO-LOCO/PG014
9.09,9.09,e,DURETTO Daniele,1990,JM,ATLETICA CANAVESANA,3 ba- 1,Modena,2008-03-02,https://www.fidal.it/atleta/DURETTO-Daniele/dK6RlJSmbWo%3D,https://www.fidal.it/societa/ATLETICA-CANAVESANA/TO015
9.1,9.10,e,RIBOLZI Marco,1989,JM,ATL.  CENTO TORRI PAVIA,2 ba- 2,Saronno,2008-01-27,https://www.fidal.it/atleta/RIBOLZI-Marco/drKRkpKiaWk%3D,https://www.fidal.it/societa/ATL--CENTO-TORRI-PAVIA/PV110
9.11,9.11,e,ZERBINI Andrea,1990,JM,CREMONA SPORTIVA ATL. ARVEDI,1 su- 1,Padova,2008-01-05,https://www.fidal.it/atleta/ZERBINI-Andrea/dqyRlpincGk%3D,https://www.fidal.it/societa/CREMONA-SPORTIVA-ATL--ARVEDI/CR041
9.11,9.11,e,ZERBINI Andrea,1990,JM,CREMONA SPORTIVA ATL. ARVEDI,6 se- 2,Ancona,2008-01-13,https://www.fidal.it/atleta/ZERBINI-Andrea/dqyRlpincGk%3D,https://www.fidal.it/societa/CREMONA-SPORTIVA-ATL--ARVEDI/CR041
9.11,9.11,e,BONVENTI Enrico,1990,JM,ATLETICA  MARCHE ANCONA,6 se- 1,Ancona,2008-01-24,https://www.fidal.it/atleta/BONVENTI-Enrico/e6iRk5emcWQ%3D,https://www.fidal.it/societa/ATLETICA-MARCHE-ANCONA/AN010
9.11,9.11,e,PINNA Federico,1990,JM,C.U.S. SASSARI,2 fi- 1,Iglesias,2008-02-03,https://www.fidal.it/atleta/PINNA-Federico/iKiSmZKjbGw%3D,https://www.fidal.it/societa/C-U-S--SASSARI/SS019
9.11,9.11,e,DI CARLO Daniele,1990,JM,ATL. STUDENTESCA CA.RI.RI,3 ba- 1,Rieti,2008-02-03,https://www.fidal.it/atleta/DI-CARLO-Daniele/f6iRlpqfa2w%3D,https://www.fidal.it/societa/ATL--STUDENTESCA-CA-RI-RI/RI223
9.12,9.12,e,PALMIERI Francesco,1989,JM,ATL.SANGIORGESE TECNOLIFT R.R.,7 se- 2,Ancona,2008-01-13,https://www.fidal.it/atleta/PALMIERI-Francesco/e6iRk5OkbGY%3D,https://www.fidal.it/societa/ATL-SANGIORGESE-TECNOLIFT-R-R-/FM002
9.12,9.12,e,BONVENTI Enrico,1990,JM,ATLETICA  MARCHE ANCONA,1 se- 2,Ancona,2008-01-17,https://www.fidal.it/atleta/BONVENTI-Enrico/e6iRk5emcWQ%3D,https://www.fidal.it/societa/ATLETICA-MARCHE-ANCONA/AN010
9.12,9.12,e,PANATO Alessandro,1989,JM,ATL.  CENTO TORRI PAVIA,3 ba- 2,Saronno,2008-01-27,https://www.fidal.it/atleta/PANATO-Alessandro/dq2RkpSicWQ%3D,https://www.fidal.it/societa/ATL--CENTO-TORRI-PAVIA/PV110
9.12,9.12,e,PINNA Federico,1990,JM,C.U.S. SASSARI,2 ba- 1,Iglesias,2008-02-03,https://www.fidal.it/atleta/PINNA-Federico/iKiSmZKjbGw%3D,https://www.fidal.it/societa/C-U-S--SASSARI/SS019
9.13,9.13,e,BULLA Giuseppe,1989,JM,A.S.D. FRANCESCO FRANCIA,2 fi- 2,Modena,2008-01-19,https://www.fidal.it/atleta/BULLA-Giuseppe/eqiRlZifaGs%3D,https://www.fidal.it/societa/A-S-D--FRANCESCO-FRANCIA/BO015
9.14,9.14,e,CHIABRERA Francesco,1990,JM,ATL. ALESSANDRIA,4 su- 1,Aosta,2008-01-13,https://www.fidal.it/atleta/CHIABRERA-Francesco/dKmRk5ekbGU%3D,https://www.fidal.it/societa/ATL--ALESSANDRIA/AL001
9.14,9.14,e,BRUNORI Marco,1989,JM,ATLETICA SANDRO CALVESI,2 su- 1,Aosta,2008-03-02,https://www.fidal.it/atleta/BRUNORI-Marco/jKiRkpWhbWU%3D,https://www.fidal.it/societa/ATLETICA-SANDRO-CALVESI/AO004
9.17,9.17,e,DE CARLI Matteo,1989,JM,FONDAZIONE M. BENTEGODI,5 ba- 1,Modena,2008-01-19,https://www.fidal.it/atleta/DE-CARLI-Matteo/eKiRlJWlcGw%3D,https://www.fidal.it/societa/FONDAZIONE-M--BENTEGODI/VR784
9.17,9.17,e,DURETTO Daniele,1990,JM,ATLETICA CANAVESANA,2 fi- 1,Bra,2008-02-16,https://www.fidal.it/atleta/DURETTO-Daniele/dK6RlJSmbWo%3D,https://www.fidal.it/societa/ATLETICA-CANAVESANA/TO015
9.18,9.18,e,SCOTTI FERRO Jacopo,1990,JM,ASSINDUSTRIA SPORT PADOVA,2 su- 1,Padova,2008-02-09,https://www.fidal.it/atleta/SCOTTI-FERRO-Jacopo/eKqRkpKhb2c%3D,https://www.fidal.it/societa/ASSINDUSTRIA-SPORT-PADOVA/PD140
9.18,9.18,e,ALBERTI Andrea,1990,JM,ALTO LAZIO A.S.D.,7 ba- 3,Ancona,2008-02-09,https://www.fidal.it/atleta/ALBERTI-Andrea/f6iRmJqjb2o%3D,https://www.fidal.it/societa/ALTO-LAZIO-A-S-D-/VT501
9.19,9.19,e,SALA Matteo gabriele,1989,JM,GINN.MONZESE FORTI E LIBERI,3 fi- 1,Castenedolo,2008-02-03,https://www.fidal.it/atleta/SALA-Matteo-gabriele/dq2RkpSgcWw%3D,https://www.fidal.it/societa/GINN-MONZESE-FORTI-E-LIBERI/MI085
9.19,9.19,e,BRUNORI Marco,1989,JM,ATLETICA SANDRO CALVESI,2 su- 1,Aosta,2008-02-17,https://www.fidal.it/atleta/BRUNORI-Marco/jKiRkpWhbWU%3D,https://www.fidal.it/societa/ATLETICA-SANDRO-CALVESI/AO004
9.2,9.20,e,PALMIERI Francesco,1989,JM,ATL.SANGIORGESE TECNOLIFT R.R.,7 se- 1,Ancona,2008-01-13,https://www.fidal.it/atleta/PALMIERI-Francesco/e6iRk5OkbGY%3D,https://www.fidal.it/societa/ATL-SANGIORGESE-TECNOLIFT-R-R-/FM002
9.22,9.22,e,SALA Matteo gabriele,1989,JM,GINN.MONZESE FORTI E LIBERI,4 ba- 2,Saronno,2008-01-27,https://www.fidal.it/atleta/SALA-Matteo-gabriele/dq2RkpSgcWw%3D,https://www.fidal.it/societa/GINN-MONZESE-FORTI-E-LIBERI/MI085
9.22,9.22,e,ZERBINI Andrea,1990,JM,CREMONA SPORTIVA ATL. ARVEDI,2 ba- 2,Castenedolo,2008-02-03,https://www.fidal.it/atleta/ZERBINI-Andrea/dqyRlpincGk%3D,https://www.fidal.it/societa/CREMONA-SPORTIVA-ATL--ARVEDI/CR041
9.24,9.24,e,VOLPE Luca,1990,JM,A.S.D. FRANCESCO FRANCIA,3 fi- 1,Modena,2008-01-12,https://www.fidal.it/atleta/VOLPE-Luca/eqiRlZWib2Y%3D,https://www.fidal.it/societa/A-S-D--FRANCESCO-FRANCIA/BO015
9.24,9.24,e,ALBERTI Andrea,1990,JM,ALTO LAZIO A.S.D.,7 se- 1,Ancona,2008-01-24,https://www.fidal.it/atleta/ALBERTI-Andrea/f6iRmJqjb2o%3D,https://www.fidal.it/societa/ALTO-LAZIO-A-S-D-/VT501
9.26,9.26,e,PRAMOTTON Julien,1990,JM,ATLETICA PONT DONNAS,4 su- 1,Aosta,2008-01-27,https://www.fidal.it/atleta/PRAMOTTON-Julien/jKiRkpSnamg%3D,https://www.fidal.it/societa/ATLETICA-PONT-DONNAS/AO002
9.27,9.27,e,LAZZARI Edoardo,1990,JM,A.S.ATHLON BASTIA,4 ba- 1,Rieti,2008-02-03,https://www.fidal.it/atleta/LAZZARI-Edoardo/fqiRk5WlcWs%3D,https://www.fidal.it/societa/A-S-ATHLON-BASTIA/PG003
9.3,9.30,e,SALA Matteo gabriele,1989,JM,GINN.MONZESE FORTI E LIBERI,4 ba- 2,Saronno,2008-01-13,https://www.fidal.it/atleta/SALA-Matteo-gabriele/dq2RkpSgcWw%3D,https://www.fidal.it/societa/GINN-MONZESE-FORTI-E-LIBERI/MI085
9.35,9.35,e,DE CARLI Matteo,1989,JM,FONDAZIONE M. BENTEGODI,3 se- 2,Ancona,2008-01-27,https://www.fidal.it/atleta/DE-CARLI-Matteo/eKiRlJWlcGw%3D,https://www.fidal.it/societa/FONDAZIONE-M--BENTEGODI/VR784
9.36,9.36,e,DELLANTONIO Luca,1990,JM,S.A.F. BOLZANO,4 ba- 1,Modena,2008-03-02,https://www.fidal.it/atleta/DELLANTONIO-Luca/iaiRkpmmb2o%3D,https://www.fidal.it/societa/S-A-F--BOLZANO/BZ018
9.37,9.37,e,POZZI Davide,1989,JM,ATLETICA ALTO FRIULI,3 se- 1,Udine,2008-02-24,https://www.fidal.it/atleta/POZZI-Davide/eayRkpqjamU%3D,https://www.fidal.it/societa/ATLETICA-ALTO-FRIULI/UD115
9.38,9.38,e,LAZZARI Edoardo,1990,JM,A.S.ATHLON BASTIA,3 fi- 1,Rieti,2008-02-03,https://www.fidal.it/atleta/LAZZARI-Edoardo/fqiRk5WlcWs%3D,https://www.fidal.it/societa/A-S-ATHLON-BASTIA/PG003
9.38,9.38,e,STRAGLIOTTO Nicola,1990,JM,ATLETICA LIBERTAS PADOVA,3 su- 1,Padova,2008-02-09,https://www.fidal.it/atleta/STRAGLIOTTO-Nicola/eKiRlJmlbWk%3D,https://www.fidal.it/societa/ATLETICA-LIBERTAS-PADOVA/PD135
9.41,9.41,e,PIAZZA Tommaso,1990,JM,PROSPORT ATL. FIRENZE,4 se- 2,Ancona,2008-01-27,https://www.fidal.it/atleta/PIAZZA-Tommaso/faiRm5aha2c%3D,https://www.fidal.it/societa/PROSPORT-ATL--FIRENZE/FI009
9.42,9.42,e,VOLPE Luca,1990,JM,A.S.D. FRANCESCO FRANCIA,3 fi- 2,Modena,2008-01-19,https://www.fidal.it/atleta/VOLPE-Luca/eqiRlZWib2Y%3D,https://www.fidal.it/societa/A-S-D--FRANCESCO-FRANCIA/BO015
9.44,9.44,e,DURETTO Daniele,1990,JM,ATLETICA CANAVESANA,2 ba- 1,Bra,2008-02-16,https://www.fidal.it/atleta/DURETTO-Daniele/dK6RlJSmbWo%3D,https://www.fidal.it/societa/ATLETICA-CANAVESANA/TO015
9.46,9.46,e,VOLPE Luca,1990,JM,A.S.D. FRANCESCO FRANCIA,3 ba- 1,Modena,2008-01-12,https://www.fidal.it/atleta/VOLPE-Luca/eqiRlZWib2Y%3D,https://www.fidal.it/societa/A-S-D--FRANCESCO-FRANCIA/BO015
9.47,9.47,e,SIMIONATO Gianluca,1990,JM,N.ATL. FANFULLA LODIGIANA,5 se- 1,Ancona,2008-01-27,https://www.fidal.it/atleta/SIMIONATO-Gianluca/drKRkpSobWM%3D,https://www.fidal.it/societa/N-ATL--FANFULLA-LODIGIANA/MI218
9.48,9.48,e,SIMIONATO Gianluca,1990,JM,N.ATL. FANFULLA LODIGIANA,1 fi- 2,Castenedolo,2008-01-20,https://www.fidal.it/atleta/SIMIONATO-Gianluca/drKRkpSobWM%3D,https://www.fidal.it/societa/N-ATL--FANFULLA-LODIGIANA/MI218
9.5,9.50,e,SALA Matteo gabriele,1989,JM,GINN.MONZESE FORTI E LIBERI,2 ba- 2,Castenedolo,2008-01-20,https://www.fidal.it/atleta/SALA-Matteo-gabriele/dq2RkpSgcWw%3D,https://www.fidal.it/societa/GINN-MONZESE-FORTI-E-LIBERI/MI085
9.5,9.50,e,BRUNORI Marco,1989,JM,ATLETICA SANDRO CALVESI,1 su- 1,Aosta,2008-03-16,https://www.fidal.it/atleta/BRUNORI-Marco/jKiRkpWhbWU%3D,https://www.fidal.it/societa/ATLETICA-SANDRO-CALVESI/AO004
9.52,9.52,e,CRESTO Stefano,1990,JM,ATLETICA PONT DONNAS,5 su- 1,Aosta,2008-01-13,https://www.fidal.it/atleta/CRESTO-Stefano/jKiRkpSnamw%3D,https://www.fidal.it/societa/ATLETICA-PONT-DONNAS/AO002
9.53,9.53,e,BIANCHI Romeo,1989,JM,ATL. VIRTUS CASTENEDOLO,3 ba- 1,Castenedolo,2008-01-20,https://www.fidal.it/atleta/BIANCHI-Romeo/dqqRkpOfa2w%3D,https://www.fidal.it/societa/ATL--VIRTUS-CASTENEDOLO/BS575
9.55,9.55,e,SIMIONATO Gianluca,1990,JM,N.ATL. FANFULLA LODIGIANA,4 ba- 1,Castenedolo,2008-01-20,https://www.fidal.it/atleta/SIMIONATO-Gianluca/drKRkpSobWM%3D,https://www.fidal.it/societa/N-ATL--FANFULLA-LODIGIANA/MI218
9.55,9.55,e,BIANCHI Romeo,1989,JM,ATL. VIRTUS CASTENEDOLO,3 ba- 2,Castenedolo,2008-02-03,https://www.fidal.it/atleta/BIANCHI-Romeo/dqqRkpOfa2w%3D,https://www.fidal.it/societa/ATL--VIRTUS-CASTENEDOLO/BS575
9.59,9.59,e,POZZI Davide,1989,JM,ATLETICA ALTO FRIULI,4 se- 1,Udine,2008-01-20,https://www.fidal.it/atleta/POZZI-Davide/eayRkpqjamU%3D,https://www.fidal.it/societa/ATLETICA-ALTO-FRIULI/UD115
9.62,9.62,e,FIOCCO Marco,1990,JM,ATL. STUDENTESCA CA.RI.RI,3 fi- 1,Rieti,2008-01-13,https://www.fidal.it/atleta/FIOCCO-Marco/f6iRl5KocWg%3D,https://www.fidal.it/societa/ATL--STUDENTESCA-CA-RI-RI/RI223
9.62,9.62,e,DELLANTONIO Luca,1990,JM,S.A.F. BOLZANO,1 ba- 1,Pergine,2008-02-16,https://www.fidal.it/atleta/DELLANTONIO-Luca/iaiRkpmmb2o%3D,https://www.fidal.it/societa/S-A-F--BOLZANO/BZ018
9.64,9.64,e,SIMIONATO Gianluca,1990,JM,N.ATL. FANFULLA LODIGIANA,5 ba- 2,Saronno,2008-01-13,https://www.fidal.it/atleta/SIMIONATO-Gianluca/drKRkpSobWM%3D,https://www.fidal.it/societa/N-ATL--FANFULLA-LODIGIANA/MI218
9.64,9.64,e,MASIA Francesco,1990,JM,POL LIBERTAS CAMPIDANO,2 fi- 1,Iglesias,2008-01-27,https://www.fidal.it/atleta/MASIA-Francesco/iKiRk5ukcGY%3D,https://www.fidal.it/societa/POL-LIBERTAS-CAMPIDANO/CA036
9.64,9.64,e,DELLANTONIO Luca,1990,JM,S.A.F. BOLZANO,1 fi- 1,Pergine,2008-02-16,https://www.fidal.it/atleta/DELLANTONIO-Luca/iaiRkpmmb2o%3D,https://www.fidal.it/societa/S-A-F--BOLZANO/BZ018
9.66,9.66,e,POZZI Davide,1989,JM,ATLETICA ALTO FRIULI,5 su- 1,Udine,2008-02-02,https://www.fidal.it/atleta/POZZI-Davide/eayRkpqjamU%3D,https://www.fidal.it/societa/ATLETICA-ALTO-FRIULI/UD115
9.72,9.72,e,DEBIANCHI Luca,1990,JM,MARATHON U.O.E.I. TRIESTE,5 se- 1,Udine,2008-01-20,https://www.fidal.it/atleta/DEBIANCHI-Luca/eauRkpmicWs%3D,https://www.fidal.it/societa/MARATHON-U-O-E-I--TRIESTE/TS044
9.73,9.73,e,D'ANTONIO Mario,1973,SM35,CRUS OTTICA GUERRA PEDERSANO,2 se- 4,Ancona,2008-03-07,https://www.fidal.it/atleta/D-ANTONIO-Mario/d6iRkpKgbWw%3D,https://www.fidal.it/societa/CRUS-OTTICA-GUERRA-PEDERSANO/TN131
9.75,9.75,e,ZUCCHINI Matteo,1989,JM,ATL. BERGAMO 1959 CREBERG,3 ba- 1,Castenedolo,2008-02-03,https://www.fidal.it/atleta/ZUCCHINI-Matteo/dqqRkpKgbGk%3D,https://www.fidal.it/societa/ATL--BERGAMO-1959-CREBERG/BG003
9.78,9.78,e,FIOCCO Marco,1990,JM,ATL. STUDENTESCA CA.RI.RI,4 ba- 1,Rieti,2008-01-13,https://www.fidal.it/atleta/FIOCCO-Marco/f6iRl5KocWg%3D,https://www.fidal.it/societa/ATL--STUDENTESCA-CA-RI-RI/RI223
9.8,9.80,e,MASIA Francesco,1990,JM,POL LIBERTAS CAMPIDANO,2 ba- 1,Iglesias,2008-01-27,https://www.fidal.it/atleta/MASIA-Francesco/iKiRk5ukcGY%3D,https://www.fidal.it/societa/POL-LIBERTAS-CAMPIDANO/CA036
9.89,9.89,e,DELLANTONIO Luca,1990,JM,S.A.F. BOLZANO,3 se- 1,Monaco,2008-03-09,https://www.fidal.it/atleta/DELLANTONIO-Luca/iaiRkpmmb2o%3D,https://www.fidal.it/societa/S-A-F--BOLZANO/BZ018
9.95,9.95,e,BENISSONE Gabriele,1989,JM,A.S. DILETT.  SAFATLETICA,6 su- 1,Aosta,2008-01-27,https://www.fidal.it/atleta/BENISSONE-Gabriele/dKyRk5ujb2U%3D,https://www.fidal.it/societa/A-S--DILETT--SAFATLETICA/TO074
10.32,10.32,e,CAMBOLI Davide,1990,JM,POL  JOLAO IGLESIAS,3 fi- 1,Iglesias,2008-02-03,https://www.fidal.it/atleta/CAMBOLI-Davide/iKiSmJuicGc%3D,https://www.fidal.it/societa/POL-JOLAO-IGLESIAS/CA038
10.75,10.75,e,DEBIANCHI Luca,1990,JM,MARATHON U.O.E.I. TRIESTE,6 su- 1,Udine,2008-02-02,https://www.fidal.it/atleta/DEBIANCHI-Luca/eauRkpmicWs%3D,https://www.fidal.it/societa/MARATHON-U-O-E-I--TRIESTE/TS044
11.68,11.68,e,CAMBOLI Davide,1990,JM,POL  JOLAO IGLESIAS,3 ba- 1,Iglesias,2008-02-03,https://www.fidal.it/atleta/CAMBOLI-Davide/iKiSmJuicGc%3D,https://www.fidal.it/societa/POL-JOLAO-IGLESIAS/CA038
15.3,15.30,e,MINEO Alessandro,1989,JM,ATLETICA UDINESE MALIGNANI,6 se- 1,Udine,2008-01-20,https://www.fidal.it/atleta/MINEO-Alessandro/eayRkpuhaGk%3D,https://www.fidal.it/societa/ATLETICA-UDINESE-MALIGNANI/UD030
8.05,8.05,e,MANTOVANI Giovanni,1990,JM,SPORT ATL. FERMO,4 ba- 1,Metz,2009-02-28,https://www.fidal.it/atleta/MANTOVANI-Giovanni/e6iRk5elcGQ%3D,https://www.fidal.it/societa/SPORT-ATL--FERMO/FM003
8.08,8.08,e,MANTOVANI Giovanni,1990,JM,SPORT ATL. FERMO,1 fi- 1,Ancona,2009-02-14,https://www.fidal.it/atleta/MANTOVANI-Giovanni/e6iRk5elcGQ%3D,https://www.fidal.it/societa/SPORT-ATL--FERMO/FM003
8.08,8.08,e,MANTOVANI Giovanni,1990,JM,SPORT ATL. FERMO,1 sf- 2,Ancona,2009-02-14,https://www.fidal.it/atleta/MANTOVANI-Giovanni/e6iRk5elcGQ%3D,https://www.fidal.it/societa/SPORT-ATL--FERMO/FM003
8.1,8.10,e,COMBI Stefano,1990,JM,GINN.MONZESE FORTI E LIBERI,2 fi- 1,Ancona,2009-02-14,https://www.fidal.it/atleta/COMBI-Stefano/dq2Rk5WfcGY%3D,https://www.fidal.it/societa/GINN-MONZESE-FORTI-E-LIBERI/MI085
8.11,8.11,e,PERINI Riccardo,1990,JM,ATL. CARPENEDOLO,3 fi- 1,Ancona,2009-02-14,https://www.fidal.it/atleta/PERINI-Riccardo/dqqRkpKmaGg%3D,https://www.fidal.it/societa/ATL--CARPENEDOLO/BS278
8.11,8.11,e,LUCCHI CASADEI Nicola,1990,JM,ATL. ENDAS  CESENA,4 fi- 1,Ancona,2009-02-14,https://www.fidal.it/atleta/LUCCHI-CASADEI-Nicola/eqiRlZSnb2U%3D,https://www.fidal.it/societa/ATL--ENDAS-CESENA/FC049
8.11,8.11,e,COMBI Stefano,1990,JM,GINN.MONZESE FORTI E LIBERI,4 fi- 1,Metz,2009-02-28,https://www.fidal.it/atleta/COMBI-Stefano/dq2Rk5WfcGY%3D,https://www.fidal.it/societa/GINN-MONZESE-FORTI-E-LIBERI/MI085
8.15,8.15,e,MANTOVANI Giovanni,1990,JM,SPORT ATL. FERMO,1 ba- 4,Ancona,2009-02-14,https://www.fidal.it/atleta/MANTOVANI-Giovanni/e6iRk5elcGQ%3D,https://www.fidal.it/societa/SPORT-ATL--FERMO/FM003
8.15,8.15,e,PERINI Riccardo,1990,JM,ATL. CARPENEDOLO,1 sf- 1,Ancona,2009-02-14,https://www.fidal.it/atleta/PERINI-Riccardo/dqqRkpKmaGg%3D,https://www.fidal.it/societa/ATL--CARPENEDOLO/BS278
8.15,8.15,e,COMBI Stefano,1990,JM,GINN.MONZESE FORTI E LIBERI,2 sf- 2,Ancona,2009-02-14,https://www.fidal.it/atleta/COMBI-Stefano/dq2Rk5WfcGY%3D,https://www.fidal.it/societa/GINN-MONZESE-FORTI-E-LIBERI/MI085
8.16,8.16,e,COMBI Stefano,1990,JM,GINN.MONZESE FORTI E LIBERI,2 ba- 4,Ancona,2009-02-14,https://www.fidal.it/atleta/COMBI-Stefano/dq2Rk5WfcGY%3D,https://www.fidal.it/societa/GINN-MONZESE-FORTI-E-LIBERI/MI085
8.16,8.16,e,LUCCHI CASADEI Nicola,1990,JM,ATL. ENDAS  CESENA,2 sf- 1,Ancona,2009-02-14,https://www.fidal.it/atleta/LUCCHI-CASADEI-Nicola/eqiRlZSnb2U%3D,https://www.fidal.it/societa/ATL--ENDAS-CESENA/FC049
8.18,8.18,e,SERGI Luca michele,1991,JM,ASI ATL.MINNITI,5 fi- 1,Ancona,2009-02-14,https://www.fidal.it/atleta/SERGI-Luca-michele/hqiRk5ifaGk%3D,https://www.fidal.it/societa/ASI-ATL-MINNITI/RC033
8.18,8.18,e,MANTOVANI Giovanni,1990,JM,SPORT ATL. FERMO,5 fi- 1,Metz,2009-02-28,https://www.fidal.it/atleta/MANTOVANI-Giovanni/e6iRk5elcGQ%3D,https://www.fidal.it/societa/SPORT-ATL--FERMO/FM003
8.19,8.19,e,LUCCHI CASADEI Nicola,1990,JM,ATL. ENDAS  CESENA,1 ba- 3,Ancona,2009-02-14,https://www.fidal.it/atleta/LUCCHI-CASADEI-Nicola/eqiRlZSnb2U%3D,https://www.fidal.it/societa/ATL--ENDAS-CESENA/FC049
8.2,8.20,e,SERGI Luca michele,1991,JM,ASI ATL.MINNITI,3 sf- 2,Ancona,2009-02-14,https://www.fidal.it/atleta/SERGI-Luca-michele/hqiRk5ifaGk%3D,https://www.fidal.it/societa/ASI-ATL-MINNITI/RC033
8.21,8.21,e,PERINI Riccardo,1990,JM,ATL. CARPENEDOLO,1 ba- 1,Ancona,2009-02-14,https://www.fidal.it/atleta/PERINI-Riccardo/dqqRkpKmaGg%3D,https://www.fidal.it/societa/ATL--CARPENEDOLO/BS278
8.24,8.24,e,LUCCHI CASADEI Nicola,1990,JM,ATL. ENDAS  CESENA,1 ba- 1,Ancona,2009-01-11,https://www.fidal.it/atleta/LUCCHI-CASADEI-Nicola/eqiRlZSnb2U%3D,https://www.fidal.it/societa/ATL--ENDAS-CESENA/FC049
8.25,8.25,e,LUCCHI CASADEI Nicola,1990,JM,ATL. ENDAS  CESENA,1 ba- 1,Modena,2009-01-24,https://www.fidal.it/atleta/LUCCHI-CASADEI-Nicola/eqiRlZSnb2U%3D,https://www.fidal.it/societa/ATL--ENDAS-CESENA/FC049
8.25,8.25,e,PERINI Riccardo,1990,JM,ATL. CARPENEDOLO,1 fi- 1,Castenedolo,2009-02-01,https://www.fidal.it/atleta/PERINI-Riccardo/dqqRkpKmaGg%3D,https://www.fidal.it/societa/ATL--CARPENEDOLO/BS278
8.25,8.25,e,PERINI Riccardo,1990,JM,ATL. CARPENEDOLO,1 fi- 1,Modena,2009-03-08,https://www.fidal.it/atleta/PERINI-Riccardo/dqqRkpKmaGg%3D,https://www.fidal.it/societa/ATL--CARPENEDOLO/BS278
8.26,8.26,e,COMBI Stefano,1990,JM,GINN.MONZESE FORTI E LIBERI,5 ba- 1,Metz,2009-02-28,https://www.fidal.it/atleta/COMBI-Stefano/dq2Rk5WfcGY%3D,https://www.fidal.it/societa/GINN-MONZESE-FORTI-E-LIBERI/MI085
8.27,8.27,e,PERINI Riccardo,1990,JM,ATL. CARPENEDOLO,1 fi- 1,Castenedolo,2009-01-25,https://www.fidal.it/atleta/PERINI-Riccardo/dqqRkpKmaGg%3D,https://www.fidal.it/societa/ATL--CARPENEDOLO/BS278
8.27,8.27,e,POLITICA Fabio,1990,JM,CUS DEI LAGHI - ATL. VARESE,6 fi- 1,Ancona,2009-02-14,https://www.fidal.it/atleta/POLITICA-Fabio/drKRkpSjcWY%3D,https://www.fidal.it/societa/CUS-DEI-LAGHI-ATL--VARESE/VA123
8.28,8.28,e,PERINI Riccardo,1990,JM,ATL. CARPENEDOLO,1 ba- 1,Castenedolo,2009-01-25,https://www.fidal.it/atleta/PERINI-Riccardo/dqqRkpKmaGg%3D,https://www.fidal.it/societa/ATL--CARPENEDOLO/BS278
8.29,8.29,e,SERGI Luca michele,1991,JM,ASI ATL.MINNITI,1 se- 1,Napoli Ponticelli,2009-01-24,https://www.fidal.it/atleta/SERGI-Luca-michele/hqiRk5ifaGk%3D,https://www.fidal.it/societa/ASI-ATL-MINNITI/RC033
8.31,8.31,e,PERINI Riccardo,1990,JM,ATL. CARPENEDOLO,1 ba- 1,Castenedolo,2009-02-01,https://www.fidal.it/atleta/PERINI-Riccardo/dqqRkpKmaGg%3D,https://www.fidal.it/societa/ATL--CARPENEDOLO/BS278
8.31,8.31,e,POLITICA Fabio,1990,JM,CUS DEI LAGHI - ATL. VARESE,3 sf- 1,Ancona,2009-02-14,https://www.fidal.it/atleta/POLITICA-Fabio/drKRkpSjcWY%3D,https://www.fidal.it/societa/CUS-DEI-LAGHI-ATL--VARESE/VA123
8.32,8.32,e,POLITICA Fabio,1990,JM,CUS DEI LAGHI - ATL. VARESE,2 fi- 1,Castenedolo,2009-01-25,https://www.fidal.it/atleta/POLITICA-Fabio/drKRkpSjcWY%3D,https://www.fidal.it/societa/CUS-DEI-LAGHI-ATL--VARESE/VA123
8.34,8.34,e,PERINI Riccardo,1990,JM,ATL. CARPENEDOLO,1 ba- 1,Saronno,2009-01-11,https://www.fidal.it/atleta/PERINI-Riccardo/dqqRkpKmaGg%3D,https://www.fidal.it/societa/ATL--CARPENEDOLO/BS278
8.35,8.35,e,MALPIGHI Davide,1991,JM,A.S. LA FRATELLANZA 1874,2 fi- 1,Modena,2009-01-24,https://www.fidal.it/atleta/MALPIGHI-Davide/eqiRlZiibGc%3D,https://www.fidal.it/societa/A-S--LA-FRATELLANZA-1874/MO052
8.35,8.35,e,POLITICA Fabio,1990,JM,CUS DEI LAGHI - ATL. VARESE,2 ba- 1,Ancona,2009-02-14,https://www.fidal.it/atleta/POLITICA-Fabio/drKRkpSjcWY%3D,https://www.fidal.it/societa/CUS-DEI-LAGHI-ATL--VARESE/VA123
8.35,8.35,e,MALPIGHI Davide,1991,JM,A.S. LA FRATELLANZA 1874,4 sf- 1,Ancona,2009-02-14,https://www.fidal.it/atleta/MALPIGHI-Davide/eqiRlZiibGc%3D,https://www.fidal.it/societa/A-S--LA-FRATELLANZA-1874/MO052
8.36,8.36,e,COMBI Stefano,1990,JM,GINN.MONZESE FORTI E LIBERI,1 su- 1,Ancona,2009-01-17,https://www.fidal.it/atleta/COMBI-Stefano/dq2Rk5WfcGY%3D,https://www.fidal.it/societa/GINN-MONZESE-FORTI-E-LIBERI/MI085
8.36,8.36,e,PERINI Riccardo,1990,JM,ATL. CARPENEDOLO,1 ba- 2,Modena,2009-03-08,https://www.fidal.it/atleta/PERINI-Riccardo/dqqRkpKmaGg%3D,https://www.fidal.it/societa/ATL--CARPENEDOLO/BS278
8.38,8.38,e,PERINI Riccardo,1990,JM,ATL. CARPENEDOLO,1 fi- 1,Saronno,2009-01-11,https://www.fidal.it/atleta/PERINI-Riccardo/dqqRkpKmaGg%3D,https://www.fidal.it/societa/ATL--CARPENEDOLO/BS278
8.38,8.38,e,MALPIGHI Davide,1991,JM,A.S. LA FRATELLANZA 1874,1 fi- 1,Modena,2009-01-17,https://www.fidal.it/atleta/MALPIGHI-Davide/eqiRlZiibGc%3D,https://www.fidal.it/societa/A-S--LA-FRATELLANZA-1874/MO052
8.38,8.38,e,ZENONI Giacomo,1990,JM,ATL. BERGAMO 1959 CREBERG,2 ba- 3,Ancona,2009-02-14,https://www.fidal.it/atleta/ZENONI-Giacomo/dqmRlpqlb2g%3D,https://www.fidal.it/societa/ATL--BERGAMO-1959-CREBERG/BG003
8.4,8.40,e,ZENONI Giacomo,1990,JM,ATL. BERGAMO 1959 CREBERG,5 sf- 1,Ancona,2009-02-14,https://www.fidal.it/atleta/ZENONI-Giacomo/dqmRlpqlb2g%3D,https://www.fidal.it/societa/ATL--BERGAMO-1959-CREBERG/BG003
8.4,8.40,e,BASSETTO Mattia,1991,JM,G.A. BASSANO,2 ba- 2,Modena,2009-03-08,https://www.fidal.it/atleta/BASSETTO-Mattia/eK6RkpKjaGs%3D,https://www.fidal.it/societa/G-A--BASSANO/VI614
8.41,8.41,e,TRIVELLATO Mauro,1991,JM,ASI ATLETICA LATINA 80,3 ba- 1,Ancona,2009-02-14,https://www.fidal.it/atleta/TRIVELLATO-Mauro/f6iRl5iiamg%3D,https://www.fidal.it/societa/ASI-ATLETICA-LATINA-80/LT275
8.41,8.41,e,MALPIGHI Davide,1991,JM,A.S. LA FRATELLANZA 1874,7 fi- 1,Ancona,2009-02-14,https://www.fidal.it/atleta/MALPIGHI-Davide/eqiRlZiibGc%3D,https://www.fidal.it/societa/A-S--LA-FRATELLANZA-1874/MO052
8.42,8.42,e,COMBI Stefano,1990,JM,GINN.MONZESE FORTI E LIBERI,1 se- 1,Ancona,2009-02-01,https://www.fidal.it/atleta/COMBI-Stefano/dq2Rk5WfcGY%3D,https://www.fidal.it/societa/GINN-MONZESE-FORTI-E-LIBERI/MI085
8.42,8.42,e,POLITICA Fabio,1990,JM,CUS DEI LAGHI - ATL. VARESE,1 su- 1,Saronno,2009-02-07,https://www.fidal.it/atleta/POLITICA-Fabio/drKRkpSjcWY%3D,https://www.fidal.it/societa/CUS-DEI-LAGHI-ATL--VARESE/VA123
8.42,8.42,e,SERGI Luca michele,1991,JM,ASI ATL.MINNITI,1 ba- 2,Ancona,2009-02-14,https://www.fidal.it/atleta/SERGI-Luca-michele/hqiRk5ifaGk%3D,https://www.fidal.it/societa/ASI-ATL-MINNITI/RC033
8.43,8.43,e,BASSETTO Mattia,1991,JM,G.A. BASSANO,3 ba- 4,Ancona,2009-02-14,https://www.fidal.it/atleta/BASSETTO-Mattia/eK6RkpKjaGs%3D,https://www.fidal.it/societa/G-A--BASSANO/VI614
8.43,8.43,e,PIAZZA Matteo,1990,JM,PROSPORT ATL. FIRENZE,4 ba- 4,Ancona,2009-02-14,https://www.fidal.it/atleta/PIAZZA-Matteo/faiRm5aha2Y%3D,https://www.fidal.it/societa/PROSPORT-ATL--FIRENZE/FI009
8.44,8.44,e,MALPIGHI Davide,1991,JM,A.S. LA FRATELLANZA 1874,3 ba- 3,Ancona,2009-02-14,https://www.fidal.it/atleta/MALPIGHI-Davide/eqiRlZiibGc%3D,https://www.fidal.it/societa/A-S--LA-FRATELLANZA-1874/MO052
8.45,8.45,e,ZANIN Alessandro,1990,JM,ATL. STUDENTESCA CA.RI.RI,1 ba- 1,Rieti,2009-02-08,https://www.fidal.it/atleta/ZANIN-Alessandro/f6iRl5Okb2M%3D,https://www.fidal.it/societa/ATL--STUDENTESCA-CA-RI-RI/RI223
8.45,8.45,e,BASSETTO Mattia,1991,JM,G.A. BASSANO,6 sf- 1,Ancona,2009-02-14,https://www.fidal.it/atleta/BASSETTO-Mattia/eK6RkpKjaGs%3D,https://www.fidal.it/societa/G-A--BASSANO/VI614
8.46,8.46,e,MALPIGHI Davide,1991,JM,A.S. LA FRATELLANZA 1874,2 fi- 1,Modena,2009-01-10,https://www.fidal.it/atleta/MALPIGHI-Davide/eqiRlZiibGc%3D,https://www.fidal.it/societa/A-S--LA-FRATELLANZA-1874/MO052
8.46,8.46,e,LUCCHI CASADEI Nicola,1990,JM,ATL. ENDAS  CESENA,1 fi- 1,Ancona,2009-01-11,https://www.fidal.it/atleta/LUCCHI-CASADEI-Nicola/eqiRlZSnb2U%3D,https://www.fidal.it/societa/ATL--ENDAS-CESENA/FC049
8.47,8.47,e,ZANIN Alessandro,1990,JM,ATL. STUDENTESCA CA.RI.RI,1 fi- 1,Rieti,2009-01-11,https://www.fidal.it/atleta/ZANIN-Alessandro/f6iRl5Okb2M%3D,https://www.fidal.it/societa/ATL--STUDENTESCA-CA-RI-RI/RI223
8.47,8.47,e,ZANIN Alessandro,1990,JM,ATL. STUDENTESCA CA.RI.RI,1 fi- 1,Rieti,2009-02-08,https://www.fidal.it/atleta/ZANIN-Alessandro/f6iRl5Okb2M%3D,https://www.fidal.it/societa/ATL--STUDENTESCA-CA-RI-RI/RI223
8.47,8.47,e,ZANIN Alessandro,1990,JM,ATL. STUDENTESCA CA.RI.RI,2 ba- 2,Ancona,2009-02-14,https://www.fidal.it/atleta/ZANIN-Alessandro/f6iRl5Okb2M%3D,https://www.fidal.it/societa/ATL--STUDENTESCA-CA-RI-RI/RI223
8.48,8.48,e,CARGNELLI Manuel,1990,JM,TREVISATLETICA,4 ba- 1,Ancona,2009-02-14,https://www.fidal.it/atleta/CARGNELLI-Manuel/eKyRkpWjaGk%3D,https://www.fidal.it/societa/TREVISATLETICA/TV354
8.49,8.49,e,PIAZZA Matteo,1990,JM,PROSPORT ATL. FIRENZE,4 fi- 1,Modena,2009-03-08,https://www.fidal.it/atleta/PIAZZA-Matteo/faiRm5aha2Y%3D,https://www.fidal.it/societa/PROSPORT-ATL--FIRENZE/FI009
8.5,8.50,e,PERNA Marco,1991,JM,A.S.D. AGG. HINNA,2 se- 1,Ancona,2009-02-01,https://www.fidal.it/atleta/PERNA-Marco/gKiRlJuobms%3D,https://www.fidal.it/societa/A-S-D--AGG--HINNA/NA014
8.5,8.50,e,PIAZZA Matteo,1990,JM,PROSPORT ATL. FIRENZE,2 ba- 1,Modena,2009-03-08,https://www.fidal.it/atleta/PIAZZA-Matteo/faiRm5aha2Y%3D,https://www.fidal.it/societa/PROSPORT-ATL--FIRENZE/FI009
8.51,8.51,e,COMBI Stefano,1990,JM,GINN.MONZESE FORTI E LIBERI,2 ba- 1,Saronno,2009-01-11,https://www.fidal.it/atleta/COMBI-Stefano/dq2Rk5WfcGY%3D,https://www.fidal.it/societa/GINN-MONZESE-FORTI-E-LIBERI/MI085
8.51,8.51,e,ZANIN Alessandro,1990,JM,ATL. STUDENTESCA CA.RI.RI,1 fi- 1,Ancona,2009-01-18,https://www.fidal.it/atleta/ZANIN-Alessandro/f6iRl5Okb2M%3D,https://www.fidal.it/societa/ATL--STUDENTESCA-CA-RI-RI/RI223
8.51,8.51,e,CARGNELLI Manuel,1990,JM,TREVISATLETICA,1 su- 1,Padova,2009-01-24,https://www.fidal.it/atleta/CARGNELLI-Manuel/eKyRkpWjaGk%3D,https://www.fidal.it/societa/TREVISATLETICA/TV354
8.51,8.51,e,VOLPE Luca,1990,JM,A.S.D. FRANCESCO FRANCIA,3 fi- 1,Modena,2009-01-24,https://www.fidal.it/atleta/VOLPE-Luca/eqiRlZWib2Y%3D,https://www.fidal.it/societa/A-S-D--FRANCESCO-FRANCIA/BO015
8.51,8.51,e,PERNA Marco,1991,JM,A.S.D. AGG. HINNA,1 su- 1,Napoli Ponticelli,2009-02-07,https://www.fidal.it/atleta/PERNA-Marco/gKiRlJuobms%3D,https://www.fidal.it/societa/A-S-D--AGG--HINNA/NA014
8.51,8.51,e,PIAZZA Matteo,1990,JM,PROSPORT ATL. FIRENZE,4 sf- 2,Ancona,2009-02-14,https://www.fidal.it/atleta/PIAZZA-Matteo/faiRm5aha2Y%3D,https://www.fidal.it/societa/PROSPORT-ATL--FIRENZE/FI009
8.51,8.51,e,CECCHIN Giacomo,1991,JM,ATL. RICCARDI MILANO,7 sf- 1,Ancona,2009-02-14,https://www.fidal.it/atleta/CECCHIN-Giacomo/dq2Rkpeoa2Q%3D,https://www.fidal.it/societa/ATL--RICCARDI-MILANO/MI080
8.52,8.52,e,CROSIO Mattia,1991,JM,ASS. SPORT. ATL. STRAMBINO,1 fi- 1,Aosta,2009-02-01,https://www.fidal.it/atleta/CROSIO-Mattia/dK6RlJafbGM%3D,https://www.fidal.it/societa/ASS--SPORT--ATL--STRAMBINO/TO177
8.52,8.52,e,CROSIO Mattia,1991,JM,ASS. SPORT. ATL. STRAMBINO,1 su- 1,Aosta,2009-02-01,https://www.fidal.it/atleta/CROSIO-Mattia/dK6RlJafbGM%3D,https://www.fidal.it/societa/ASS--SPORT--ATL--STRAMBINO/TO177
8.52,8.52,e,PERNA Marco,1991,JM,A.S.D. AGG. HINNA,5 sf- 2,Ancona,2009-02-14,https://www.fidal.it/atleta/PERNA-Marco/gKiRlJuobms%3D,https://www.fidal.it/societa/A-S-D--AGG--HINNA/NA014
8.53,8.53,e,VOLPE Luca,1990,JM,A.S.D. FRANCESCO FRANCIA,1 ba- 1,Ancona,2009-02-07,https://www.fidal.it/atleta/VOLPE-Luca/eqiRlZWib2Y%3D,https://www.fidal.it/societa/A-S-D--FRANCESCO-FRANCIA/BO015
8.53,8.53,e,POLITICA Fabio,1990,JM,CUS DEI LAGHI - ATL. VARESE,1 se- 1,Saronno,2009-02-07,https://www.fidal.it/atleta/POLITICA-Fabio/drKRkpSjcWY%3D,https://www.fidal.it/societa/CUS-DEI-LAGHI-ATL--VARESE/VA123
8.53,8.53,e,MALPIGHI Davide,1991,JM,A.S. LA FRATELLANZA 1874,3 ba- 1,Modena,2009-03-08,https://www.fidal.it/atleta/MALPIGHI-Davide/eqiRlZiibGc%3D,https://www.fidal.it/societa/A-S--LA-FRATELLANZA-1874/MO052
8.54,8.54,e,ZANIN Alessandro,1990,JM,ATL. STUDENTESCA CA.RI.RI,1 ba- 1,Rieti,2009-01-11,https://www.fidal.it/atleta/ZANIN-Alessandro/f6iRl5Okb2M%3D,https://www.fidal.it/societa/ATL--STUDENTESCA-CA-RI-RI/RI223
8.54,8.54,e,POLITICA Fabio,1990,JM,CUS DEI LAGHI - ATL. VARESE,1 ba- 2,Castenedolo,2009-01-25,https://www.fidal.it/atleta/POLITICA-Fabio/drKRkpSjcWY%3D,https://www.fidal.it/societa/CUS-DEI-LAGHI-ATL--VARESE/VA123
8.54,8.54,e,CROSIO Mattia,1991,JM,ASS. SPORT. ATL. STRAMBINO,1 su- 1,Aosta,2009-01-25,https://www.fidal.it/atleta/CROSIO-Mattia/dK6RlJafbGM%3D,https://www.fidal.it/societa/ASS--SPORT--ATL--STRAMBINO/TO177
8.54,8.54,e,TRIVELLATO Mauro,1991,JM,ASI ATLETICA LATINA 80,2 su- 1,Napoli Ponticelli,2009-02-07,https://www.fidal.it/atleta/TRIVELLATO-Mauro/f6iRl5iiamg%3D,https://www.fidal.it/societa/ASI-ATLETICA-LATINA-80/LT275
8.54,8.54,e,CROSIO Mattia,1991,JM,ASS. SPORT. ATL. STRAMBINO,3 ba- 2,Ancona,2009-02-14,https://www.fidal.it/atleta/CROSIO-Mattia/dK6RlJafbGM%3D,https://www.fidal.it/societa/ASS--SPORT--ATL--STRAMBINO/TO177
8.55,8.55,e,PERNA Marco,1991,JM,A.S.D. AGG. HINNA,2 se- 1,Napoli Ponticelli,2009-01-24,https://www.fidal.it/atleta/PERNA-Marco/gKiRlJuobms%3D,https://www.fidal.it/societa/A-S-D--AGG--HINNA/NA014
8.55,8.55,e,ZENONI Giacomo,1990,JM,ATL. BERGAMO 1959 CREBERG,3 fi- 1,Castenedolo,2009-01-25,https://www.fidal.it/atleta/ZENONI-Giacomo/dqmRlpqlb2g%3D,https://www.fidal.it/societa/ATL--BERGAMO-1959-CREBERG/BG003
8.55,8.55,e,CECCHIN Giacomo,1991,JM,ATL. RICCARDI MILANO,5 ba- 1,Ancona,2009-02-14,https://www.fidal.it/atleta/CECCHIN-Giacomo/dq2Rkpeoa2Q%3D,https://www.fidal.it/societa/ATL--RICCARDI-MILANO/MI080
8.55,8.55,e,CROSIO Mattia,1991,JM,ASS. SPORT. ATL. STRAMBINO,6 sf- 2,Ancona,2009-02-14,https://www.fidal.it/atleta/CROSIO-Mattia/dK6RlJafbGM%3D,https://www.fidal.it/societa/ASS--SPORT--ATL--STRAMBINO/TO177
8.55,8.55,e,PICCARDI Fabio,1971,SM35,ATHLETIC CLUB 96 AE SPA,4 fi- 1,Ancona,2009-03-28,https://www.fidal.it/atleta/PICCARDI-Fabio/dKiRkpKjbmM%3D,https://www.fidal.it/societa/ATHLETIC-CLUB-96-AE-SPA/BZ066
8.56,8.56,e,OTTAVIANI Leonardo,1991,JM,ATL. AVIS MACERATA,1 ba- 1,Ancona,2009-01-18,https://www.fidal.it/atleta/OTTAVIANI-Leonardo/e6iRk5KlaGw%3D,https://www.fidal.it/societa/ATL--AVIS-MACERATA/MC004
8.56,8.56,e,MALPIGHI Davide,1991,JM,A.S. LA FRATELLANZA 1874,2 ba- 2,Modena,2009-01-24,https://www.fidal.it/atleta/MALPIGHI-Davide/eqiRlZiibGc%3D,https://www.fidal.it/societa/A-S--LA-FRATELLANZA-1874/MO052
8.56,8.56,e,SCOTTI FERRO Jacopo,1990,JM,ASSINDUSTRIA SPORT PADOVA,4 ba- 2,Ancona,2009-02-14,https://www.fidal.it/atleta/SCOTTI-FERRO-Jacopo/eKqRkpKhb2c%3D,https://www.fidal.it/societa/ASSINDUSTRIA-SPORT-PADOVA/PD140
8.56,8.56,e,PERNA Marco,1991,JM,A.S.D. AGG. HINNA,4 ba- 3,Ancona,2009-02-14,https://www.fidal.it/atleta/PERNA-Marco/gKiRlJuobms%3D,https://www.fidal.it/societa/A-S-D--AGG--HINNA/NA014
8.57,8.57,e,COMBI Stefano,1990,JM,GINN.MONZESE FORTI E LIBERI,3 fi- 1,Saronno,2009-01-11,https://www.fidal.it/atleta/COMBI-Stefano/dq2Rk5WfcGY%3D,https://www.fidal.it/societa/GINN-MONZESE-FORTI-E-LIBERI/MI085
8.57,8.57,e,OTTAVIANI Leonardo,1991,JM,ATL. AVIS MACERATA,2 fi- 1,Ancona,2009-01-18,https://www.fidal.it/atleta/OTTAVIANI-Leonardo/e6iRk5KlaGw%3D,https://www.fidal.it/societa/ATL--AVIS-MACERATA/MC004
8.57,8.57,e,PIAZZA Matteo,1990,JM,PROSPORT ATL. FIRENZE,3 se- 1,Ancona,2009-02-01,https://www.fidal.it/atleta/PIAZZA-Matteo/faiRm5aha2Y%3D,https://www.fidal.it/societa/PROSPORT-ATL--FIRENZE/FI009
8.58,8.58,e,VOLPE Luca,1990,JM,A.S.D. FRANCESCO FRANCIA,2 ba- 1,Modena,2009-01-24,https://www.fidal.it/atleta/VOLPE-Luca/eqiRlZWib2Y%3D,https://www.fidal.it/societa/A-S-D--FRANCESCO-FRANCIA/BO015
8.58,8.58,e,BASSETTO Mattia,1991,JM,G.A. BASSANO,2 su- 1,Padova,2009-01-24,https://www.fidal.it/atleta/BASSETTO-Mattia/eK6RkpKjaGs%3D,https://www.fidal.it/societa/G-A--BASSANO/VI614
8.58,8.58,e,MASULLO Mirko,1991,JM,A.S.D. LIB. POL. AMAT. ATL. BN,3 se- 1,Napoli Ponticelli,2009-01-24,https://www.fidal.it/atleta/MASULLO-Mirko/gKiRlZOjcWM%3D,https://www.fidal.it/societa/A-S-D--LIB--POL--AMAT--ATL--BN/BN026
8.58,8.58,e,SCOTTI FERRO Jacopo,1990,JM,ASSINDUSTRIA SPORT PADOVA,1 su- 1,Padova,2009-02-01,https://www.fidal.it/atleta/SCOTTI-FERRO-Jacopo/eKqRkpKhb2c%3D,https://www.fidal.it/societa/ASSINDUSTRIA-SPORT-PADOVA/PD140
8.58,8.58,e,CORNALI Claudio,1991,JM,ATL.  CENTO TORRI PAVIA,2 su- 1,Saronno,2009-02-07,https://www.fidal.it/atleta/CORNALI-Claudio/dq2Rk5WoamU%3D,https://www.fidal.it/societa/ATL--CENTO-TORRI-PAVIA/PV110
8.58,8.58,e,PICCARDI Fabio,1971,SM35,ATHLETIC CLUB 96 AE SPA,2 ba- 1,Ancona,2009-03-28,https://www.fidal.it/atleta/PICCARDI-Fabio/dKiRkpKjbmM%3D,https://www.fidal.it/societa/ATHLETIC-CLUB-96-AE-SPA/BZ066
8.59,8.59,e,TRIVELLATO Mauro,1991,JM,ASI ATLETICA LATINA 80,2 ba- 1,Rieti,2009-01-11,https://www.fidal.it/atleta/TRIVELLATO-Mauro/f6iRl5iiamg%3D,https://www.fidal.it/societa/ASI-ATLETICA-LATINA-80/LT275
8.59,8.59,e,ZANIN Alessandro,1990,JM,ATL. STUDENTESCA CA.RI.RI,2 ba- 1,Ancona,2009-01-18,https://www.fidal.it/atleta/ZANIN-Alessandro/f6iRl5Okb2M%3D,https://www.fidal.it/societa/ATL--STUDENTESCA-CA-RI-RI/RI223
8.59,8.59,e,MASULLO Mirko,1991,JM,A.S.D. LIB. POL. AMAT. ATL. BN,6 ba- 1,Ancona,2009-02-14,https://www.fidal.it/atleta/MASULLO-Mirko/gKiRlZOjcWM%3D,https://www.fidal.it/societa/A-S-D--LIB--POL--AMAT--ATL--BN/BN026
8.6,8.60,e,CROSIO Mattia,1991,JM,ASS. SPORT. ATL. STRAMBINO,1 se- 1,Aosta,2009-01-25,https://www.fidal.it/atleta/CROSIO-Mattia/dK6RlJafbGM%3D,https://www.fidal.it/societa/ASS--SPORT--ATL--STRAMBINO/TO177
8.6,8.60,e,SCOTTI FERRO Jacopo,1990,JM,ASSINDUSTRIA SPORT PADOVA,4 ba- 2,Modena,2009-03-08,https://www.fidal.it/atleta/SCOTTI-FERRO-Jacopo/eKqRkpKhb2c%3D,https://www.fidal.it/societa/ASSINDUSTRIA-SPORT-PADOVA/PD140
8.61,8.61,e,MALPIGHI Davide,1991,JM,A.S. LA FRATELLANZA 1874,2 ba- 1,Modena,2009-01-17,https://www.fidal.it/atleta/MALPIGHI-Davide/eqiRlZiibGc%3D,https://www.fidal.it/societa/A-S--LA-FRATELLANZA-1874/MO052
8.61,8.61,e,PINNA Federico,1990,JM,C.U.S. SASSARI,1 fi- 1,Ancona,2009-01-24,https://www.fidal.it/atleta/PINNA-Federico/iKiSmZKjbGw%3D,https://www.fidal.it/societa/C-U-S--SASSARI/SS019
8.61,8.61,e,ZENONI Giacomo,1990,JM,ATL. BERGAMO 1959 CREBERG,2 ba- 2,Castenedolo,2009-01-25,https://www.fidal.it/atleta/ZENONI-Giacomo/dqmRlpqlb2g%3D,https://www.fidal.it/societa/ATL--BERGAMO-1959-CREBERG/BG003
8.61,8.61,e,BASSETTO Mattia,1991,JM,G.A. BASSANO,2 su- 1,Padova,2009-02-01,https://www.fidal.it/atleta/BASSETTO-Mattia/eK6RkpKjaGs%3D,https://www.fidal.it/societa/G-A--BASSANO/VI614
8.61,8.61,e,CIVATI Riccardo,1990,JM,ATL. CLUB VILLASANTA,5 ba- 4,Ancona,2009-02-14,https://www.fidal.it/atleta/CIVATI-Riccardo/dq2Rk5WkbWo%3D,https://www.fidal.it/societa/ATL--CLUB-VILLASANTA/MI068
8.62,8.62,e,VOLPE Luca,1990,JM,A.S.D. FRANCESCO FRANCIA,3 fi- 1,Modena,2009-01-17,https://www.fidal.it/atleta/VOLPE-Luca/eqiRlZWib2Y%3D,https://www.fidal.it/societa/A-S-D--FRANCESCO-FRANCIA/BO015
8.62,8.62,e,OTTAVIANI Leonardo,1991,JM,ATL. AVIS MACERATA,2 fi- 1,Ancona,2009-01-24,https://www.fidal.it/atleta/OTTAVIANI-Leonardo/e6iRk5KlaGw%3D,https://www.fidal.it/societa/ATL--AVIS-MACERATA/MC004
8.62,8.62,e,CECCHIN Giacomo,1991,JM,ATL. RICCARDI MILANO,2 su- 1,Aosta,2009-01-25,https://www.fidal.it/atleta/CECCHIN-Giacomo/dq2Rkpeoa2Q%3D,https://www.fidal.it/societa/ATL--RICCARDI-MILANO/MI080
8.62,8.62,e,CARGNELLI Manuel,1990,JM,TREVISATLETICA,3 su- 1,Padova,2009-02-01,https://www.fidal.it/atleta/CARGNELLI-Manuel/eKyRkpWjaGk%3D,https://www.fidal.it/societa/TREVISATLETICA/TV354
8.62,8.62,e,VOLPE Luca,1990,JM,A.S.D. FRANCESCO FRANCIA,1 fi- 1,Ancona,2009-02-07,https://www.fidal.it/atleta/VOLPE-Luca/eqiRlZWib2Y%3D,https://www.fidal.it/societa/A-S-D--FRANCESCO-FRANCIA/BO015
8.62,8.62,e,OTTAVIANI Leonardo,1991,JM,ATL. AVIS MACERATA,2 fi- 1,Ancona,2009-02-07,https://www.fidal.it/atleta/OTTAVIANI-Leonardo/e6iRk5KlaGw%3D,https://www.fidal.it/societa/ATL--AVIS-MACERATA/MC004
8.62,8.62,e,CORNALI Claudio,1991,JM,ATL.  CENTO TORRI PAVIA,5 ba- 3,Ancona,2009-02-14,https://www.fidal.it/atleta/CORNALI-Claudio/dq2Rk5WoamU%3D,https://www.fidal.it/societa/ATL--CENTO-TORRI-PAVIA/PV110
8.63,8.63,e,ROCCHIO Claudio,1991,JM,ATLETICA ISERNIA,1 su- 1,Napoli Ponticelli,2009-01-17,https://www.fidal.it/atleta/ROCCHIO-Claudio/g6iRkpemcGc%3D,https://www.fidal.it/societa/ATLETICA-ISERNIA/IS010
8.63,8.63,e,MARIANI Giorgio,1991,JM,U.S. ATL. VEDANO,6 ba- 3,Ancona,2009-02-14,https://www.fidal.it/atleta/MARIANI-Giorgio/dq2RkpikbGc%3D,https://www.fidal.it/societa/U-S--ATL--VEDANO/MI054
8.63,8.63,e,CARGNELLI Manuel,1990,JM,TREVISATLETICA,8 sf- 1,Ancona,2009-02-14,https://www.fidal.it/atleta/CARGNELLI-Manuel/eKyRkpWjaGk%3D,https://www.fidal.it/societa/TREVISATLETICA/TV354
8.64,8.64,e,TRIVELLATO Mauro,1991,JM,ASI ATLETICA LATINA 80,2 su- 1,Napoli Ponticelli,2009-01-17,https://www.fidal.it/atleta/TRIVELLATO-Mauro/f6iRl5iiamg%3D,https://www.fidal.it/societa/ASI-ATLETICA-LATINA-80/LT275
8.65,8.65,e,VOLPE Luca,1990,JM,A.S.D. FRANCESCO FRANCIA,3 ba- 1,Modena,2009-01-17,https://www.fidal.it/atleta/VOLPE-Luca/eqiRlZWib2Y%3D,https://www.fidal.it/societa/A-S-D--FRANCESCO-FRANCIA/BO015
8.66,8.66,e,BONETTO Matteo,1991,JM,ATLETICA SANDRO CALVESI,2 su- 1,Aosta,2009-03-22,https://www.fidal.it/atleta/BONETTO-Matteo/jKiRlJSmaWg%3D,https://www.fidal.it/societa/ATLETICA-SANDRO-CALVESI/AO004
8.67,8.67,e,MASULLO Mirko,1991,JM,A.S.D. LIB. POL. AMAT. ATL. BN,1 se- 2,Napoli,2009-01-11,https://www.fidal.it/atleta/MASULLO-Mirko/gKiRlZOjcWM%3D,https://www.fidal.it/societa/A-S-D--LIB--POL--AMAT--ATL--BN/BN026
8.67,8.67,e,CIVATI Riccardo,1990,JM,ATL. CLUB VILLASANTA,3 ba- 2,Modena,2009-01-24,https://www.fidal.it/atleta/CIVATI-Riccardo/dq2Rk5WkbWo%3D,https://www.fidal.it/societa/ATL--CLUB-VILLASANTA/MI068
8.67,8.67,e,CALCAGNO Simone,1991,JM,A.S.D.  C.U.S. GENOVA,2 fi- 1,Aosta,2009-02-01,https://www.fidal.it/atleta/CALCAGNO-Simone/daiRk5Woams%3D,https://www.fidal.it/societa/A-S-D--C-U-S--GENOVA/GE002
8.67,8.67,e,CALCAGNO Simone,1991,JM,A.S.D.  C.U.S. GENOVA,2 su- 1,Aosta,2009-02-01,https://www.fidal.it/atleta/CALCAGNO-Simone/daiRk5Woams%3D,https://www.fidal.it/societa/A-S-D--C-U-S--GENOVA/GE002
8.67,8.67,e,SGARZANI Riccardo,1990,JM,EDERA ATL. FORLI,6 ba- 4,Ancona,2009-02-14,https://www.fidal.it/atleta/SGARZANI-Riccardo/eqiRlpifcGs%3D,https://www.fidal.it/societa/EDERA-ATL--FORLI/FC038
8.68,8.68,e,CECCHIN Giacomo,1991,JM,ATL. RICCARDI MILANO,2 se- 1,Aosta,2009-01-25,https://www.fidal.it/atleta/CECCHIN-Giacomo/dq2Rkpeoa2Q%3D,https://www.fidal.it/societa/ATL--RICCARDI-MILANO/MI080
8.68,8.68,e,OTTAVIANI Leonardo,1991,JM,ATL. AVIS MACERATA,2 ba- 1,Ancona,2009-02-07,https://www.fidal.it/atleta/OTTAVIANI-Leonardo/e6iRk5KlaGw%3D,https://www.fidal.it/societa/ATL--AVIS-MACERATA/MC004
8.68,8.68,e,CORNALI Claudio,1991,JM,ATL.  CENTO TORRI PAVIA,1 su- 1,Aosta,2009-03-14,https://www.fidal.it/atleta/CORNALI-Claudio/dq2Rk5WoamU%3D,https://www.fidal.it/societa/ATL--CENTO-TORRI-PAVIA/PV110
8.69,8.69,e,MALPIGHI Davide,1991,JM,A.S. LA FRATELLANZA 1874,2 ba- 1,Modena,2009-01-10,https://www.fidal.it/atleta/MALPIGHI-Davide/eqiRlZiibGc%3D,https://www.fidal.it/societa/A-S--LA-FRATELLANZA-1874/MO052
8.69,8.69,e,SCOTTI FERRO Jacopo,1990,JM,ASSINDUSTRIA SPORT PADOVA,3 su- 1,Padova,2009-01-24,https://www.fidal.it/atleta/SCOTTI-FERRO-Jacopo/eKqRkpKhb2c%3D,https://www.fidal.it/societa/ASSINDUSTRIA-SPORT-PADOVA/PD140
8.7,8.70,e,PINNA Federico,1990,JM,C.U.S. SASSARI,1 ba- 1,Ancona,2009-01-24,https://www.fidal.it/atleta/PINNA-Federico/iKiSmZKjbGw%3D,https://www.fidal.it/societa/C-U-S--SASSARI/SS019
8.71,8.71,e,VOLPE Luca,1990,JM,A.S.D. FRANCESCO FRANCIA,3 fi- 1,Modena,2009-01-10,https://www.fidal.it/atleta/VOLPE-Luca/eqiRlZWib2Y%3D,https://www.fidal.it/societa/A-S-D--FRANCESCO-FRANCIA/BO015
8.71,8.71,e,PINNA Federico,1990,JM,C.U.S. SASSARI,5 ba- 2,Ancona,2009-02-14,https://www.fidal.it/atleta/PINNA-Federico/iKiSmZKjbGw%3D,https://www.fidal.it/societa/C-U-S--SASSARI/SS019
8.72,8.72,e,SGARZANI Riccardo,1990,JM,EDERA ATL. FORLI,3 ba- 1,Ancona,2009-01-18,https://www.fidal.it/atleta/SGARZANI-Riccardo/eqiRlpifcGs%3D,https://www.fidal.it/societa/EDERA-ATL--FORLI/FC038
8.72,8.72,e,ROCCHIO Claudio,1991,JM,ATLETICA ISERNIA,7 ba- 3,Ancona,2009-02-14,https://www.fidal.it/atleta/ROCCHIO-Claudio/g6iRkpemcGc%3D,https://www.fidal.it/societa/ATLETICA-ISERNIA/IS010
8.73,8.73,e,BONVENTI Enrico,1990,JM,S.E.F. STAMURA ANCONA A.S.D.,6 ba- 2,Ancona,2009-02-14,https://www.fidal.it/atleta/BONVENTI-Enrico/e6iRk5emcWQ%3D,https://www.fidal.it/societa/S-E-F--STAMURA-ANCONA-A-S-D-/AN010
8.74,8.74,e,VOLPE Luca,1990,JM,A.S.D. FRANCESCO FRANCIA,3 ba- 1,Modena,2009-01-10,https://www.fidal.it/atleta/VOLPE-Luca/eqiRlZWib2Y%3D,https://www.fidal.it/societa/A-S-D--FRANCESCO-FRANCIA/BO015
8.74,8.74,e,CIVATI Riccardo,1990,JM,ATL. CLUB VILLASANTA,4 fi- 1,Modena,2009-01-24,https://www.fidal.it/atleta/CIVATI-Riccardo/dq2Rk5WkbWo%3D,https://www.fidal.it/societa/ATL--CLUB-VILLASANTA/MI068
8.74,8.74,e,MARIANI Giorgio,1991,JM,U.S. ATL. VEDANO,2 ba- 1,Castenedolo,2009-01-25,https://www.fidal.it/atleta/MARIANI-Giorgio/dq2RkpikbGc%3D,https://www.fidal.it/societa/U-S--ATL--VEDANO/MI054
8.74,8.74,e,ROCCHIO Claudio,1991,JM,ATLETICA ISERNIA,3 su- 1,Napoli Ponticelli,2009-02-07,https://www.fidal.it/atleta/ROCCHIO-Claudio/g6iRkpemcGc%3D,https://www.fidal.it/societa/ATLETICA-ISERNIA/IS010
8.75,8.75,e,CARGNELLI Manuel,1990,JM,TREVISATLETICA,1 ba- 1,Udine,2009-01-11,https://www.fidal.it/atleta/CARGNELLI-Manuel/eKyRkpWjaGk%3D,https://www.fidal.it/societa/TREVISATLETICA/TV354
8.75,8.75,e,OTTAVIANI Leonardo,1991,JM,ATL. AVIS MACERATA,2 ba- 1,Ancona,2009-01-24,https://www.fidal.it/atleta/OTTAVIANI-Leonardo/e6iRk5KlaGw%3D,https://www.fidal.it/societa/ATL--AVIS-MACERATA/MC004
8.75,8.75,e,SGARZANI Riccardo,1990,JM,EDERA ATL. FORLI,3 ba- 1,Modena,2009-01-24,https://www.fidal.it/atleta/SGARZANI-Riccardo/eqiRlpifcGs%3D,https://www.fidal.it/societa/EDERA-ATL--FORLI/FC038
8.75,8.75,e,OTTAVIANI Leonardo,1991,JM,ATL. AVIS MACERATA,4 se- 1,Ancona,2009-02-01,https://www.fidal.it/atleta/OTTAVIANI-Leonardo/e6iRk5KlaGw%3D,https://www.fidal.it/societa/ATL--AVIS-MACERATA/MC004
8.78,8.78,e,MARZETTI Alessandro,1991,JM,ATL. SALETTI,4 su- 1,Padova,2009-01-24,https://www.fidal.it/atleta/MARZETTI-Alessandro/dqmRlpqgcGY%3D,https://www.fidal.it/societa/ATL--SALETTI/BG036
8.78,8.78,e,CALANDRINA Andrea,1973,SM35,POL.BIENATE MAGNAGO ATL.,1 se- 1,Ancona,2009-02-27,https://www.fidal.it/atleta/CALANDRINA-Andrea/dqiRkpSoa2Q%3D,https://www.fidal.it/societa/POL-BIENATE-MAGNAGO-ATL-/MI157
8.79,8.79,e,MARCATO Riccardo,1990,JM,ASSINDUSTRIA SPORT PADOVA,5 se- 1,Ancona,2009-02-01,https://www.fidal.it/atleta/MARCATO-Riccardo/eKiRlZajbWc%3D,https://www.fidal.it/societa/ASSINDUSTRIA-SPORT-PADOVA/PD140
8.8,8.80,e,CROSIO Mattia,1991,JM,ASS. SPORT. ATL. STRAMBINO,1 su- 1,Aosta,2009-01-11,https://www.fidal.it/atleta/CROSIO-Mattia/dK6RlJafbGM%3D,https://www.fidal.it/societa/ASS--SPORT--ATL--STRAMBINO/TO177
8.8,8.80,e,MARIANI Giorgio,1991,JM,U.S. ATL. VEDANO,4 fi- 1,Saronno,2009-01-11,https://www.fidal.it/atleta/MARIANI-Giorgio/dq2RkpikbGc%3D,https://www.fidal.it/societa/U-S--ATL--VEDANO/MI054
8.8,8.80,e,ZERBINI Andrea,1990,JM,CREMONA SPORTIVA ATL. ARVEDI,4 fi- 1,Modena,2009-01-17,https://www.fidal.it/atleta/ZERBINI-Andrea/dqyRlpincGk%3D,https://www.fidal.it/societa/CREMONA-SPORTIVA-ATL--ARVEDI/CR041
8.8,8.80,e,LUCATO Gianpaolo,1991,JM,ATLETICA LIBERTAS PADOVA,1 fi- 1,Udine,2009-01-24,https://www.fidal.it/atleta/LUCATO-Gianpaolo/eKiRlZSicGY%3D,https://www.fidal.it/societa/ATLETICA-LIBERTAS-PADOVA/PD135
8.81,8.81,e,LACALA Stefano,1991,JM,A.P.D. PARTENOPE ATL. LEGG.,1 se- 2,Napoli Ponticelli,2009-01-24,https://www.fidal.it/atleta/LACALA-Stefano/gKiRlZmkcWM%3D,https://www.fidal.it/societa/A-P-D--PARTENOPE-ATL--LEGG-/NA069
8.81,8.81,e,LACALA Stefano,1991,JM,A.P.D. PARTENOPE ATL. LEGG.,7 ba- 2,Ancona,2009-02-14,https://www.fidal.it/atleta/LACALA-Stefano/gKiRlZmkcWM%3D,https://www.fidal.it/societa/A-P-D--PARTENOPE-ATL--LEGG-/NA069
8.82,8.82,e,BONVENTI Enrico,1990,JM,S.E.F. STAMURA ANCONA A.S.D.,3 ba- 1,Ancona,2009-01-24,https://www.fidal.it/atleta/BONVENTI-Enrico/e6iRk5emcWQ%3D,https://www.fidal.it/societa/S-E-F--STAMURA-ANCONA-A-S-D-/AN010
8.82,8.82,e,AIRALE Marco,1990,JM,ATLETICA CANAVESANA,3 fi- 1,Aosta,2009-02-01,https://www.fidal.it/atleta/AIRALE-Marco/dK6RlJWfams%3D,https://www.fidal.it/societa/ATLETICA-CANAVESANA/TO015
8.82,8.82,e,AIRALE Marco,1990,JM,ATLETICA CANAVESANA,3 su- 1,Aosta,2009-02-01,https://www.fidal.it/atleta/AIRALE-Marco/dK6RlJWfams%3D,https://www.fidal.it/societa/ATLETICA-CANAVESANA/TO015
8.82,8.82,e,ELIA Marco,1990,JM,S.S.FIAMMA ATL.CATANZARO,4 su- 1,Napoli Ponticelli,2009-02-07,https://www.fidal.it/atleta/ELIA-Marco/hqiRk5eoa2k%3D,https://www.fidal.it/societa/S-S-FIAMMA-ATL-CATANZARO/CZ010
8.83,8.83,e,CARGNELLI Manuel,1990,JM,TREVISATLETICA,1 fi- 1,Udine,2009-01-11,https://www.fidal.it/atleta/CARGNELLI-Manuel/eKyRkpWjaGk%3D,https://www.fidal.it/societa/TREVISATLETICA/TV354
8.83,8.83,e,LUCATO Gianpaolo,1991,JM,ATLETICA LIBERTAS PADOVA,1 ba- 1,Udine,2009-01-24,https://www.fidal.it/atleta/LUCATO-Gianpaolo/eKiRlZSicGY%3D,https://www.fidal.it/societa/ATLETICA-LIBERTAS-PADOVA/PD135
8.83,8.83,e,PIAZZA Matteo,1990,JM,PROSPORT ATL. FIRENZE,1 su- 1,Firenze,2009-01-24,https://www.fidal.it/atleta/PIAZZA-Matteo/faiRm5aha2Y%3D,https://www.fidal.it/societa/PROSPORT-ATL--FIRENZE/FI009
8.84,8.84,e,CIVATI Riccardo,1990,JM,ATL. CLUB VILLASANTA,5 fi- 1,Saronno,2009-01-11,https://www.fidal.it/atleta/CIVATI-Riccardo/dq2Rk5WkbWo%3D,https://www.fidal.it/societa/ATL--CLUB-VILLASANTA/MI068
8.84,8.84,e,SCARBOLO Alessio,1990,JM,ATLETICA UDINESE MALIGNANI,1 su- 1,Udine,2009-01-31,https://www.fidal.it/atleta/SCARBOLO-Alessio/eayRkpqgamY%3D,https://www.fidal.it/societa/ATLETICA-UDINESE-MALIGNANI/UD030
8.84,8.84,e,BONETTO Matteo,1991,JM,ATLETICA SANDRO CALVESI,2 su- 1,Aosta,2009-03-14,https://www.fidal.it/atleta/BONETTO-Matteo/jKiRlJSmaWg%3D,https://www.fidal.it/societa/ATLETICA-SANDRO-CALVESI/AO004
8.85,8.85,e,CIPRINI Luca,1991,JM,ATL. AVIS MACERATA,1 ba- 1,Ancona,2009-02-12,https://www.fidal.it/atleta/CIPRINI-Luca/e6iRk5egbGs%3D,https://www.fidal.it/societa/ATL--AVIS-MACERATA/MC004
8.85,8.85,e,VOLPE Luca,1990,JM,A.S.D. FRANCESCO FRANCIA,8 ba- 2,Ancona,2009-02-14,https://www.fidal.it/atleta/VOLPE-Luca/eqiRlZWib2Y%3D,https://www.fidal.it/societa/A-S-D--FRANCESCO-FRANCIA/BO015
8.86,8.86,e,GIULIANI Lorenzo,1990,JM,MARATHON U.O.E.I. TRIESTE,1 su- 1,Udine,2009-01-31,https://www.fidal.it/atleta/GIULIANI-Lorenzo/eauRkpmkcWM%3D,https://www.fidal.it/societa/MARATHON-U-O-E-I--TRIESTE/TS044
8.86,8.86,e,CORNALI Claudio,1991,JM,ATL.  CENTO TORRI PAVIA,2 fi- 1,Castenedolo,2009-02-01,https://www.fidal.it/atleta/CORNALI-Claudio/dq2Rk5WoamU%3D,https://www.fidal.it/societa/ATL--CENTO-TORRI-PAVIA/PV110
8.87,8.87,e,SCEBI Agostino,1990,JM,A.S.D. AGG. HINNA,5 su- 1,Napoli Ponticelli,2009-02-07,https://www.fidal.it/atleta/SCEBI-Agostino/gKiRlZKocWY%3D,https://www.fidal.it/societa/A-S-D--AGG--HINNA/NA014
8.88,8.88,e,CIPRINI Luca,1991,JM,ATL. AVIS MACERATA,3 fi- 1,Ancona,2009-02-07,https://www.fidal.it/atleta/CIPRINI-Luca/e6iRk5egbGs%3D,https://www.fidal.it/societa/ATL--AVIS-MACERATA/MC004
8.89,8.89,e,ZERBINI Andrea,1990,JM,CREMONA SPORTIVA ATL. ARVEDI,4 fi- 1,Modena,2009-01-10,https://www.fidal.it/atleta/ZERBINI-Andrea/dqyRlpincGk%3D,https://www.fidal.it/societa/CREMONA-SPORTIVA-ATL--ARVEDI/CR041
8.9,8.90,e,CIVATI Riccardo,1990,JM,ATL. CLUB VILLASANTA,2 se- 1,Saronno,2009-02-07,https://www.fidal.it/atleta/CIVATI-Riccardo/dq2Rk5WkbWo%3D,https://www.fidal.it/societa/ATL--CLUB-VILLASANTA/MI068
8.91,8.91,e,LACALA Stefano,1991,JM,A.P.D. PARTENOPE ATL. LEGG.,6 se- 1,Ancona,2009-02-01,https://www.fidal.it/atleta/LACALA-Stefano/gKiRlZmkcWM%3D,https://www.fidal.it/societa/A-P-D--PARTENOPE-ATL--LEGG-/NA069
8.92,8.92,e,AIRALE Marco,1990,JM,ATLETICA CANAVESANA,3 se- 1,Aosta,2009-01-25,https://www.fidal.it/atleta/AIRALE-Marco/dK6RlJWfams%3D,https://www.fidal.it/societa/ATLETICA-CANAVESANA/TO015
8.93,8.93,e,ELIA Marco,1990,JM,S.S.FIAMMA ATL.CATANZARO,7 ba- 1,Ancona,2009-02-14,https://www.fidal.it/atleta/ELIA-Marco/hqiRk5eoa2k%3D,https://www.fidal.it/societa/S-S-FIAMMA-ATL-CATANZARO/CZ010
8.94,8.94,e,SELTRALIA Giovanni,1991,JM,POL. LIB. CERNUSCHESE,3 su- 1,Saronno,2009-02-07,https://www.fidal.it/atleta/SELTRALIA-Giovanni/dquRkpOjbGk%3D,https://www.fidal.it/societa/POL--LIB--CERNUSCHESE/CO039
8.94,8.94,e,CIPRINI Luca,1991,JM,ATL. AVIS MACERATA,1 fi- 1,Ancona,2009-02-12,https://www.fidal.it/atleta/CIPRINI-Luca/e6iRk5egbGs%3D,https://www.fidal.it/societa/ATL--AVIS-MACERATA/MC004
8.95,8.95,e,CALANDRINA Andrea,1973,SM35,POL.BIENATE MAGNAGO ATL.,1 su- 1,Aosta,2009-02-07,https://www.fidal.it/atleta/CALANDRINA-Andrea/dqiRkpSoa2Q%3D,https://www.fidal.it/societa/POL-BIENATE-MAGNAGO-ATL-/MI157
8.95,8.95,e,CIPRINI Luca,1991,JM,ATL. AVIS MACERATA,3 ba- 1,Ancona,2009-02-07,https://www.fidal.it/atleta/CIPRINI-Luca/e6iRk5egbGs%3D,https://www.fidal.it/societa/ATL--AVIS-MACERATA/MC004
8.96,8.96,e,CIVATI Riccardo,1990,JM,ATL. CLUB VILLASANTA,4 ba- 1,Saronno,2009-01-11,https://www.fidal.it/atleta/CIVATI-Riccardo/dq2Rk5WkbWo%3D,https://www.fidal.it/societa/ATL--CLUB-VILLASANTA/MI068
8.96,8.96,e,GIULIANI Lorenzo,1990,JM,MARATHON U.O.E.I. TRIESTE,5 ba- 2,Modena,2009-03-08,https://www.fidal.it/atleta/GIULIANI-Lorenzo/eauRkpmkcWM%3D,https://www.fidal.it/societa/MARATHON-U-O-E-I--TRIESTE/TS044
8.97,8.97,e,GIULIANI Lorenzo,1990,JM,MARATHON U.O.E.I. TRIESTE,7 ba- 4,Ancona,2009-02-14,https://www.fidal.it/atleta/GIULIANI-Lorenzo/eauRkpmkcWM%3D,https://www.fidal.it/societa/MARATHON-U-O-E-I--TRIESTE/TS044
8.98,8.98,e,CIVATI Riccardo,1990,JM,ATL. CLUB VILLASANTA,4 su- 1,Saronno,2009-02-07,https://www.fidal.it/atleta/CIVATI-Riccardo/dq2Rk5WkbWo%3D,https://www.fidal.it/societa/ATL--CLUB-VILLASANTA/MI068
8.98,8.98,e,SCARBOLO Alessio,1990,JM,ATLETICA UDINESE MALIGNANI,8 ba- 3,Ancona,2009-02-14,https://www.fidal.it/atleta/SCARBOLO-Alessio/eayRkpqgamY%3D,https://www.fidal.it/societa/ATLETICA-UDINESE-MALIGNANI/UD030
8.98,8.98,e,BASSETTO Mattia,1991,JM,G.A. BASSANO,5 fi- 1,Modena,2009-03-08,https://www.fidal.it/atleta/BASSETTO-Mattia/eK6RkpKjaGs%3D,https://www.fidal.it/societa/G-A--BASSANO/VI614
8.99,8.99,e,CECCHIN Giacomo,1991,JM,ATL. RICCARDI MILANO,1 ba- 2,Saronno,2009-01-11,https://www.fidal.it/atleta/CECCHIN-Giacomo/dq2Rkpeoa2Q%3D,https://www.fidal.it/societa/ATL--RICCARDI-MILANO/MI080
8.99,8.99,e,LACALA Stefano,1991,JM,A.P.D. PARTENOPE ATL. LEGG.,1 su- 1,Napoli,2009-01-11,https://www.fidal.it/atleta/LACALA-Stefano/gKiRlZmkcWM%3D,https://www.fidal.it/societa/A-P-D--PARTENOPE-ATL--LEGG-/NA069
8.99,8.99,e,BAGNOLI Leonardo,1991,JM,PROSPORT ATL. FIRENZE,2 su- 1,Firenze,2009-01-24,https://www.fidal.it/atleta/BAGNOLI-Leonardo/faiRm5mgcGQ%3D,https://www.fidal.it/societa/PROSPORT-ATL--FIRENZE/FI009
9.0,9.00,e,ELIA Marco,1990,JM,S.S.FIAMMA ATL.CATANZARO,2 se- 2,Napoli Ponticelli,2009-01-24,https://www.fidal.it/atleta/ELIA-Marco/hqiRk5eoa2k%3D,https://www.fidal.it/societa/S-S-FIAMMA-ATL-CATANZARO/CZ010
9.0,9.00,e,CORNALI Claudio,1991,JM,ATL.  CENTO TORRI PAVIA,1 se- 2,Saronno,2009-02-07,https://www.fidal.it/atleta/CORNALI-Claudio/dq2Rk5WoamU%3D,https://www.fidal.it/societa/ATL--CENTO-TORRI-PAVIA/PV110
9.01,9.01,e,SCEBI Agostino,1990,JM,A.S.D. AGG. HINNA,1 se- 2,Ancona,2009-02-01,https://www.fidal.it/atleta/SCEBI-Agostino/gKiRlZKocWY%3D,https://www.fidal.it/societa/A-S-D--AGG--HINNA/NA014
9.01,9.01,e,LUCATO Gianpaolo,1991,JM,ATLETICA LIBERTAS PADOVA,8 ba- 1,Ancona,2009-02-14,https://www.fidal.it/atleta/LUCATO-Gianpaolo/eKiRlZSicGY%3D,https://www.fidal.it/societa/ATLETICA-LIBERTAS-PADOVA/PD135
9.02,9.02,e,SGARZANI Riccardo,1990,JM,EDERA ATL. FORLI,2 ba- 1,Ancona,2009-01-11,https://www.fidal.it/atleta/SGARZANI-Riccardo/eqiRlpifcGs%3D,https://www.fidal.it/societa/EDERA-ATL--FORLI/FC038
9.02,9.02,e,PRAMOTTON Julien,1990,JM,ATLETICA PONT DONNAS,1 su- 1,Aosta,2009-02-07,https://www.fidal.it/atleta/PRAMOTTON-Julien/jKiRkpSnamg%3D,https://www.fidal.it/societa/ATLETICA-PONT-DONNAS/AO002
9.03,9.03,e,ZERBINI Andrea,1990,JM,CREMONA SPORTIVA ATL. ARVEDI,4 ba- 1,Modena,2009-01-10,https://www.fidal.it/atleta/ZERBINI-Andrea/dqyRlpincGk%3D,https://www.fidal.it/societa/CREMONA-SPORTIVA-ATL--ARVEDI/CR041
9.03,9.03,e,CIPRINI Luca,1991,JM,ATL. AVIS MACERATA,2 su- 1,Ancona,2009-01-17,https://www.fidal.it/atleta/CIPRINI-Luca/e6iRk5egbGs%3D,https://www.fidal.it/societa/ATL--AVIS-MACERATA/MC004
9.04,9.04,e,SELTRALIA Giovanni,1991,JM,POL. LIB. CERNUSCHESE,3 ba- 1,Castenedolo,2009-01-25,https://www.fidal.it/atleta/SELTRALIA-Giovanni/dquRkpOjbGk%3D,https://www.fidal.it/societa/POL--LIB--CERNUSCHESE/CO039
9.04,9.04,e,AIRALE Marco,1990,JM,ATLETICA CANAVESANA,3 su- 1,Aosta,2009-01-25,https://www.fidal.it/atleta/AIRALE-Marco/dK6RlJWfams%3D,https://www.fidal.it/societa/ATLETICA-CANAVESANA/TO015
9.05,9.05,e,FAPPIANO Fabio,1990,JM,A.S.D. LIB. POL. AMAT. ATL. BN,3 se- 2,Napoli Ponticelli,2009-01-24,https://www.fidal.it/atleta/FAPPIANO-Fabio/gKqRkpKgaWs%3D,https://www.fidal.it/societa/A-S-D--LIB--POL--AMAT--ATL--BN/BN026
9.05,9.05,e,BACCARINI Mirko,1991,JM,ATLETICA RAVENNA,4 ba- 1,Modena,2009-01-24,https://www.fidal.it/atleta/BACCARINI-Mirko/eqiRlZeoaWc%3D,https://www.fidal.it/societa/ATLETICA-RAVENNA/RA095
9.06,9.06,e,MARIANI Giorgio,1991,JM,U.S. ATL. VEDANO,5 ba- 1,Saronno,2009-01-11,https://www.fidal.it/atleta/MARIANI-Giorgio/dq2RkpikbGc%3D,https://www.fidal.it/societa/U-S--ATL--VEDANO/MI054
9.06,9.06,e,DURETTO Daniele,1990,JM,ATLETICA CANAVESANA,4 se- 1,Aosta,2009-01-25,https://www.fidal.it/atleta/DURETTO-Daniele/dK6RlJSmbWo%3D,https://www.fidal.it/societa/ATLETICA-CANAVESANA/TO015
9.07,9.07,e,SCEBI Agostino,1990,JM,A.S.D. AGG. HINNA,2 su- 1,Napoli,2009-01-11,https://www.fidal.it/atleta/SCEBI-Agostino/gKiRlZKocWY%3D,https://www.fidal.it/societa/A-S-D--AGG--HINNA/NA014
9.07,9.07,e,DELLANTONIO Luca,1990,JM,S.A.F. BOLZANO,1 fi- 1,Pergine Valsugana,2009-02-07,https://www.fidal.it/atleta/DELLANTONIO-Luca/iaiRkpmmb2o%3D,https://www.fidal.it/societa/S-A-F--BOLZANO/BZ018
9.08,9.08,e,SIMIONATO Gianluca,1990,JM,N.ATL. FANFULLA LODIGIANA,3 su- 1,Ancona,2009-01-17,https://www.fidal.it/atleta/SIMIONATO-Gianluca/drKRkpSobWM%3D,https://www.fidal.it/societa/N-ATL--FANFULLA-LODIGIANA/MI218
9.08,9.08,e,STRAGLIOTTO Nicola,1990,JM,ATLETICA LIBERTAS PADOVA,4 su- 1,Ancona,2009-01-17,https://www.fidal.it/atleta/STRAGLIOTTO-Nicola/eKiRlJmlbWk%3D,https://www.fidal.it/societa/ATLETICA-LIBERTAS-PADOVA/PD135
9.08,9.08,e,SELTRALIA Giovanni,1991,JM,POL. LIB. CERNUSCHESE,1 fi- 2,Castenedolo,2009-01-25,https://www.fidal.it/atleta/SELTRALIA-Giovanni/dquRkpOjbGk%3D,https://www.fidal.it/societa/POL--LIB--CERNUSCHESE/CO039
9.09,9.09,e,SIMIONATO Gianluca,1990,JM,N.ATL. FANFULLA LODIGIANA,2 se- 2,Ancona,2009-02-01,https://www.fidal.it/atleta/SIMIONATO-Gianluca/drKRkpSobWM%3D,https://www.fidal.it/societa/N-ATL--FANFULLA-LODIGIANA/MI218
9.09,9.09,e,BIZZOTTO Andrea,1991,JM,ATLETICA LIBERTAS PADOVA,3 se- 2,Ancona,2009-02-01,https://www.fidal.it/atleta/BIZZOTTO-Andrea/eK6RkpKib2o%3D,https://www.fidal.it/societa/ATLETICA-LIBERTAS-PADOVA/PD135
9.09,9.09,e,SELTRALIA Giovanni,1991,JM,POL. LIB. CERNUSCHESE,2 se- 2,Saronno,2009-02-07,https://www.fidal.it/atleta/SELTRALIA-Giovanni/dquRkpOjbGk%3D,https://www.fidal.it/societa/POL--LIB--CERNUSCHESE/CO039
9.1,9.10,e,CORNALI Claudio,1991,JM,ATL.  CENTO TORRI PAVIA,2 ba- 1,Castenedolo,2009-02-01,https://www.fidal.it/atleta/CORNALI-Claudio/dq2Rk5WoamU%3D,https://www.fidal.it/societa/ATL--CENTO-TORRI-PAVIA/PV110
9.1,9.10,e,DELLANTONIO Luca,1990,JM,S.A.F. BOLZANO,1 ba- 1,Pergine Valsugana,2009-02-07,https://www.fidal.it/atleta/DELLANTONIO-Luca/iaiRkpmmb2o%3D,https://www.fidal.it/societa/S-A-F--BOLZANO/BZ018
9.12,9.12,e,LUCATO Gianpaolo,1991,JM,ATLETICA LIBERTAS PADOVA,1 ba- 1,Udine,2009-01-17,https://www.fidal.it/atleta/LUCATO-Gianpaolo/eKiRlZSicGY%3D,https://www.fidal.it/societa/ATLETICA-LIBERTAS-PADOVA/PD135
9.12,9.12,e,SCEBI Agostino,1990,JM,A.S.D. AGG. HINNA,3 su- 1,Napoli Ponticelli,2009-01-17,https://www.fidal.it/atleta/SCEBI-Agostino/gKiRlZKocWY%3D,https://www.fidal.it/societa/A-S-D--AGG--HINNA/NA014
9.12,9.12,e,LEONI Alessio,1991,JM,A.S. LA FRATELLANZA 1874,4 ba- 2,Modena,2009-01-24,https://www.fidal.it/atleta/LEONI-Alessio/eqiRlZemaWo%3D,https://www.fidal.it/societa/A-S--LA-FRATELLANZA-1874/MO052
9.12,9.12,e,DURETTO Daniele,1990,JM,ATLETICA CANAVESANA,4 su- 1,Aosta,2009-01-25,https://www.fidal.it/atleta/DURETTO-Daniele/dK6RlJSmbWo%3D,https://www.fidal.it/societa/ATLETICA-CANAVESANA/TO015
9.12,9.12,e,FAPPIANO Fabio,1990,JM,A.S.D. LIB. POL. AMAT. ATL. BN,6 su- 1,Napoli Ponticelli,2009-02-07,https://www.fidal.it/atleta/FAPPIANO-Fabio/gKqRkpKgaWs%3D,https://www.fidal.it/societa/A-S-D--LIB--POL--AMAT--ATL--BN/BN026
9.12,9.12,e,DELLANTONIO Luca,1990,JM,S.A.F. BOLZANO,1 ba- 1,Monaco,2009-03-07,https://www.fidal.it/atleta/DELLANTONIO-Luca/iaiRkpmmb2o%3D,https://www.fidal.it/societa/S-A-F--BOLZANO/BZ018
9.14,9.14,e,SAVOIA Filippo,1991,JM,ATLETICA UDINESE MALIGNANI,3 su- 1,Udine,2009-01-31,https://www.fidal.it/atleta/SAVOIA-Filippo/eayRk5KmaWk%3D,https://www.fidal.it/societa/ATLETICA-UDINESE-MALIGNANI/UD030
9.15,9.15,e,BACCARINI Mirko,1991,JM,ATLETICA RAVENNA,4 fi- 1,Ancona,2009-02-07,https://www.fidal.it/atleta/BACCARINI-Mirko/eqiRlZeoaWc%3D,https://www.fidal.it/societa/ATLETICA-RAVENNA/RA095
9.16,9.16,e,BIZZOTTO Andrea,1991,JM,ATLETICA LIBERTAS PADOVA,5 su- 1,Ancona,2009-01-17,https://www.fidal.it/atleta/BIZZOTTO-Andrea/eK6RkpKib2o%3D,https://www.fidal.it/societa/ATLETICA-LIBERTAS-PADOVA/PD135
9.17,9.17,e,ZERBINI Andrea,1990,JM,CREMONA SPORTIVA ATL. ARVEDI,4 ba- 1,Modena,2009-01-17,https://www.fidal.it/atleta/ZERBINI-Andrea/dqyRlpincGk%3D,https://www.fidal.it/societa/CREMONA-SPORTIVA-ATL--ARVEDI/CR041
9.17,9.17,e,CASTELLI Alfio,1990,JM,SPORT CLUB CATANIA A.S.D.,1 se- 3,Ancona,2009-02-01,https://www.fidal.it/atleta/CASTELLI-Alfio/h6iRlJuhbWo%3D,https://www.fidal.it/societa/SPORT-CLUB-CATANIA-A-S-D-/CT075
9.17,9.17,e,BAGNOLI Leonardo,1991,JM,PROSPORT ATL. FIRENZE,4 se- 2,Ancona,2009-02-01,https://www.fidal.it/atleta/BAGNOLI-Leonardo/faiRm5mgcGQ%3D,https://www.fidal.it/societa/PROSPORT-ATL--FIRENZE/FI009
9.18,9.18,e,BACCARINI Mirko,1991,JM,ATLETICA RAVENNA,4 ba- 1,Ancona,2009-02-07,https://www.fidal.it/atleta/BACCARINI-Mirko/eqiRlZeoaWc%3D,https://www.fidal.it/societa/ATLETICA-RAVENNA/RA095
9.19,9.19,e,CUSINATO Michael,1991,JM,ATLETICA MIZUNO PIEMONTE ASSOC,2 su- 1,Aosta,2009-01-11,https://www.fidal.it/atleta/CUSINATO-Michael/dK2Rk5mmaGo%3D,https://www.fidal.it/societa/ATLETICA-MIZUNO-PIEMONTE-ASSOC/TO226
9.19,9.19,e,BONVENTI Enrico,1990,JM,S.E.F. STAMURA ANCONA A.S.D.,3 fi- 1,Ancona,2009-01-24,https://www.fidal.it/atleta/BONVENTI-Enrico/e6iRk5emcWQ%3D,https://www.fidal.it/societa/S-E-F--STAMURA-ANCONA-A-S-D-/AN010
9.21,9.21,e,SELTRALIA Giovanni,1991,JM,POL. LIB. CERNUSCHESE,2 ba- 2,Saronno,2009-01-11,https://www.fidal.it/atleta/SELTRALIA-Giovanni/dquRkpOjbGk%3D,https://www.fidal.it/societa/POL--LIB--CERNUSCHESE/CO039
9.21,9.21,e,PIAZZA Tommaso,1990,JM,PROSPORT ATL. FIRENZE,3 su- 1,Firenze,2009-01-24,https://www.fidal.it/atleta/PIAZZA-Tommaso/faiRm5aha2c%3D,https://www.fidal.it/societa/PROSPORT-ATL--FIRENZE/FI009
9.21,9.21,e,DURETTO Daniele,1990,JM,ATLETICA CANAVESANA,4 fi- 1,Aosta,2009-02-01,https://www.fidal.it/atleta/DURETTO-Daniele/dK6RlJSmbWo%3D,https://www.fidal.it/societa/ATLETICA-CANAVESANA/TO015
9.21,9.21,e,DURETTO Daniele,1990,JM,ATLETICA CANAVESANA,4 su- 1,Aosta,2009-02-01,https://www.fidal.it/atleta/DURETTO-Daniele/dK6RlJSmbWo%3D,https://www.fidal.it/societa/ATLETICA-CANAVESANA/TO015
9.23,9.23,e,SIMIONATO Gianluca,1990,JM,N.ATL. FANFULLA LODIGIANA,4 ba- 2,Saronno,2009-01-11,https://www.fidal.it/atleta/SIMIONATO-Gianluca/drKRkpSobWM%3D,https://www.fidal.it/societa/N-ATL--FANFULLA-LODIGIANA/MI218
9.23,9.23,e,MASERA Luca,1990,JM,S.A.F. BOLZANO,2 ba- 1,Pergine Valsugana,2009-02-07,https://www.fidal.it/atleta/MASERA-Luca/iaiRkpikaWQ%3D,https://www.fidal.it/societa/S-A-F--BOLZANO/BZ018
9.25,9.25,e,LEONI Alessio,1991,JM,A.S. LA FRATELLANZA 1874,2 se- 3,Ancona,2009-02-01,https://www.fidal.it/atleta/LEONI-Alessio/eqiRlZemaWo%3D,https://www.fidal.it/societa/A-S--LA-FRATELLANZA-1874/MO052
9.27,9.27,e,MASERA Luca,1990,JM,S.A.F. BOLZANO,3 se- 3,Ancona,2009-02-01,https://www.fidal.it/atleta/MASERA-Luca/iaiRkpikaWQ%3D,https://www.fidal.it/societa/S-A-F--BOLZANO/BZ018
9.29,9.29,e,PRAMOTTON Julien,1990,JM,ATLETICA PONT DONNAS,5 su- 1,Aosta,2009-01-25,https://www.fidal.it/atleta/PRAMOTTON-Julien/jKiRkpSnamg%3D,https://www.fidal.it/societa/ATLETICA-PONT-DONNAS/AO002
9.31,9.31,e,PIAZZA Tommaso,1990,JM,PROSPORT ATL. FIRENZE,5 se- 2,Ancona,2009-02-01,https://www.fidal.it/atleta/PIAZZA-Tommaso/faiRm5aha2c%3D,https://www.fidal.it/societa/PROSPORT-ATL--FIRENZE/FI009
9.32,9.32,e,PIAZZA Tommaso,1990,JM,PROSPORT ATL. FIRENZE,4 ba- 1,Modena,2009-03-08,https://www.fidal.it/atleta/PIAZZA-Tommaso/faiRm5aha2c%3D,https://www.fidal.it/societa/PROSPORT-ATL--FIRENZE/FI009
9.33,9.33,e,PRAMOTTON Julien,1990,JM,ATLETICA PONT DONNAS,1 se- 2,Aosta,2009-01-25,https://www.fidal.it/atleta/PRAMOTTON-Julien/jKiRkpSnamg%3D,https://www.fidal.it/societa/ATLETICA-PONT-DONNAS/AO002
9.33,9.33,e,DEBIANCHI Luca,1990,JM,MARATHON U.O.E.I. TRIESTE,2 su- 1,Udine,2009-01-31,https://www.fidal.it/atleta/DEBIANCHI-Luca/eauRkpmicWs%3D,https://www.fidal.it/societa/MARATHON-U-O-E-I--TRIESTE/TS044
9.33,9.33,e,CUSPOLICI Tommaso,1991,JM,A.S. DIL. POL. A.P.B.,4 se- 3,Ancona,2009-02-01,https://www.fidal.it/atleta/CUSPOLICI-Tommaso/h6iRlZinb2w%3D,https://www.fidal.it/societa/A-S--DIL--POL--A-P-B-/PA354
9.37,9.37,e,SPADA Alessio,1991,JM,OLIMPUS SAN MARINO ATLETICA,6 su- 1,Ancona,2009-01-17,https://www.fidal.it/atleta/SPADA-Alessio/eqiRlZejbGo%3D,https://www.fidal.it/societa/OLIMPUS-SAN-MARINO-ATLETICA/SM278
9.37,9.37,e,SPADA Alessio,1991,JM,OLIMPUS SAN MARINO ATLETICA,5 se- 3,Ancona,2009-02-01,https://www.fidal.it/atleta/SPADA-Alessio/eqiRlZejbGo%3D,https://www.fidal.it/societa/OLIMPUS-SAN-MARINO-ATLETICA/SM278
9.39,9.39,e,ANZANI Stefano,1991,JM,GINN.MONZESE FORTI E LIBERI,7 su- 1,Ancona,2009-01-17,https://www.fidal.it/atleta/ANZANI-Stefano/dquRkpOiaGc%3D,https://www.fidal.it/societa/GINN-MONZESE-FORTI-E-LIBERI/MI085
9.4,9.40,e,FAPPIANO Fabio,1990,JM,A.S.D. LIB. POL. AMAT. ATL. BN,2 se- 2,Napoli,2009-01-11,https://www.fidal.it/atleta/FAPPIANO-Fabio/gKqRkpKgaWs%3D,https://www.fidal.it/societa/A-S-D--LIB--POL--AMAT--ATL--BN/BN026
9.41,9.41,e,MARIANI Giorgio,1991,JM,U.S. ATL. VEDANO,4 fi- 1,Castenedolo,2009-01-25,https://www.fidal.it/atleta/MARIANI-Giorgio/dq2RkpikbGc%3D,https://www.fidal.it/societa/U-S--ATL--VEDANO/MI054
9.44,9.44,e,ANZANI Stefano,1991,JM,GINN.MONZESE FORTI E LIBERI,6 se- 3,Ancona,2009-02-01,https://www.fidal.it/atleta/ANZANI-Stefano/dquRkpOiaGc%3D,https://www.fidal.it/societa/GINN-MONZESE-FORTI-E-LIBERI/MI085
9.47,9.47,e,PEDRINI Francesco,1991,JM,ATL. BERGAMO 1959 CREBERG,2 fi- 2,Castenedolo,2009-01-25,https://www.fidal.it/atleta/PEDRINI-Francesco/dqmRl5anb2M%3D,https://www.fidal.it/societa/ATL--BERGAMO-1959-CREBERG/BG003
9.49,9.49,e,STRAGLIOTTO Nicola,1990,JM,ATLETICA LIBERTAS PADOVA,2 fi- 1,Udine,2009-01-11,https://www.fidal.it/atleta/STRAGLIOTTO-Nicola/eKiRlJmlbWk%3D,https://www.fidal.it/societa/ATLETICA-LIBERTAS-PADOVA/PD135
9.49,9.49,e,PEDRINI Francesco,1991,JM,ATL. BERGAMO 1959 CREBERG,3 ba- 2,Castenedolo,2009-01-25,https://www.fidal.it/atleta/PEDRINI-Francesco/dqmRl5anb2M%3D,https://www.fidal.it/societa/ATL--BERGAMO-1959-CREBERG/BG003
9.49,9.49,e,PEDRINI Francesco,1991,JM,ATL. BERGAMO 1959 CREBERG,5 su- 1,Saronno,2009-02-07,https://www.fidal.it/atleta/PEDRINI-Francesco/dqmRl5anb2M%3D,https://www.fidal.it/societa/ATL--BERGAMO-1959-CREBERG/BG003
9.5,9.50,e,SAVOIA Filippo,1991,JM,ATLETICA UDINESE MALIGNANI,2 ba- 1,Udine,2009-01-11,https://www.fidal.it/atleta/SAVOIA-Filippo/eayRk5KmaWk%3D,https://www.fidal.it/societa/ATLETICA-UDINESE-MALIGNANI/UD030
9.52,9.52,e,STRAGLIOTTO Nicola,1990,JM,ATLETICA LIBERTAS PADOVA,3 ba- 1,Udine,2009-01-11,https://www.fidal.it/atleta/STRAGLIOTTO-Nicola/eKiRlJmlbWk%3D,https://www.fidal.it/societa/ATLETICA-LIBERTAS-PADOVA/PD135
9.55,9.55,e,CUSINATO Michael,1991,JM,ATLETICA MIZUNO PIEMONTE ASSOC,6 se- 2,Ancona,2009-02-01,https://www.fidal.it/atleta/CUSINATO-Michael/dK2Rk5mmaGo%3D,https://www.fidal.it/societa/ATLETICA-MIZUNO-PIEMONTE-ASSOC/TO226
9.66,9.66,e,CAPRIOTTI Enrico,1990,JM,ASD LA GALLA PONTEDERA ATL.,1 su- 1,Firenze,2009-01-31,https://www.fidal.it/atleta/CAPRIOTTI-Enrico/faiRlJmmaGQ%3D,https://www.fidal.it/societa/ASD-LA-GALLA-PONTEDERA-ATL-/PI144
9.76,9.76,e,PEDRINI Francesco,1991,JM,ATL. BERGAMO 1959 CREBERG,3 se- 2,Saronno,2009-02-07,https://www.fidal.it/atleta/PEDRINI-Francesco/dqmRl5anb2M%3D,https://www.fidal.it/societa/ATL--BERGAMO-1959-CREBERG/BG003
9.84,9.84,e,FERRARIS Nicolas,1990,JM,UNIONE GIOVANE BIELLA,2 se- 2,Aosta,2009-01-25,https://www.fidal.it/atleta/FERRARIS-Nicolas/dKAAARk5uibGU%3D,https://www.fidal.it/societa/UNIONE-GIOVANE-BIELLA/VC002
9.91,9.91,e,MOSCONI Matteo,1991,JM,OLIMPUS SAN MARINO ATLETICA,4 ba- 1,Ancona,2009-01-18,https://www.fidal.it/atleta/MOSCONI-Matteo/eqiRlZmmbGw%3D,https://www.fidal.it/societa/OLIMPUS-SAN-MARINO-ATLETICA/SM278
9.91,9.91,e,VIALBA Lodovico,1991,JM,UNIONE GIOVANE BIELLA,3 se- 2,Aosta,2009-01-25,https://www.fidal.it/atleta/VIALBA-Lodovico/dKAAARk5qgaGk%3D,https://www.fidal.it/societa/UNIONE-GIOVANE-BIELLA/VC002
9.91,9.91,e,BILLO Riccardo,1973,SM35,CENTRO ATLETICA COPPARO,4 su- 1,Ancona,2009-02-28,https://www.fidal.it/atleta/BILLO-Riccardo/eqiRlZihcWk%3D,https://www.fidal.it/societa/CENTRO-ATLETICA-COPPARO/FE028
10.0,10.00,e,CAPRIOTTI Enrico,1990,JM,ASD LA GALLA PONTEDERA ATL.,4 su- 1,Firenze,2009-01-24,https://www.fidal.it/atleta/CAPRIOTTI-Enrico/faiRlJmmaGQ%3D,https://www.fidal.it/societa/ASD-LA-GALLA-PONTEDERA-ATL-/PI144
10.03,10.03,e,VIALBA Lodovico,1991,JM,UNIONE GIOVANE BIELLA,4 su- 1,Aosta,2009-03-14,https://www.fidal.it/atleta/VIALBA-Lodovico/dKAAARk5qgaGk%3D,https://www.fidal.it/societa/UNIONE-GIOVANE-BIELLA/VC002
10.14,10.14,e,BILLO Riccardo,1973,SM35,CENTRO ATLETICA COPPARO,1 se- 2,Padova,2009-02-15,https://www.fidal.it/atleta/BILLO-Riccardo/eqiRlZihcWk%3D,https://www.fidal.it/societa/CENTRO-ATLETICA-COPPARO/FE028
10.17,10.17,e,FERRARIS Nicolas,1990,JM,UNIONE GIOVANE BIELLA,6 su- 1,Aosta,2009-01-25,https://www.fidal.it/atleta/FERRARIS-Nicolas/dKAAARk5uibGU%3D,https://www.fidal.it/societa/UNIONE-GIOVANE-BIELLA/VC002
10.36,10.36,e,CANDIDO Rinaldo,1990,JM,NUOVA ATLETICA FIAMMA ARANCA,3 su- 1,Napoli,2009-01-11,https://www.fidal.it/atleta/CANDIDO-Rinaldo/hqiRk5mgbmY%3D,https://www.fidal.it/societa/NUOVA-ATLETICA-FIAMMA-ARANCA/RC032
11.16,11.16,e,COEN Filippo,1991,JM,U.S. MILANESE,8 su- 1,Ancona,2009-01-17,https://www.fidal.it/atleta/COEN-Filippo/dq2Rkpqfb2M%3D,https://www.fidal.it/societa/U-S--MILANESE/MI579
16.71,16.71,e,MALPIGHI Davide,1991,JM,A.S. LA FRATELLANZA 1874,6 fi- 1,Modena,2009-03-08,https://www.fidal.it/atleta/MALPIGHI-Davide/eqiRlZiibGc%3D,https://www.fidal.it/societa/A-S--LA-FRATELLANZA-1874/MO052
7.83,7.83,e,MACH DI PALMSTEIN Ivan,1992,JM,ATL. RICCARDI MILANO,3 su- 2,Ancona,2010-03-06,https://www.fidal.it/atleta/MACH-DI-PALMSTEIN-Ivan/faiSkpShaGo%3D,https://www.fidal.it/societa/ATL--RICCARDI-MILANO/MI080
7.89,7.89,e,MACH DI PALMSTEIN Ivan,1992,JM,ATL. RICCARDI MILANO,1 fi- 1,Ancona,2010-02-13,https://www.fidal.it/atleta/MACH-DI-PALMSTEIN-Ivan/faiSkpShaGo%3D,https://www.fidal.it/societa/ATL--RICCARDI-MILANO/MI080
7.91,7.91,e,MACH DI PALMSTEIN Ivan,1992,JM,ATL. RICCARDI MILANO,3 su- 1,Ancona,2010-03-06,https://www.fidal.it/atleta/MACH-DI-PALMSTEIN-Ivan/faiSkpShaGo%3D,https://www.fidal.it/societa/ATL--RICCARDI-MILANO/MI080
7.92,7.92,e,MACH DI PALMSTEIN Ivan,1992,JM,ATL. RICCARDI MILANO,1 ba- 1,Ancona,2010-02-13,https://www.fidal.it/atleta/MACH-DI-PALMSTEIN-Ivan/faiSkpShaGo%3D,https://www.fidal.it/societa/ATL--RICCARDI-MILANO/MI080
8.1,8.10,e,OMEDE' Matteo,1992,JM,S.S. VITTORIO ALFIERI ASTI,1 se- 1,Aosta,2010-02-07,https://www.fidal.it/atleta/OMEDE-Matteo/dKuRk5ambGs%3D,https://www.fidal.it/societa/S-S--VITTORIO-ALFIERI-ASTI/AT001
8.13,8.13,e,OMEDE' Matteo,1992,JM,S.S. VITTORIO ALFIERI ASTI,1 su- 1,Aosta,2010-02-07,https://www.fidal.it/atleta/OMEDE-Matteo/dKuRk5ambGs%3D,https://www.fidal.it/societa/S-S--VITTORIO-ALFIERI-ASTI/AT001
8.13,8.13,e,PRAOLINI Francesco,1992,JM,CUS DEI LAGHI - ATL. VARESE,5 su- 1,Ancona,2010-03-06,https://www.fidal.it/atleta/PRAOLINI-Francesco/drKRkpWlbWs%3D,https://www.fidal.it/societa/CUS-DEI-LAGHI-ATL--VARESE/VA123
8.14,8.14,e,FOFANA Hassane,1992,JM,ATL. BERGAMO 1959 CREBERG,2 fi- 1,Modena,2010-02-21,https://www.fidal.it/atleta/FOFANA-Hassane/dqqRlpujbGU%3D,https://www.fidal.it/societa/ATL--BERGAMO-1959-CREBERG/BG003
8.15,8.15,e,PRAOLINI Francesco,1992,JM,CUS DEI LAGHI - ATL. VARESE,3 fi- 1,Modena,2010-02-21,https://www.fidal.it/atleta/PRAOLINI-Francesco/drKRkpWlbWs%3D,https://www.fidal.it/societa/CUS-DEI-LAGHI-ATL--VARESE/VA123
8.16,8.16,e,PRAOLINI Francesco,1992,JM,CUS DEI LAGHI - ATL. VARESE,2 fi- 1,Ancona,2010-02-13,https://www.fidal.it/atleta/PRAOLINI-Francesco/drKRkpWlbWs%3D,https://www.fidal.it/societa/CUS-DEI-LAGHI-ATL--VARESE/VA123
8.16,8.16,e,MALPIGHI Davide,1991,JM,A.S. LA FRATELLANZA 1874,4 fi- 1,Modena,2010-02-21,https://www.fidal.it/atleta/MALPIGHI-Davide/eqiRlZiibGc%3D,https://www.fidal.it/societa/A-S--LA-FRATELLANZA-1874/MO052
8.17,8.17,e,DEL PRATO Giacomo,1991,JM,C.U.S. PARMA,2 fi- 1,Modena,2010-01-23,https://www.fidal.it/atleta/DEL-PRATO-Giacomo/dqyRlpmgb2U%3D,https://www.fidal.it/societa/C-U-S--PARMA/PR068
8.18,8.18,e,FOFANA Hassane,1992,JM,ATL. BERGAMO 1959 CREBERG,3 fi- 1,Modena,2010-01-23,https://www.fidal.it/atleta/FOFANA-Hassane/dqqRlpujbGU%3D,https://www.fidal.it/societa/ATL--BERGAMO-1959-CREBERG/BG003
8.18,8.18,e,OMEDE' Matteo,1992,JM,S.S. VITTORIO ALFIERI ASTI,1 ba- 1,Modena,2010-02-21,https://www.fidal.it/atleta/OMEDE-Matteo/dKuRk5ambGs%3D,https://www.fidal.it/societa/S-S--VITTORIO-ALFIERI-ASTI/AT001
8.19,8.19,e,MALPIGHI Davide,1991,JM,A.S. LA FRATELLANZA 1874,3 fi- 1,Ancona,2010-02-13,https://www.fidal.it/atleta/MALPIGHI-Davide/eqiRlZiibGc%3D,https://www.fidal.it/societa/A-S--LA-FRATELLANZA-1874/MO052
8.2,8.20,e,MALPIGHI Davide,1991,JM,A.S. LA FRATELLANZA 1874,1 ba- 2,Ancona,2010-02-13,https://www.fidal.it/atleta/MALPIGHI-Davide/eqiRlZiibGc%3D,https://www.fidal.it/societa/A-S--LA-FRATELLANZA-1874/MO052
8.2,8.20,e,OMEDE' Matteo,1992,JM,S.S. VITTORIO ALFIERI ASTI,4 fi- 1,Ancona,2010-02-13,https://www.fidal.it/atleta/OMEDE-Matteo/dKuRk5ambGs%3D,https://www.fidal.it/societa/S-S--VITTORIO-ALFIERI-ASTI/AT001
8.2,8.20,e,DEL PRATO Giacomo,1991,JM,C.U.S. PARMA,5 fi- 1,Ancona,2010-02-13,https://www.fidal.it/atleta/DEL-PRATO-Giacomo/dqyRlpmgb2U%3D,https://www.fidal.it/societa/C-U-S--PARMA/PR068
8.21,8.21,e,PRAOLINI Francesco,1992,JM,CUS DEI LAGHI - ATL. VARESE,1 ba- 2,Modena,2010-02-21,https://www.fidal.it/atleta/PRAOLINI-Francesco/drKRkpWlbWs%3D,https://www.fidal.it/societa/CUS-DEI-LAGHI-ATL--VARESE/VA123
8.22,8.22,e,DEL PRATO Giacomo,1991,JM,C.U.S. PARMA,1 ba- 3,Ancona,2010-02-13,https://www.fidal.it/atleta/DEL-PRATO-Giacomo/dqyRlpmgb2U%3D,https://www.fidal.it/societa/C-U-S--PARMA/PR068
8.24,8.24,e,FOFANA Hassane,1992,JM,ATL. BERGAMO 1959 CREBERG,1 fi- 1,Modena,2010-01-16,https://www.fidal.it/atleta/FOFANA-Hassane/dqqRlpujbGU%3D,https://www.fidal.it/societa/ATL--BERGAMO-1959-CREBERG/BG003
8.24,8.24,e,MALPIGHI Davide,1991,JM,A.S. LA FRATELLANZA 1874,2 ba- 3,Modena,2010-02-21,https://www.fidal.it/atleta/MALPIGHI-Davide/eqiRlZiibGc%3D,https://www.fidal.it/societa/A-S--LA-FRATELLANZA-1874/MO052
8.24,8.24,e,PRAOLINI Francesco,1992,JM,CUS DEI LAGHI - ATL. VARESE,5 su- 2,Ancona,2010-03-06,https://www.fidal.it/atleta/PRAOLINI-Francesco/drKRkpWlbWs%3D,https://www.fidal.it/societa/CUS-DEI-LAGHI-ATL--VARESE/VA123
8.26,8.26,e,FOFANA Hassane,1992,JM,ATL. BERGAMO 1959 CREBERG,2 ba- 1,Modena,2010-02-21,https://www.fidal.it/atleta/FOFANA-Hassane/dqqRlpujbGU%3D,https://www.fidal.it/societa/ATL--BERGAMO-1959-CREBERG/BG003
8.27,8.27,e,PRAOLINI Francesco,1992,JM,CUS DEI LAGHI - ATL. VARESE,2 ba- 1,Ancona,2010-02-13,https://www.fidal.it/atleta/PRAOLINI-Francesco/drKRkpWlbWs%3D,https://www.fidal.it/societa/CUS-DEI-LAGHI-ATL--VARESE/VA123
8.28,8.28,e,DEL PRATO Giacomo,1991,JM,C.U.S. PARMA,2 fi- 1,Modena,2010-01-16,https://www.fidal.it/atleta/DEL-PRATO-Giacomo/dqyRlpmgb2U%3D,https://www.fidal.it/societa/C-U-S--PARMA/PR068
8.29,8.29,e,OMEDE' Matteo,1992,JM,S.S. VITTORIO ALFIERI ASTI,2 se- 1,Ancona,2010-01-31,https://www.fidal.it/atleta/OMEDE-Matteo/dKuRk5ambGs%3D,https://www.fidal.it/societa/S-S--VITTORIO-ALFIERI-ASTI/AT001
8.29,8.29,e,FOFANA Hassane,1992,JM,ATL. BERGAMO 1959 CREBERG,2 ba- 2,Ancona,2010-02-13,https://www.fidal.it/atleta/FOFANA-Hassane/dqqRlpujbGU%3D,https://www.fidal.it/societa/ATL--BERGAMO-1959-CREBERG/BG003
8.3,8.30,e,BIANCHI Augusto,1992,JM,ATLETICA UDINESE MALIGNANI,3 ba- 1,Ancona,2010-02-13,https://www.fidal.it/atleta/BIANCHI-Augusto/dKAAARk5mmaGQ%3D,https://www.fidal.it/societa/ATLETICA-UDINESE-MALIGNANI/UD030
8.3,8.30,e,FOFANA Hassane,1992,JM,ATL. BERGAMO 1959 CREBERG,6 fi- 1,Ancona,2010-02-13,https://www.fidal.it/atleta/FOFANA-Hassane/dqqRlpujbGU%3D,https://www.fidal.it/societa/ATL--BERGAMO-1959-CREBERG/BG003
8.31,8.31,e,DEL PRATO Giacomo,1991,JM,C.U.S. PARMA,2 ba- 2,Modena,2010-01-23,https://www.fidal.it/atleta/DEL-PRATO-Giacomo/dqyRlpmgb2U%3D,https://www.fidal.it/societa/C-U-S--PARMA/PR068
8.31,8.31,e,GRANELLA Francesco,1991,JM,C. U. S. TORINO,4 ba- 1,Ancona,2010-02-13,https://www.fidal.it/atleta/GRANELLA-Francesco/dK6RlJafb2g%3D,https://www.fidal.it/societa/C--U--S--TORINO/TO001
8.32,8.32,e,PRAOLINI Francesco,1992,JM,CUS DEI LAGHI - ATL. VARESE,1 fi- 1,Saronno,2010-02-06,https://www.fidal.it/atleta/PRAOLINI-Francesco/drKRkpWlbWs%3D,https://www.fidal.it/societa/CUS-DEI-LAGHI-ATL--VARESE/VA123
8.34,8.34,e,BIANCHI Augusto,1992,JM,ATLETICA UDINESE MALIGNANI,1 su- 1,Udine,2010-01-17,https://www.fidal.it/atleta/BIANCHI-Augusto/dKAAARk5mmaGQ%3D,https://www.fidal.it/societa/ATLETICA-UDINESE-MALIGNANI/UD030
8.34,8.34,e,BIANCHI Augusto,1992,JM,ATLETICA UDINESE MALIGNANI,7 fi- 1,Ancona,2010-02-13,https://www.fidal.it/atleta/BIANCHI-Augusto/dKAAARk5mmaGQ%3D,https://www.fidal.it/societa/ATLETICA-UDINESE-MALIGNANI/UD030
8.34,8.34,e,TRGOVCEVIC Luca,1992,JM,ATL. STUDENTESCA CA.RI.RI,1 fi- 1,Rieti,2010-02-21,https://www.fidal.it/atleta/TRGOVCEVIC-Luca/f6iRl5ema2Q%3D,https://www.fidal.it/societa/ATL--STUDENTESCA-CA-RI-RI/RI223
8.34,8.34,e,OMEDE' Matteo,1992,JM,S.S. VITTORIO ALFIERI ASTI,5 fi- 1,Modena,2010-02-21,https://www.fidal.it/atleta/OMEDE-Matteo/dKuRk5ambGs%3D,https://www.fidal.it/societa/S-S--VITTORIO-ALFIERI-ASTI/AT001
8.35,8.35,e,PRAOLINI Francesco,1992,JM,CUS DEI LAGHI - ATL. VARESE,1 ba- 1,Castenedolo,2010-01-31,https://www.fidal.it/atleta/PRAOLINI-Francesco/drKRkpWlbWs%3D,https://www.fidal.it/societa/CUS-DEI-LAGHI-ATL--VARESE/VA123
8.35,8.35,e,OTTAVIANI Leonardo,1991,JM,ATL. AVIS MACERATA,3 se- 1,Ancona,2010-01-31,https://www.fidal.it/atleta/OTTAVIANI-Leonardo/e6iRk5KlaGw%3D,https://www.fidal.it/societa/ATL--AVIS-MACERATA/MC004
8.35,8.35,e,FOFANA Hassane,1992,JM,ATL. BERGAMO 1959 CREBERG,2 fi- 1,Saronno,2010-02-06,https://www.fidal.it/atleta/FOFANA-Hassane/dqqRlpujbGU%3D,https://www.fidal.it/societa/ATL--BERGAMO-1959-CREBERG/BG003
8.35,8.35,e,GRANELLA Francesco,1991,JM,C. U. S. TORINO,8 fi- 1,Ancona,2010-02-13,https://www.fidal.it/atleta/GRANELLA-Francesco/dK6RlJafb2g%3D,https://www.fidal.it/societa/C--U--S--TORINO/TO001
8.35,8.35,e,DEL PRATO Giacomo,1991,JM,C.U.S. PARMA,2 ba- 2,Modena,2010-02-21,https://www.fidal.it/atleta/DEL-PRATO-Giacomo/dqyRlpmgb2U%3D,https://www.fidal.it/societa/C-U-S--PARMA/PR068
8.37,8.37,e,OMEDE' Matteo,1992,JM,S.S. VITTORIO ALFIERI ASTI,1 fi- 1,Bra,2010-01-10,https://www.fidal.it/atleta/OMEDE-Matteo/dKuRk5ambGs%3D,https://www.fidal.it/societa/S-S--VITTORIO-ALFIERI-ASTI/AT001
8.38,8.38,e,OMEDE' Matteo,1992,JM,S.S. VITTORIO ALFIERI ASTI,1 ba- 1,Bra,2010-01-10,https://www.fidal.it/atleta/OMEDE-Matteo/dKuRk5ambGs%3D,https://www.fidal.it/societa/S-S--VITTORIO-ALFIERI-ASTI/AT001
8.38,8.38,e,LONGONI Stefano,1975,SM35,ATL. LECCO-COLOMBO COSTRUZ.,1 su- 1,Ancona,2010-02-20,https://www.fidal.it/atleta/LONGONI-Stefano/dqiRkpagaGo%3D,https://www.fidal.it/societa/ATL--LECCO-COLOMBO-COSTRUZ-/CO208
8.39,8.39,e,FOFANA Hassane,1992,JM,ATL. BERGAMO 1959 CREBERG,1 ba- 1,Modena,2010-01-16,https://www.fidal.it/atleta/FOFANA-Hassane/dqqRlpujbGU%3D,https://www.fidal.it/societa/ATL--BERGAMO-1959-CREBERG/BG003
8.39,8.39,e,TRGOVCEVIC Luca,1992,JM,ATL. STUDENTESCA CA.RI.RI,1 fi- 1,Ancona,2010-01-23,https://www.fidal.it/atleta/TRGOVCEVIC-Luca/f6iRl5ema2Q%3D,https://www.fidal.it/societa/ATL--STUDENTESCA-CA-RI-RI/RI223
8.4,8.40,e,FOFANA Hassane,1992,JM,ATL. BERGAMO 1959 CREBERG,1 ba- 1,Modena,2010-01-23,https://www.fidal.it/atleta/FOFANA-Hassane/dqqRlpujbGU%3D,https://www.fidal.it/societa/ATL--BERGAMO-1959-CREBERG/BG003
8.4,8.40,e,BIZZOTTO Andrea,1991,JM,ATL.BIOTEKNA MARCON,1 ba- 1,Padova,2010-02-06,https://www.fidal.it/atleta/BIZZOTTO-Andrea/eK6RkpKib2o%3D,https://www.fidal.it/societa/ATL-BIOTEKNA-MARCON/VE471
8.4,8.40,e,OMEDE' Matteo,1992,JM,S.S. VITTORIO ALFIERI ASTI,2 ba- 3,Ancona,2010-02-13,https://www.fidal.it/atleta/OMEDE-Matteo/dKuRk5ambGs%3D,https://www.fidal.it/societa/S-S--VITTORIO-ALFIERI-ASTI/AT001
8.4,8.40,e,TRGOVCEVIC Luca,1992,JM,ATL. STUDENTESCA CA.RI.RI,3 ba- 3,Ancona,2010-02-13,https://www.fidal.it/atleta/TRGOVCEVIC-Luca/f6iRl5ema2Q%3D,https://www.fidal.it/societa/ATL--STUDENTESCA-CA-RI-RI/RI223
8.4,8.40,e,GRANELLA Francesco,1991,JM,C. U. S. TORINO,3 ba- 3,Modena,2010-02-21,https://www.fidal.it/atleta/GRANELLA-Francesco/dK6RlJafb2g%3D,https://www.fidal.it/societa/C--U--S--TORINO/TO001
8.41,8.41,e,GADALETA Marco,1992,JM,A.S.D. ATL. ALBA MONDO,5 ba- 1,Ancona,2010-02-13,https://www.fidal.it/atleta/GADALETA-Marco/dKyRk5qjaWM%3D,https://www.fidal.it/societa/A-S-D--ATL--ALBA-MONDO/CN008
8.42,8.42,e,DEL PRATO Giacomo,1991,JM,C.U.S. PARMA,1 ba- 1,Modena,2010-01-09,https://www.fidal.it/atleta/DEL-PRATO-Giacomo/dqyRlpmgb2U%3D,https://www.fidal.it/societa/C-U-S--PARMA/PR068
8.42,8.42,e,DEL PRATO Giacomo,1991,JM,C.U.S. PARMA,1 fi- 1,Modena,2010-01-09,https://www.fidal.it/atleta/DEL-PRATO-Giacomo/dqyRlpmgb2U%3D,https://www.fidal.it/societa/C-U-S--PARMA/PR068
8.42,8.42,e,BIZZOTTO Andrea,1991,JM,ATL.BIOTEKNA MARCON,4 ba- 3,Ancona,2010-02-13,https://www.fidal.it/atleta/BIZZOTTO-Andrea/eK6RkpKib2o%3D,https://www.fidal.it/societa/ATL-BIOTEKNA-MARCON/VE471
8.42,8.42,e,TRGOVCEVIC Luca,1992,JM,ATL. STUDENTESCA CA.RI.RI,1 ba- 1,Rieti,2010-02-21,https://www.fidal.it/atleta/TRGOVCEVIC-Luca/f6iRl5ema2Q%3D,https://www.fidal.it/societa/ATL--STUDENTESCA-CA-RI-RI/RI223
8.43,8.43,e,GRANELLA Francesco,1991,JM,C. U. S. TORINO,2 se- 1,Aosta,2010-02-07,https://www.fidal.it/atleta/GRANELLA-Francesco/dK6RlJafb2g%3D,https://www.fidal.it/societa/C--U--S--TORINO/TO001
8.43,8.43,e,GRANELLA Francesco,1991,JM,C. U. S. TORINO,6 fi- 1,Modena,2010-02-21,https://www.fidal.it/atleta/GRANELLA-Francesco/dK6RlJafb2g%3D,https://www.fidal.it/societa/C--U--S--TORINO/TO001
8.45,8.45,e,BIZZOTTO Andrea,1991,JM,ATL.BIOTEKNA MARCON,4 se- 1,Ancona,2010-01-31,https://www.fidal.it/atleta/BIZZOTTO-Andrea/eK6RkpKib2o%3D,https://www.fidal.it/societa/ATL-BIOTEKNA-MARCON/VE471
8.46,8.46,e,OTTAVIANI Leonardo,1991,JM,ATL. AVIS MACERATA,1 ba- 1,Ancona,2010-01-10,https://www.fidal.it/atleta/OTTAVIANI-Leonardo/e6iRk5KlaGw%3D,https://www.fidal.it/societa/ATL--AVIS-MACERATA/MC004
8.46,8.46,e,BIZZOTTO Andrea,1991,JM,ATL.BIOTEKNA MARCON,1 fi- 1,Padova,2010-02-06,https://www.fidal.it/atleta/BIZZOTTO-Andrea/eK6RkpKib2o%3D,https://www.fidal.it/societa/ATL-BIOTEKNA-MARCON/VE471
8.46,8.46,e,GADALETA Marco,1992,JM,A.S.D. ATL. ALBA MONDO,2 su- 1,Aosta,2010-02-07,https://www.fidal.it/atleta/GADALETA-Marco/dKyRk5qjaWM%3D,https://www.fidal.it/societa/A-S-D--ATL--ALBA-MONDO/CN008
8.46,8.46,e,PANCALDI Luca,1992,JM,ATL.LIB.'TONON' S.P.A VITTORIO,5 ba- 3,Ancona,2010-02-13,https://www.fidal.it/atleta/PANCALDI-Luca/eKiRlZakb2Q%3D,https://www.fidal.it/societa/ATL-LIB--TONON-S-P-A-VITTORIO/TV347
8.47,8.47,e,TRGOVCEVIC Luca,1992,JM,ATL. STUDENTESCA CA.RI.RI,1 ba- 1,Ancona,2010-01-23,https://www.fidal.it/atleta/TRGOVCEVIC-Luca/f6iRl5ema2Q%3D,https://www.fidal.it/societa/ATL--STUDENTESCA-CA-RI-RI/RI223
8.47,8.47,e,PANCALDI Luca,1992,JM,ATL.LIB.'TONON' S.P.A VITTORIO,3 ba- 2,Modena,2010-02-21,https://www.fidal.it/atleta/PANCALDI-Luca/eKiRlZakb2Q%3D,https://www.fidal.it/societa/ATL-LIB--TONON-S-P-A-VITTORIO/TV347
8.48,8.48,e,PRAOLINI Francesco,1992,JM,CUS DEI LAGHI - ATL. VARESE,1 ba- 2,Saronno,2010-02-06,https://www.fidal.it/atleta/PRAOLINI-Francesco/drKRkpWlbWs%3D,https://www.fidal.it/societa/CUS-DEI-LAGHI-ATL--VARESE/VA123
8.49,8.49,e,DEL PRATO Giacomo,1991,JM,C.U.S. PARMA,1 ba- 2,Modena,2010-01-16,https://www.fidal.it/atleta/DEL-PRATO-Giacomo/dqyRlpmgb2U%3D,https://www.fidal.it/societa/C-U-S--PARMA/PR068
8.5,8.50,e,BIZZOTTO Andrea,1991,JM,ATL.BIOTEKNA MARCON,1 su- 1,Udine,2010-01-23,https://www.fidal.it/atleta/BIZZOTTO-Andrea/eK6RkpKib2o%3D,https://www.fidal.it/societa/ATL-BIOTEKNA-MARCON/VE471
8.5,8.50,e,GIROTTO Francesco,1992,JM,ATL.VICENTINA,2 ba- 1,Padova,2010-02-06,https://www.fidal.it/atleta/GIROTTO-Francesco/eK6RkpOibGk%3D,https://www.fidal.it/societa/ATL-VICENTINA/VI626
8.5,8.50,e,CORNALI Claudio,1991,JM,ATL.  CENTO TORRI PAVIA,4 ba- 2,Ancona,2010-02-13,https://www.fidal.it/atleta/CORNALI-Claudio/dq2Rk5WoamU%3D,https://www.fidal.it/societa/ATL--CENTO-TORRI-PAVIA/PV110
8.51,8.51,e,GIROTTO Francesco,1992,JM,ATL.VICENTINA,2 fi- 1,Padova,2010-02-06,https://www.fidal.it/atleta/GIROTTO-Francesco/eK6RkpOibGk%3D,https://www.fidal.it/societa/ATL-VICENTINA/VI626
8.51,8.51,e,TRIVELLATO Mauro,1991,JM,ASI ATLETICA LATINA 80,5 ba- 2,Ancona,2010-02-13,https://www.fidal.it/atleta/TRIVELLATO-Mauro/f6iRl5iiamg%3D,https://www.fidal.it/societa/ASI-ATLETICA-LATINA-80/LT275
8.52,8.52,e,BIANCHI Augusto,1992,JM,ATLETICA UDINESE MALIGNANI,1 su- 1,Udine,2010-01-09,https://www.fidal.it/atleta/BIANCHI-Augusto/dKAAARk5mmaGQ%3D,https://www.fidal.it/societa/ATLETICA-UDINESE-MALIGNANI/UD030
8.52,8.52,e,TRGOVCEVIC Luca,1992,JM,ATL. STUDENTESCA CA.RI.RI,1 ba- 1,Rieti,2010-01-17,https://www.fidal.it/atleta/TRGOVCEVIC-Luca/f6iRl5ema2Q%3D,https://www.fidal.it/societa/ATL--STUDENTESCA-CA-RI-RI/RI223
8.52,8.52,e,ZANOTTI Marco,1992,JM,GINN.MONZESE FORTI E LIBERI,1 fi- 1,Ancona,2010-01-17,https://www.fidal.it/atleta/ZANOTTI-Marco/dq2RlJOgbWk%3D,https://www.fidal.it/societa/GINN-MONZESE-FORTI-E-LIBERI/MI085
8.52,8.52,e,MASULLO Mirko,1991,JM,A.S.D. LIB. POL. AMAT. ATL. BN,1 su- 1,Napoli Ponticelli,2010-02-04,https://www.fidal.it/atleta/MASULLO-Mirko/gKiRlZOjcWM%3D,https://www.fidal.it/societa/A-S-D--LIB--POL--AMAT--ATL--BN/BN026
8.52,8.52,e,PANCALDI Luca,1992,JM,ATL.LIB.'TONON' S.P.A VITTORIO,1 fi- 1,Ancona,2010-02-06,https://www.fidal.it/atleta/PANCALDI-Luca/eKiRlZakb2Q%3D,https://www.fidal.it/societa/ATL-LIB--TONON-S-P-A-VITTORIO/TV347
8.54,8.54,e,TRGOVCEVIC Luca,1992,JM,ATL. STUDENTESCA CA.RI.RI,1 fi- 1,Rieti,2010-01-17,https://www.fidal.it/atleta/TRGOVCEVIC-Luca/f6iRl5ema2Q%3D,https://www.fidal.it/societa/ATL--STUDENTESCA-CA-RI-RI/RI223
8.54,8.54,e,FOFANA Hassane,1992,JM,ATL. BERGAMO 1959 CREBERG,1 ba- 3,Saronno,2010-02-06,https://www.fidal.it/atleta/FOFANA-Hassane/dqqRlpujbGU%3D,https://www.fidal.it/societa/ATL--BERGAMO-1959-CREBERG/BG003
8.55,8.55,e,CORNALI Claudio,1991,JM,ATL.  CENTO TORRI PAVIA,3 fi- 1,Saronno,2010-02-06,https://www.fidal.it/atleta/CORNALI-Claudio/dq2Rk5WoamU%3D,https://www.fidal.it/societa/ATL--CENTO-TORRI-PAVIA/PV110
8.55,8.55,e,GADALETA Marco,1992,JM,A.S.D. ATL. ALBA MONDO,3 ba- 1,Modena,2010-02-21,https://www.fidal.it/atleta/GADALETA-Marco/dKyRk5qjaWM%3D,https://www.fidal.it/societa/A-S-D--ATL--ALBA-MONDO/CN008
8.57,8.57,e,PAZZI Lorenzo,1991,JM,G.S.SELF ATL. MONTANARI GRUZZA,2 ba- 1,Modena,2010-01-23,https://www.fidal.it/atleta/PAZZI-Lorenzo/eqiRlZafcGM%3D,https://www.fidal.it/societa/G-S-SELF-ATL--MONTANARI-GRUZZA/RE105
8.57,8.57,e,PANCALDI Luca,1992,JM,ATL.LIB.'TONON' S.P.A VITTORIO,1 ba- 1,Ancona,2010-02-06,https://www.fidal.it/atleta/PANCALDI-Luca/eKiRlZakb2Q%3D,https://www.fidal.it/societa/ATL-LIB--TONON-S-P-A-VITTORIO/TV347
8.57,8.57,e,MASULLO Mirko,1991,JM,A.S.D. LIB. POL. AMAT. ATL. BN,6 ba- 1,Ancona,2010-02-13,https://www.fidal.it/atleta/MASULLO-Mirko/gKiRlZOjcWM%3D,https://www.fidal.it/societa/A-S-D--LIB--POL--AMAT--ATL--BN/BN026
8.59,8.59,e,GIROTTO Francesco,1992,JM,ATL.VICENTINA,6 ba- 2,Ancona,2010-02-13,https://www.fidal.it/atleta/GIROTTO-Francesco/eK6RkpOibGk%3D,https://www.fidal.it/societa/ATL-VICENTINA/VI626
8.59,8.59,e,GIROTTO Francesco,1992,JM,ATL.VICENTINA,4 ba- 2,Modena,2010-02-21,https://www.fidal.it/atleta/GIROTTO-Francesco/eK6RkpOibGk%3D,https://www.fidal.it/societa/ATL-VICENTINA/VI626
8.6,8.60,e,PAZZI Lorenzo,1991,JM,G.S.SELF ATL. MONTANARI GRUZZA,2 ba- 1,Modena,2010-01-16,https://www.fidal.it/atleta/PAZZI-Lorenzo/eqiRlZafcGM%3D,https://www.fidal.it/societa/G-S-SELF-ATL--MONTANARI-GRUZZA/RE105
8.6,8.60,e,ROCCHIO Claudio,1991,JM,ATLETICA ISERNIA,7 ba- 2,Ancona,2010-02-13,https://www.fidal.it/atleta/ROCCHIO-Claudio/g6iRkpemcGc%3D,https://www.fidal.it/societa/ATLETICA-ISERNIA/IS010
8.61,8.61,e,TRIVELLATO Mauro,1991,JM,ASI ATLETICA LATINA 80,1 fi- 1,Formia,2010-01-31,https://www.fidal.it/atleta/TRIVELLATO-Mauro/f6iRl5iiamg%3D,https://www.fidal.it/societa/ASI-ATLETICA-LATINA-80/LT275
8.62,8.62,e,ROCCHIO Claudio,1991,JM,ATLETICA ISERNIA,1 su- 1,Napoli Ponticelli,2010-01-24,https://www.fidal.it/atleta/ROCCHIO-Claudio/g6iRkpemcGc%3D,https://www.fidal.it/societa/ATLETICA-ISERNIA/IS010
8.62,8.62,e,CROSIO Mattia,1991,JM,ASD BRUNI PUBBL. ATL. VOMANO,6 ba- 3,Ancona,2010-02-13,https://www.fidal.it/atleta/CROSIO-Mattia/dK6RlJafbGM%3D,https://www.fidal.it/societa/ASD-BRUNI-PUBBL--ATL--VOMANO/TE049
8.64,8.64,e,TRIVELLATO Mauro,1991,JM,ASI ATLETICA LATINA 80,1 ba- 1,Formia,2010-01-31,https://www.fidal.it/atleta/TRIVELLATO-Mauro/f6iRl5iiamg%3D,https://www.fidal.it/societa/ASI-ATLETICA-LATINA-80/LT275
8.64,8.64,e,CERIANI Sandro,1992,JM,O.S.A. SARONNO LIB.,7 ba- 3,Ancona,2010-02-13,https://www.fidal.it/atleta/CERIANI-Sandro/drKRkpWlaWg%3D,https://www.fidal.it/societa/O-S-A--SARONNO-LIB-/VA119
8.65,8.65,e,CROSIO Mattia,1991,JM,ASD BRUNI PUBBL. ATL. VOMANO,1 su- 1,Aosta,2010-01-24,https://www.fidal.it/atleta/CROSIO-Mattia/dK6RlJafbGM%3D,https://www.fidal.it/societa/ASD-BRUNI-PUBBL--ATL--VOMANO/TE049
8.66,8.66,e,GIROTTO Francesco,1992,JM,ATL.VICENTINA,3 ba- 1,Modena,2010-01-23,https://www.fidal.it/atleta/GIROTTO-Francesco/eK6RkpOibGk%3D,https://www.fidal.it/societa/ATL-VICENTINA/VI626
8.66,8.66,e,PAZZI Lorenzo,1991,JM,G.S.SELF ATL. MONTANARI GRUZZA,7 ba- 1,Ancona,2010-02-13,https://www.fidal.it/atleta/PAZZI-Lorenzo/eqiRlZafcGM%3D,https://www.fidal.it/societa/G-S-SELF-ATL--MONTANARI-GRUZZA/RE105
8.67,8.67,e,BIZZOTTO Andrea,1991,JM,ATL.BIOTEKNA MARCON,2 su- 1,Udine,2010-01-09,https://www.fidal.it/atleta/BIZZOTTO-Andrea/eK6RkpKib2o%3D,https://www.fidal.it/societa/ATL-BIOTEKNA-MARCON/VE471
8.67,8.67,e,GIROTTO Francesco,1992,JM,ATL.VICENTINA,3 fi- 1,Modena,2010-01-16,https://www.fidal.it/atleta/GIROTTO-Francesco/eK6RkpOibGk%3D,https://www.fidal.it/societa/ATL-VICENTINA/VI626
8.67,8.67,e,PAZZI Lorenzo,1991,JM,G.S.SELF ATL. MONTANARI GRUZZA,4 fi- 1,Modena,2010-01-23,https://www.fidal.it/atleta/PAZZI-Lorenzo/eqiRlZafcGM%3D,https://www.fidal.it/societa/G-S-SELF-ATL--MONTANARI-GRUZZA/RE105
8.68,8.68,e,GADALETA Marco,1992,JM,A.S.D. ATL. ALBA MONDO,3 se- 1,Aosta,2010-02-07,https://www.fidal.it/atleta/GADALETA-Marco/dKyRk5qjaWM%3D,https://www.fidal.it/societa/A-S-D--ATL--ALBA-MONDO/CN008
8.69,8.69,e,PANCALDI Luca,1992,JM,ATL.LIB.'TONON' S.P.A VITTORIO,3 ba- 1,Modena,2010-01-16,https://www.fidal.it/atleta/PANCALDI-Luca/eKiRlZakb2Q%3D,https://www.fidal.it/societa/ATL-LIB--TONON-S-P-A-VITTORIO/TV347
8.69,8.69,e,CORNALI Claudio,1991,JM,ATL.  CENTO TORRI PAVIA,1 fi- 1,Castenedolo,2010-01-31,https://www.fidal.it/atleta/CORNALI-Claudio/dq2Rk5WoamU%3D,https://www.fidal.it/societa/ATL--CENTO-TORRI-PAVIA/PV110
8.69,8.69,e,TRABACE Simone,1992,JM,ATL. RICCARDI MILANO,8 ba- 2,Ancona,2010-02-13,https://www.fidal.it/atleta/TRABACE-Simone/dq2Rk5eob2U%3D,https://www.fidal.it/societa/ATL--RICCARDI-MILANO/MI080
8.7,8.70,e,MORRA Andrea mario,1992,JM,A.S.D. LIB. POL. AMAT. ATL. BN,2 su- 1,Napoli Ponticelli,2010-01-24,https://www.fidal.it/atleta/MORRA-Andrea-mario/f6iRl5mfa2o%3D,https://www.fidal.it/societa/A-S-D--LIB--POL--AMAT--ATL--BN/BN026
8.71,8.71,e,TRIVELLATO Mauro,1991,JM,ASI ATLETICA LATINA 80,1 su- 1,Napoli Ponticelli,2010-01-17,https://www.fidal.it/atleta/TRIVELLATO-Mauro/f6iRl5iiamg%3D,https://www.fidal.it/societa/ASI-ATLETICA-LATINA-80/LT275
8.72,8.72,e,GIROTTO Francesco,1992,JM,ATL.VICENTINA,2 fi- 1,Modena,2010-01-09,https://www.fidal.it/atleta/GIROTTO-Francesco/eK6RkpOibGk%3D,https://www.fidal.it/societa/ATL-VICENTINA/VI626
8.72,8.72,e,PAZZI Lorenzo,1991,JM,G.S.SELF ATL. MONTANARI GRUZZA,4 fi- 1,Modena,2010-01-16,https://www.fidal.it/atleta/PAZZI-Lorenzo/eqiRlZafcGM%3D,https://www.fidal.it/societa/G-S-SELF-ATL--MONTANARI-GRUZZA/RE105
8.72,8.72,e,PRAOLINI Francesco,1992,JM,CUS DEI LAGHI - ATL. VARESE,2 fi- 1,Castenedolo,2010-01-31,https://www.fidal.it/atleta/PRAOLINI-Francesco/drKRkpWlbWs%3D,https://www.fidal.it/societa/CUS-DEI-LAGHI-ATL--VARESE/VA123
8.73,8.73,e,BENDONI Federico,1992,JM,ATL.CAPANNE PRO LOCO ATHL.TEAM,2 ba- 1,Ancona,2010-01-10,https://www.fidal.it/atleta/BENDONI-Federico/fqiRk5mobmQ%3D,https://www.fidal.it/societa/ATL-CAPANNE-PRO-LOCO-ATHL-TEAM/PG014
8.73,8.73,e,ZANOTTI Marco,1992,JM,GINN.MONZESE FORTI E LIBERI,1 ba- 1,Ancona,2010-01-17,https://www.fidal.it/atleta/ZANOTTI-Marco/dq2RlJOgbWk%3D,https://www.fidal.it/societa/GINN-MONZESE-FORTI-E-LIBERI/MI085
8.73,8.73,e,GIROTTO Francesco,1992,JM,ATL.VICENTINA,5 fi- 1,Modena,2010-01-23,https://www.fidal.it/atleta/GIROTTO-Francesco/eK6RkpOibGk%3D,https://www.fidal.it/societa/ATL-VICENTINA/VI626
8.73,8.73,e,CORNALI Claudio,1991,JM,ATL.  CENTO TORRI PAVIA,1 ba- 1,Saronno,2010-02-06,https://www.fidal.it/atleta/CORNALI-Claudio/dq2Rk5WoamU%3D,https://www.fidal.it/societa/ATL--CENTO-TORRI-PAVIA/PV110
8.74,8.74,e,GADALETA Marco,1992,JM,A.S.D. ATL. ALBA MONDO,2 ba- 1,Bra,2010-01-10,https://www.fidal.it/atleta/GADALETA-Marco/dKyRk5qjaWM%3D,https://www.fidal.it/societa/A-S-D--ATL--ALBA-MONDO/CN008
8.74,8.74,e,BENDONI Federico,1992,JM,ATL.CAPANNE PRO LOCO ATHL.TEAM,2 fi- 1,Ancona,2010-01-17,https://www.fidal.it/atleta/BENDONI-Federico/fqiRk5mobmQ%3D,https://www.fidal.it/societa/ATL-CAPANNE-PRO-LOCO-ATHL-TEAM/PG014
8.74,8.74,e,CERIANI Sandro,1992,JM,O.S.A. SARONNO LIB.,3 fi- 1,Castenedolo,2010-01-31,https://www.fidal.it/atleta/CERIANI-Sandro/drKRkpWlaWg%3D,https://www.fidal.it/societa/O-S-A--SARONNO-LIB-/VA119
8.74,8.74,e,CROSIO Mattia,1991,JM,ASD BRUNI PUBBL. ATL. VOMANO,3 su- 1,Aosta,2010-02-07,https://www.fidal.it/atleta/CROSIO-Mattia/dK6RlJafbGM%3D,https://www.fidal.it/societa/ASD-BRUNI-PUBBL--ATL--VOMANO/TE049
8.75,8.75,e,BAGNOLI Leonardo,1991,JM,PROSPORT ATL. FIRENZE,1 se- 3,Ancona,2010-01-31,https://www.fidal.it/atleta/BAGNOLI-Leonardo/faiRm5mgcGQ%3D,https://www.fidal.it/societa/PROSPORT-ATL--FIRENZE/FI009
8.76,8.76,e,PANCALDI Luca,1992,JM,ATL.LIB.'TONON' S.P.A VITTORIO,1 fi- 1,Padova,2010-01-24,https://www.fidal.it/atleta/PANCALDI-Luca/eKiRlZakb2Q%3D,https://www.fidal.it/societa/ATL-LIB--TONON-S-P-A-VITTORIO/TV347
8.76,8.76,e,CERIANI Sandro,1992,JM,O.S.A. SARONNO LIB.,2 ba- 1,Saronno,2010-02-06,https://www.fidal.it/atleta/CERIANI-Sandro/drKRkpWlaWg%3D,https://www.fidal.it/societa/O-S-A--SARONNO-LIB-/VA119
8.77,8.77,e,CROSIO Mattia,1991,JM,ASD BRUNI PUBBL. ATL. VOMANO,1 ba- 1,Saronno,2010-01-10,https://www.fidal.it/atleta/CROSIO-Mattia/dK6RlJafbGM%3D,https://www.fidal.it/societa/ASD-BRUNI-PUBBL--ATL--VOMANO/TE049
8.77,8.77,e,GADALETA Marco,1992,JM,A.S.D. ATL. ALBA MONDO,2 su- 1,Aosta,2010-01-24,https://www.fidal.it/atleta/GADALETA-Marco/dKyRk5qjaWM%3D,https://www.fidal.it/societa/A-S-D--ATL--ALBA-MONDO/CN008
8.77,8.77,e,AVELLA Antonio,1992,JM,A.S.D. AGG. HINNA,2 su- 1,Napoli Ponticelli,2010-02-04,https://www.fidal.it/atleta/AVELLA-Antonio/gKiRlpOgbGQ%3D,https://www.fidal.it/societa/A-S-D--AGG--HINNA/NA014
8.77,8.77,e,LUCATO Gianpaolo,1991,JM,ASSOCIAZIONE ATLETICA N.E.VI.,3 ba- 1,Padova,2010-02-06,https://www.fidal.it/atleta/LUCATO-Gianpaolo/eKiRlZSicGY%3D,https://www.fidal.it/societa/ASSOCIAZIONE-ATLETICA-N-E-VI-/VI623
8.78,8.78,e,TRABACE Simone,1992,JM,ATL. RICCARDI MILANO,1 ba- 2,Saronno,2010-01-10,https://www.fidal.it/atleta/TRABACE-Simone/dq2Rk5eob2U%3D,https://www.fidal.it/societa/ATL--RICCARDI-MILANO/MI080
8.78,8.78,e,GADALETA Marco,1992,JM,A.S.D. ATL. ALBA MONDO,2 fi- 1,Bra,2010-01-10,https://www.fidal.it/atleta/GADALETA-Marco/dKyRk5qjaWM%3D,https://www.fidal.it/societa/A-S-D--ATL--ALBA-MONDO/CN008
8.78,8.78,e,PANCALDI Luca,1992,JM,ATL.LIB.'TONON' S.P.A VITTORIO,1 ba- 1,Padova,2010-01-24,https://www.fidal.it/atleta/PANCALDI-Luca/eKiRlZakb2Q%3D,https://www.fidal.it/societa/ATL-LIB--TONON-S-P-A-VITTORIO/TV347
8.78,8.78,e,PERNA Marco,1991,JM,A.S.D. AGG. HINNA,3 su- 1,Napoli Ponticelli,2010-02-04,https://www.fidal.it/atleta/PERNA-Marco/gKiRlJuobms%3D,https://www.fidal.it/societa/A-S-D--AGG--HINNA/NA014
8.79,8.79,e,CORNALI Claudio,1991,JM,ATL.  CENTO TORRI PAVIA,2 ba- 1,Castenedolo,2010-01-31,https://www.fidal.it/atleta/CORNALI-Claudio/dq2Rk5WoamU%3D,https://www.fidal.it/societa/ATL--CENTO-TORRI-PAVIA/PV110
8.79,8.79,e,BENDONI Federico,1992,JM,ATL.CAPANNE PRO LOCO ATHL.TEAM,8 ba- 3,Ancona,2010-02-13,https://www.fidal.it/atleta/BENDONI-Federico/fqiRk5mobmQ%3D,https://www.fidal.it/societa/ATL-CAPANNE-PRO-LOCO-ATHL-TEAM/PG014
8.81,8.81,e,PANCALDI Luca,1992,JM,ATL.LIB.'TONON' S.P.A VITTORIO,5 fi- 1,Modena,2010-01-16,https://www.fidal.it/atleta/PANCALDI-Luca/eKiRlZakb2Q%3D,https://www.fidal.it/societa/ATL-LIB--TONON-S-P-A-VITTORIO/TV347
8.81,8.81,e,CROSIO Mattia,1991,JM,ASD BRUNI PUBBL. ATL. VOMANO,4 se- 1,Aosta,2010-02-07,https://www.fidal.it/atleta/CROSIO-Mattia/dK6RlJafbGM%3D,https://www.fidal.it/societa/ASD-BRUNI-PUBBL--ATL--VOMANO/TE049
8.82,8.82,e,GIROTTO Francesco,1992,JM,ATL.VICENTINA,2 ba- 1,Modena,2010-01-09,https://www.fidal.it/atleta/GIROTTO-Francesco/eK6RkpOibGk%3D,https://www.fidal.it/societa/ATL-VICENTINA/VI626
8.82,8.82,e,TRABACE Simone,1992,JM,ATL. RICCARDI MILANO,1 fi- 1,Saronno,2010-01-10,https://www.fidal.it/atleta/TRABACE-Simone/dq2Rk5eob2U%3D,https://www.fidal.it/societa/ATL--RICCARDI-MILANO/MI080
8.83,8.83,e,ROCCHIO Claudio,1991,JM,ATLETICA ISERNIA,2 su- 1,Napoli Ponticelli,2010-01-17,https://www.fidal.it/atleta/ROCCHIO-Claudio/g6iRkpemcGc%3D,https://www.fidal.it/societa/ATLETICA-ISERNIA/IS010
8.84,8.84,e,ZANOTTI Marco,1992,JM,GINN.MONZESE FORTI E LIBERI,2 ba- 1,Saronno,2010-01-10,https://www.fidal.it/atleta/ZANOTTI-Marco/dq2RlJOgbWk%3D,https://www.fidal.it/societa/GINN-MONZESE-FORTI-E-LIBERI/MI085
8.84,8.84,e,CERIANI Sandro,1992,JM,O.S.A. SARONNO LIB.,3 ba- 1,Castenedolo,2010-01-31,https://www.fidal.it/atleta/CERIANI-Sandro/drKRkpWlaWg%3D,https://www.fidal.it/societa/O-S-A--SARONNO-LIB-/VA119
8.84,8.84,e,COPPINI Stefano,1992,JM,GEAS ATLETICA,2 ba- 3,Saronno,2010-02-06,https://www.fidal.it/atleta/COPPINI-Stefano/dq2Rk5ama2s%3D,https://www.fidal.it/societa/GEAS-ATLETICA/MI076
8.84,8.84,e,CERIANI Sandro,1992,JM,O.S.A. SARONNO LIB.,4 fi- 1,Saronno,2010-02-06,https://www.fidal.it/atleta/CERIANI-Sandro/drKRkpWlaWg%3D,https://www.fidal.it/societa/O-S-A--SARONNO-LIB-/VA119
8.86,8.86,e,BERCHI Giacomo,1992,JM,ATLETICA VERCELLI 78,1 su- 1,Aosta,2010-03-28,https://www.fidal.it/atleta/BERCHI-Giacomo/dKAAARk5mkams%3D,https://www.fidal.it/societa/ATLETICA-VERCELLI-78/VC004
8.88,8.88,e,BRINI Alberto,1992,JM,ATL. IMOLA SACMI AVIS,6 fi- 1,Modena,2010-01-23,https://www.fidal.it/atleta/BRINI-Alberto/eqiRlZSmcGc%3D,https://www.fidal.it/societa/ATL--IMOLA-SACMI-AVIS/BO014
8.9,8.90,e,BRINI Alberto,1992,JM,ATL. IMOLA SACMI AVIS,4 ba- 1,Modena,2010-01-23,https://www.fidal.it/atleta/BRINI-Alberto/eqiRlZSmcGc%3D,https://www.fidal.it/societa/ATL--IMOLA-SACMI-AVIS/BO014
8.9,8.90,e,TRABACE Simone,1992,JM,ATL. RICCARDI MILANO,2 ba- 2,Saronno,2010-02-06,https://www.fidal.it/atleta/TRABACE-Simone/dq2Rk5eob2U%3D,https://www.fidal.it/societa/ATL--RICCARDI-MILANO/MI080
8.9,8.90,e,CASOLO Andrea,1992,JM,N.ATL. FANFULLA LODIGIANA,3 ba- 2,Saronno,2010-02-06,https://www.fidal.it/atleta/CASOLO-Andrea/drKRkpOla2g%3D,https://www.fidal.it/societa/N-ATL--FANFULLA-LODIGIANA/MI218
8.91,8.91,e,GHISOLFI Davide,1991,JM,C.U.S. PARMA,2 ba- 2,Modena,2010-01-16,https://www.fidal.it/atleta/GHISOLFI-Davide/eq6RkpSjcGs%3D,https://www.fidal.it/societa/C-U-S--PARMA/PR068
8.92,8.92,e,PAZZI Lorenzo,1991,JM,G.S.SELF ATL. MONTANARI GRUZZA,3 fi- 1,Modena,2010-01-09,https://www.fidal.it/atleta/PAZZI-Lorenzo/eqiRlZafcGM%3D,https://www.fidal.it/societa/G-S-SELF-ATL--MONTANARI-GRUZZA/RE105
8.92,8.92,e,GIROTTO Francesco,1992,JM,ATL.VICENTINA,4 ba- 1,Modena,2010-01-16,https://www.fidal.it/atleta/GIROTTO-Francesco/eK6RkpOibGk%3D,https://www.fidal.it/societa/ATL-VICENTINA/VI626
8.92,8.92,e,BATTISTI Tommaso,1992,JM,EDERA ATL. FORLI,3 ba- 2,Modena,2010-01-23,https://www.fidal.it/atleta/BATTISTI-Tommaso/eqiRlZSjcGQ%3D,https://www.fidal.it/societa/EDERA-ATL--FORLI/FC038
8.93,8.93,e,CERIANI Sandro,1992,JM,O.S.A. SARONNO LIB.,2 fi- 1,Saronno,2010-01-10,https://www.fidal.it/atleta/CERIANI-Sandro/drKRkpWlaWg%3D,https://www.fidal.it/societa/O-S-A--SARONNO-LIB-/VA119
8.93,8.93,e,GHISOLFI Davide,1991,JM,C.U.S. PARMA,6 fi- 1,Modena,2010-01-16,https://www.fidal.it/atleta/GHISOLFI-Davide/eq6RkpSjcGs%3D,https://www.fidal.it/societa/C-U-S--PARMA/PR068
8.93,8.93,e,LEONI Alessio,1991,JM,A.S. LA FRATELLANZA 1874,4 ba- 2,Modena,2010-01-23,https://www.fidal.it/atleta/LEONI-Alessio/eqiRlZemaWo%3D,https://www.fidal.it/societa/A-S--LA-FRATELLANZA-1874/MO052
8.93,8.93,e,LAMBRUGHI Mario,1992,JM,U.S. ATL. VEDANO,4 ba- 2,Saronno,2010-02-06,https://www.fidal.it/atleta/LAMBRUGHI-Mario/dq2RlJWobGo%3D,https://www.fidal.it/societa/U-S--ATL--VEDANO/MI054
8.93,8.93,e,GHISOLFI Davide,1991,JM,C.U.S. PARMA,1 fi- 1,Aosta,2010-02-20,https://www.fidal.it/atleta/GHISOLFI-Davide/eq6RkpSjcGs%3D,https://www.fidal.it/societa/C-U-S--PARMA/PR068
8.94,8.94,e,BATTISTI Tommaso,1992,JM,EDERA ATL. FORLI,4 fi- 1,Modena,2010-01-09,https://www.fidal.it/atleta/BATTISTI-Tommaso/eqiRlZSjcGQ%3D,https://www.fidal.it/societa/EDERA-ATL--FORLI/FC038
8.94,8.94,e,AVELLA Antonio,1992,JM,A.S.D. AGG. HINNA,3 su- 1,Napoli Ponticelli,2010-01-24,https://www.fidal.it/atleta/AVELLA-Antonio/gKiRlpOgbGQ%3D,https://www.fidal.it/societa/A-S-D--AGG--HINNA/NA014
8.95,8.95,e,LUCATO Gianpaolo,1991,JM,ASSOCIAZIONE ATLETICA N.E.VI.,2 ba- 1,Padova,2010-01-24,https://www.fidal.it/atleta/LUCATO-Gianpaolo/eKiRlZSicGY%3D,https://www.fidal.it/societa/ASSOCIAZIONE-ATLETICA-N-E-VI-/VI623
8.96,8.96,e,AVELLA Antonio,1992,JM,A.S.D. AGG. HINNA,2 fi- 1,Formia,2010-01-31,https://www.fidal.it/atleta/AVELLA-Antonio/gKiRlpOgbGQ%3D,https://www.fidal.it/societa/A-S-D--AGG--HINNA/NA014
8.96,8.96,e,COPPINI Stefano,1992,JM,GEAS ATLETICA,5 fi- 1,Saronno,2010-02-06,https://www.fidal.it/atleta/COPPINI-Stefano/dq2Rk5ama2s%3D,https://www.fidal.it/societa/GEAS-ATLETICA/MI076
8.97,8.97,e,PAZZI Lorenzo,1991,JM,G.S.SELF ATL. MONTANARI GRUZZA,1 ba- 2,Modena,2010-01-09,https://www.fidal.it/atleta/PAZZI-Lorenzo/eqiRlZafcGM%3D,https://www.fidal.it/societa/G-S-SELF-ATL--MONTANARI-GRUZZA/RE105
8.98,8.98,e,CROSIO Mattia,1991,JM,ASD BRUNI PUBBL. ATL. VOMANO,3 fi- 1,Saronno,2010-01-10,https://www.fidal.it/atleta/CROSIO-Mattia/dK6RlJafbGM%3D,https://www.fidal.it/societa/ASD-BRUNI-PUBBL--ATL--VOMANO/TE049
8.99,8.99,e,LEONI Alessio,1991,JM,A.S. LA FRATELLANZA 1874,2 se- 1,Ancona,2010-01-17,https://www.fidal.it/atleta/LEONI-Alessio/eqiRlZemaWo%3D,https://www.fidal.it/societa/A-S--LA-FRATELLANZA-1874/MO052
9.0,9.00,e,TRABACE Simone,1992,JM,ATL. RICCARDI MILANO,6 fi- 1,Saronno,2010-02-06,https://www.fidal.it/atleta/TRABACE-Simone/dq2Rk5eob2U%3D,https://www.fidal.it/societa/ATL--RICCARDI-MILANO/MI080
9.0,9.00,e,BONETTO Matteo,1991,JM,ATLETICA SANDRO CALVESI,1 se- 2,Aosta,2010-02-07,https://www.fidal.it/atleta/BONETTO-Matteo/jKiRlJSmaWg%3D,https://www.fidal.it/societa/ATLETICA-SANDRO-CALVESI/AO004
9.01,9.01,e,COPPARI Michele,1992,JM,ATLETICA  OSIMO,2 ba- 1,Ancona,2010-01-23,https://www.fidal.it/atleta/COPPARI-Michele/e6iRk5efcWs%3D,https://www.fidal.it/societa/ATLETICA-OSIMO/AN001
9.01,9.01,e,SPADA Alessio,1991,JM,OLIMPUS SAN MARINO ATLETICA,1 se- 2,Ancona,2010-01-31,https://www.fidal.it/atleta/SPADA-Alessio/eqiRlZejbGo%3D,https://www.fidal.it/societa/OLIMPUS-SAN-MARINO-ATLETICA/SM278
9.02,9.02,e,ZANOTTI Marco,1992,JM,GINN.MONZESE FORTI E LIBERI,4 fi- 1,Saronno,2010-01-10,https://www.fidal.it/atleta/ZANOTTI-Marco/dq2RlJOgbWk%3D,https://www.fidal.it/societa/GINN-MONZESE-FORTI-E-LIBERI/MI085
9.02,9.02,e,BELLINI Luca,1991,JM,U.S. QUERCIA TRENTINGRANA,2 ba- 1,Ancona,2010-02-06,https://www.fidal.it/atleta/BELLINI-Luca/d6iRkpmjaWk%3D,https://www.fidal.it/societa/U-S--QUERCIA-TRENTINGRANA/TN109
9.03,9.03,e,COPPINI Stefano,1992,JM,GEAS ATLETICA,3 ba- 1,Saronno,2010-01-10,https://www.fidal.it/atleta/COPPINI-Stefano/dq2Rk5ama2s%3D,https://www.fidal.it/societa/GEAS-ATLETICA/MI076
9.04,9.04,e,BENDONI Federico,1992,JM,ATL.CAPANNE PRO LOCO ATHL.TEAM,2 ba- 1,Ancona,2010-01-17,https://www.fidal.it/atleta/BENDONI-Federico/fqiRk5mobmQ%3D,https://www.fidal.it/societa/ATL-CAPANNE-PRO-LOCO-ATHL-TEAM/PG014
9.04,9.04,e,BATTISTI Tommaso,1992,JM,EDERA ATL. FORLI,2 se- 2,Ancona,2010-01-31,https://www.fidal.it/atleta/BATTISTI-Tommaso/eqiRlZSjcGQ%3D,https://www.fidal.it/societa/EDERA-ATL--FORLI/FC038
9.04,9.04,e,LEONI Alessio,1991,JM,A.S. LA FRATELLANZA 1874,3 se- 2,Ancona,2010-01-31,https://www.fidal.it/atleta/LEONI-Alessio/eqiRlZemaWo%3D,https://www.fidal.it/societa/A-S--LA-FRATELLANZA-1874/MO052
9.04,9.04,e,BONETTO Matteo,1991,JM,ATLETICA SANDRO CALVESI,4 su- 1,Aosta,2010-02-07,https://www.fidal.it/atleta/BONETTO-Matteo/jKiRlJSmaWg%3D,https://www.fidal.it/societa/ATLETICA-SANDRO-CALVESI/AO004
9.04,9.04,e,MAZZON Riccardo,1992,JM,ATLETICA STRONESE BANCA MB,2 fi- 1,Aosta,2010-02-20,https://www.fidal.it/atleta/MAZZON-Riccardo/dKAAARkpqhaGw%3D,https://www.fidal.it/societa/ATLETICA-STRONESE-BANCA-MB/VC019
9.06,9.06,e,COPPARI Michele,1992,JM,ATLETICA  OSIMO,2 fi- 1,Ancona,2010-02-06,https://www.fidal.it/atleta/COPPARI-Michele/e6iRk5efcWs%3D,https://www.fidal.it/societa/ATLETICA-OSIMO/AN001
9.07,9.07,e,LEONI Alessio,1991,JM,A.S. LA FRATELLANZA 1874,5 fi- 1,Modena,2010-01-09,https://www.fidal.it/atleta/LEONI-Alessio/eqiRlZemaWo%3D,https://www.fidal.it/societa/A-S--LA-FRATELLANZA-1874/MO052
9.09,9.09,e,COPPARI Michele,1992,JM,ATLETICA  OSIMO,3 ba- 1,Ancona,2010-01-10,https://www.fidal.it/atleta/COPPARI-Michele/e6iRk5efcWs%3D,https://www.fidal.it/societa/ATLETICA-OSIMO/AN001
9.09,9.09,e,MURGIA Mattia,1992,JM,G.S. TRILACUM,1 ba- 1,Pergine Valsugana,2010-02-06,https://www.fidal.it/atleta/MURGIA-Mattia/d6iRkpuocWk%3D,https://www.fidal.it/societa/G-S--TRILACUM/TN524
9.09,9.09,e,GHISOLFI Davide,1991,JM,C.U.S. PARMA,1 ba- 1,Aosta,2010-02-20,https://www.fidal.it/atleta/GHISOLFI-Davide/eq6RkpSjcGs%3D,https://www.fidal.it/societa/C-U-S--PARMA/PR068
9.09,9.09,e,CONTA Filippo,1992,JM,ATLETICA CANAVESANA,2 ba- 1,Aosta,2010-02-20,https://www.fidal.it/atleta/CONTA-Filippo/dK6RlJijbWc%3D,https://www.fidal.it/societa/ATLETICA-CANAVESANA/TO015
9.1,9.10,e,BATTISTI Tommaso,1992,JM,EDERA ATL. FORLI,3 ba- 1,Modena,2010-01-09,https://www.fidal.it/atleta/BATTISTI-Tommaso/eqiRlZSjcGQ%3D,https://www.fidal.it/societa/EDERA-ATL--FORLI/FC038
9.1,9.10,e,BRINI Alberto,1992,JM,ATL. IMOLA SACMI AVIS,3 se- 1,Ancona,2010-01-17,https://www.fidal.it/atleta/BRINI-Alberto/eqiRlZSmcGc%3D,https://www.fidal.it/societa/ATL--IMOLA-SACMI-AVIS/BO014
9.12,9.12,e,FELLINE Francesco,1992,JM,ATL. RIGOLETTO,8 ba- 1,Ancona,2010-02-13,https://www.fidal.it/atleta/FELLINE-Francesco/dqiSl5Slamw%3D,https://www.fidal.it/societa/ATL--RIGOLETTO/MN406
9.12,9.12,e,BELLINI Luca,1991,JM,U.S. QUERCIA TRENTINGRANA,4 ba- 1,Modena,2010-02-21,https://www.fidal.it/atleta/BELLINI-Luca/d6iRkpmjaWk%3D,https://www.fidal.it/societa/U-S--QUERCIA-TRENTINGRANA/TN109
9.13,9.13,e,FARNEDA Luca,1992,JM,ASD ATLETICA VALPOLICELLA,3 ba- 2,Modena,2010-01-16,https://www.fidal.it/atleta/FARNEDA-Luca/eKiRlZWiaGc%3D,https://www.fidal.it/societa/ASD-ATLETICA-VALPOLICELLA/VR781
9.13,9.13,e,LAMBRUGHI Mario,1992,JM,U.S. ATL. VEDANO,4 fi- 1,Castenedolo,2010-01-31,https://www.fidal.it/atleta/LAMBRUGHI-Mario/dq2RlJWobGo%3D,https://www.fidal.it/societa/U-S--ATL--VEDANO/MI054
9.14,9.14,e,SELTRALIA Giovanni,1991,JM,POL. LIB. CERNUSCHESE,5 fi- 1,Saronno,2010-01-10,https://www.fidal.it/atleta/SELTRALIA-Giovanni/dquRkpOjbGk%3D,https://www.fidal.it/societa/POL--LIB--CERNUSCHESE/CO039
9.14,9.14,e,SPADA Alessio,1991,JM,OLIMPUS SAN MARINO ATLETICA,3 ba- 1,Ancona,2010-01-23,https://www.fidal.it/atleta/SPADA-Alessio/eqiRlZejbGo%3D,https://www.fidal.it/societa/OLIMPUS-SAN-MARINO-ATLETICA/SM278
9.14,9.14,e,BONETTO Matteo,1991,JM,ATLETICA SANDRO CALVESI,3 su- 1,Aosta,2010-01-24,https://www.fidal.it/atleta/BONETTO-Matteo/jKiRlJSmaWg%3D,https://www.fidal.it/societa/ATLETICA-SANDRO-CALVESI/AO004
9.15,9.15,e,AVELLA Antonio,1992,JM,A.S.D. AGG. HINNA,2 ba- 1,Formia,2010-01-31,https://www.fidal.it/atleta/AVELLA-Antonio/gKiRlpOgbGQ%3D,https://www.fidal.it/societa/A-S-D--AGG--HINNA/NA014
9.16,9.16,e,CERIANI Sandro,1992,JM,O.S.A. SARONNO LIB.,2 ba- 2,Saronno,2010-01-10,https://www.fidal.it/atleta/CERIANI-Sandro/drKRkpWlaWg%3D,https://www.fidal.it/societa/O-S-A--SARONNO-LIB-/VA119
9.16,9.16,e,LAMBRUGHI Mario,1992,JM,U.S. ATL. VEDANO,4 ba- 1,Castenedolo,2010-01-31,https://www.fidal.it/atleta/LAMBRUGHI-Mario/dq2RlJWobGo%3D,https://www.fidal.it/societa/U-S--ATL--VEDANO/MI054
9.17,9.17,e,ACETO Stefano,1992,JM,ASD BRUNI PUBBL. ATL. VOMANO,4 ba- 1,Ancona,2010-01-23,https://www.fidal.it/atleta/ACETO-Stefano/gaiRk5ihaWY%3D,https://www.fidal.it/societa/ASD-BRUNI-PUBBL--ATL--VOMANO/TE049
9.17,9.17,e,MURGIA Mattia,1992,JM,G.S. TRILACUM,4 ba- 3,Modena,2010-02-21,https://www.fidal.it/atleta/MURGIA-Mattia/d6iRkpuocWk%3D,https://www.fidal.it/societa/G-S--TRILACUM/TN524
9.18,9.18,e,COPPARI Michele,1992,JM,ATLETICA  OSIMO,3 ba- 1,Ancona,2010-01-17,https://www.fidal.it/atleta/COPPARI-Michele/e6iRk5efcWs%3D,https://www.fidal.it/societa/ATLETICA-OSIMO/AN001
9.18,9.18,e,COPPARI Michele,1992,JM,ATLETICA  OSIMO,2 fi- 1,Ancona,2010-01-23,https://www.fidal.it/atleta/COPPARI-Michele/e6iRk5efcWs%3D,https://www.fidal.it/societa/ATLETICA-OSIMO/AN001
9.18,9.18,e,CIMMINO Riccardo,1992,JM,ATL.  CENTO TORRI PAVIA,3 ba- 3,Saronno,2010-02-06,https://www.fidal.it/atleta/CIMMINO-Riccardo/dq2Rk5mja2s%3D,https://www.fidal.it/societa/ATL--CENTO-TORRI-PAVIA/PV110
9.2,9.20,e,CONTA Filippo,1992,JM,ATLETICA CANAVESANA,4 su- 1,Aosta,2010-01-24,https://www.fidal.it/atleta/CONTA-Filippo/dK6RlJijbWc%3D,https://www.fidal.it/societa/ATLETICA-CANAVESANA/TO015
9.2,9.20,e,SELTRALIA Giovanni,1991,JM,POL. LIB. CERNUSCHESE,4 ba- 3,Saronno,2010-02-06,https://www.fidal.it/atleta/SELTRALIA-Giovanni/dquRkpOjbGk%3D,https://www.fidal.it/societa/POL--LIB--CERNUSCHESE/CO039
9.2,9.20,e,THEINER Manuel,1992,JM,ASV LAC VINSCHGAU RAIFFEISEN,5 ba- 2,Modena,2010-02-21,https://www.fidal.it/atleta/THEINER-Manuel/iaiRkpinaGg%3D,https://www.fidal.it/societa/ASV-LAC-VINSCHGAU-RAIFFEISEN/BZ020
9.21,9.21,e,BELLINI Luca,1991,JM,U.S. QUERCIA TRENTINGRANA,5 ba- 1,Modena,2010-01-23,https://www.fidal.it/atleta/BELLINI-Luca/d6iRkpmjaWk%3D,https://www.fidal.it/societa/U-S--QUERCIA-TRENTINGRANA/TN109
9.22,9.22,e,LEONI Alessio,1991,JM,A.S. LA FRATELLANZA 1874,2 ba- 2,Modena,2010-01-09,https://www.fidal.it/atleta/LEONI-Alessio/eqiRlZemaWo%3D,https://www.fidal.it/societa/A-S--LA-FRATELLANZA-1874/MO052
9.22,9.22,e,COPPINI Stefano,1992,JM,GEAS ATLETICA,6 fi- 1,Saronno,2010-01-10,https://www.fidal.it/atleta/COPPINI-Stefano/dq2Rk5ama2s%3D,https://www.fidal.it/societa/GEAS-ATLETICA/MI076
9.22,9.22,e,MAZZON Riccardo,1992,JM,ATLETICA STRONESE BANCA MB,5 su- 1,Aosta,2010-01-24,https://www.fidal.it/atleta/MAZZON-Riccardo/dKAAARkpqhaGw%3D,https://www.fidal.it/societa/ATLETICA-STRONESE-BANCA-MB/VC019
9.22,9.22,e,LECHTHALER Tobias,1991,JM,ASV LAC VINSCHGAU RAIFFEISEN,2 su- 1,Muenchen,2010-03-14,https://www.fidal.it/atleta/LECHTHALER-Tobias/iaiRkpinaGc%3D,https://www.fidal.it/societa/ASV-LAC-VINSCHGAU-RAIFFEISEN/BZ020
9.23,9.23,e,SPADA Alessio,1991,JM,OLIMPUS SAN MARINO ATLETICA,1 se- 2,Ancona,2010-01-17,https://www.fidal.it/atleta/SPADA-Alessio/eqiRlZejbGo%3D,https://www.fidal.it/societa/OLIMPUS-SAN-MARINO-ATLETICA/SM278
9.27,9.27,e,SELTRALIA Giovanni,1991,JM,POL. LIB. CERNUSCHESE,3 ba- 2,Saronno,2010-01-10,https://www.fidal.it/atleta/SELTRALIA-Giovanni/dquRkpOjbGk%3D,https://www.fidal.it/societa/POL--LIB--CERNUSCHESE/CO039
9.27,9.27,e,LUCATO Gianpaolo,1991,JM,ASSOCIAZIONE ATLETICA N.E.VI.,2 fi- 1,Padova,2010-01-24,https://www.fidal.it/atleta/LUCATO-Gianpaolo/eKiRlZSicGY%3D,https://www.fidal.it/societa/ASSOCIAZIONE-ATLETICA-N-E-VI-/VI623
9.27,9.27,e,STECHER Christian,1991,JM,ASV LAC VINSCHGAU RAIFFEISEN,3 su- 1,Muenchen,2010-03-14,https://www.fidal.it/atleta/STECHER-Christian/iaiRkpinaGM%3D,https://www.fidal.it/societa/ASV-LAC-VINSCHGAU-RAIFFEISEN/BZ020
9.28,9.28,e,BELLINI Luca,1991,JM,U.S. QUERCIA TRENTINGRANA,3 fi- 1,Ancona,2010-02-06,https://www.fidal.it/atleta/BELLINI-Luca/d6iRkpmjaWk%3D,https://www.fidal.it/societa/U-S--QUERCIA-TRENTINGRANA/TN109
9.29,9.29,e,BERNARDI Luca,1992,JM,TOSCANA ATLETICA CARIPIT,5 ba- 3,Modena,2010-02-21,https://www.fidal.it/atleta/BERNARDI-Luca/faiRm5qobGk%3D,https://www.fidal.it/societa/TOSCANA-ATLETICA-CARIPIT/FI018
9.29,9.29,e,STECHER Christian,1991,JM,ASV LAC VINSCHGAU RAIFFEISEN,6 ba- 2,Modena,2010-02-21,https://www.fidal.it/atleta/STECHER-Christian/iaiRkpinaGM%3D,https://www.fidal.it/societa/ASV-LAC-VINSCHGAU-RAIFFEISEN/BZ020
9.31,9.31,e,ACETO Stefano,1992,JM,ASD BRUNI PUBBL. ATL. VOMANO,3 fi- 1,Ancona,2010-01-23,https://www.fidal.it/atleta/ACETO-Stefano/gaiRk5ihaWY%3D,https://www.fidal.it/societa/ASD-BRUNI-PUBBL--ATL--VOMANO/TE049
9.31,9.31,e,MENGARDO Marco,1992,JM,CANTU`ATLETICA,3 ba- 1,Saronno,2010-02-06,https://www.fidal.it/atleta/MENGARDO-Marco/dquRkpioaGY%3D,https://www.fidal.it/societa/CANTU`ATLETICA/CO169
9.31,9.31,e,MAZZON Riccardo,1992,JM,ATLETICA STRONESE BANCA MB,3 ba- 1,Aosta,2010-02-20,https://www.fidal.it/atleta/MAZZON-Riccardo/dKAAARkpqhaGw%3D,https://www.fidal.it/societa/ATLETICA-STRONESE-BANCA-MB/VC019
9.32,9.32,e,NOLBERTI Edoardo,1992,JM,ATL. LECCO-COLOMBO COSTRUZ.,4 ba- 1,Saronno,2010-02-06,https://www.fidal.it/atleta/NOLBERTI-Edoardo/dquRkpOlcGk%3D,https://www.fidal.it/societa/ATL--LECCO-COLOMBO-COSTRUZ-/CO208
9.41,9.41,e,SPADA Alessio,1991,JM,OLIMPUS SAN MARINO ATLETICA,4 fi- 1,Ancona,2010-01-23,https://www.fidal.it/atleta/SPADA-Alessio/eqiRlZejbGo%3D,https://www.fidal.it/societa/OLIMPUS-SAN-MARINO-ATLETICA/SM278
9.42,9.42,e,THEINER Manuel,1992,JM,ASV LAC VINSCHGAU RAIFFEISEN,4 su- 1,Muenchen,2010-03-14,https://www.fidal.it/atleta/THEINER-Manuel/iaiRkpinaGg%3D,https://www.fidal.it/societa/ASV-LAC-VINSCHGAU-RAIFFEISEN/BZ020
9.43,9.43,e,NOLBERTI Edoardo,1992,JM,ATL. LECCO-COLOMBO COSTRUZ.,4 ba- 2,Saronno,2010-01-10,https://www.fidal.it/atleta/NOLBERTI-Edoardo/dquRkpOlcGk%3D,https://www.fidal.it/societa/ATL--LECCO-COLOMBO-COSTRUZ-/CO208
9.45,9.45,e,MURGIA Mattia,1992,JM,G.S. TRILACUM,5 ba- 2,Modena,2010-01-23,https://www.fidal.it/atleta/MURGIA-Mattia/d6iRkpuocWk%3D,https://www.fidal.it/societa/G-S--TRILACUM/TN524
9.46,9.46,e,CAMILLETTI Alessandro,1992,JM,ALTO LAZIO A.S.D.,2 ba- 1,Rieti,2010-01-17,https://www.fidal.it/atleta/CAMILLETTI-Alessandro/f6iRl5ejb2Y%3D,https://www.fidal.it/societa/ALTO-LAZIO-A-S-D-/VT501
9.46,9.46,e,PISANI Stefano,1992,JM,A.P.D. PARTENOPE ATL. LEGG.,4 su- 1,Napoli Ponticelli,2010-01-24,https://www.fidal.it/atleta/PISANI-Stefano/gKiRlZKhb2w%3D,https://www.fidal.it/societa/A-P-D--PARTENOPE-ATL--LEGG-/NA069
9.47,9.47,e,MURGIA Mattia,1992,JM,G.S. TRILACUM,1 fi- 1,Pergine Valsugana,2010-02-06,https://www.fidal.it/atleta/MURGIA-Mattia/d6iRkpuocWk%3D,https://www.fidal.it/societa/G-S--TRILACUM/TN524
9.51,9.51,e,CUSINATO Michael,1991,JM,ATLETICA VERCELLI 78,4 se- 2,Ancona,2010-01-31,https://www.fidal.it/atleta/CUSINATO-Michael/dK2Rk5mmaGo%3D,https://www.fidal.it/societa/ATLETICA-VERCELLI-78/VC004
9.54,9.54,e,CATTANEO Simone,1991,JM,RUNNER TEAM 99 SBV,5 se- 1,Aosta,2010-02-07,https://www.fidal.it/atleta/CATTANEO-Simone/dK2Rk5qlbmQ%3D,https://www.fidal.it/societa/RUNNER-TEAM-99-SBV/TO185
9.55,9.55,e,CAMILLETTI Alessandro,1992,JM,ALTO LAZIO A.S.D.,2 fi- 1,Rieti,2010-01-17,https://www.fidal.it/atleta/CAMILLETTI-Alessandro/f6iRl5ejb2Y%3D,https://www.fidal.it/societa/ALTO-LAZIO-A-S-D-/VT501
9.58,9.58,e,D'AVINO HAYAS Serhiy,1992,JM,ATL. LECCO-COLOMBO COSTRUZ.,2 se- 3,Ancona,2010-01-31,https://www.fidal.it/atleta/D-AVINO-HAYAS-Serhiy/dquRkpWlaWc%3D,https://www.fidal.it/societa/ATL--LECCO-COLOMBO-COSTRUZ-/CO208
9.59,9.59,e,MENGARDO Marco,1992,JM,CANTU`ATLETICA,5 ba- 2,Saronno,2010-01-10,https://www.fidal.it/atleta/MENGARDO-Marco/dquRkpioaGY%3D,https://www.fidal.it/societa/CANTU`ATLETICA/CO169
9.59,9.59,e,BERNARDI Luca,1992,JM,TOSCANA ATLETICA CARIPIT,1 su- 1,Firenze,2010-01-30,https://www.fidal.it/atleta/BERNARDI-Luca/faiRm5qobGk%3D,https://www.fidal.it/societa/TOSCANA-ATLETICA-CARIPIT/FI018
9.6,9.60,e,CATTANEO Simone,1991,JM,RUNNER TEAM 99 SBV,5 su- 1,Aosta,2010-02-07,https://www.fidal.it/atleta/CATTANEO-Simone/dK2Rk5qlbmQ%3D,https://www.fidal.it/societa/RUNNER-TEAM-99-SBV/TO185
9.66,9.66,e,SCIBELLI Simone,1992,JM,ACSI CAMPIDOGLIO PALATINO,2 se- 2,Ancona,2010-01-17,https://www.fidal.it/atleta/SCIBELLI-Simone/f6iRmZancWg%3D,https://www.fidal.it/societa/ACSI-CAMPIDOGLIO-PALATINO/RM046
9.66,9.66,e,COPPARI Michele,1992,JM,ATLETICA  OSIMO,3 ba- 1,Ancona,2010-02-06,https://www.fidal.it/atleta/COPPARI-Michele/e6iRk5efcWs%3D,https://www.fidal.it/societa/ATLETICA-OSIMO/AN001
9.67,9.67,e,CERNUSCHI Francesco maria,1991,JM,GINN.MONZESE FORTI E LIBERI,3 se- 3,Ancona,2010-01-31,https://www.fidal.it/atleta/CERNUSCHI-Francesco-maria/dq2Rk5uha2s%3D,https://www.fidal.it/societa/GINN-MONZESE-FORTI-E-LIBERI/MI085
9.7,9.70,e,MITI Filippo,1992,JM,EDERA ATL. FORLI,3 ba- 2,Modena,2010-01-09,https://www.fidal.it/atleta/MITI-Filippo/eqiRlZanbGU%3D,https://www.fidal.it/societa/EDERA-ATL--FORLI/FC038
9.7,9.70,e,VALENTINI Filippo,1992,JM,EDERA ATL. FORLI,4 ba- 1,Modena,2010-01-09,https://www.fidal.it/atleta/VALENTINI-Filippo/equRkpKhamc%3D,https://www.fidal.it/societa/EDERA-ATL--FORLI/FC038
9.8,9.80,e,CERNUSCHI Francesco maria,1991,JM,GINN.MONZESE FORTI E LIBERI,4 se- 1,Ancona,2010-01-17,https://www.fidal.it/atleta/CERNUSCHI-Francesco-maria/dq2Rk5uha2s%3D,https://www.fidal.it/societa/GINN-MONZESE-FORTI-E-LIBERI/MI085
9.88,9.88,e,PISANI Stefano,1992,JM,A.P.D. PARTENOPE ATL. LEGG.,4 se- 3,Ancona,2010-01-31,https://www.fidal.it/atleta/PISANI-Stefano/gKiRlZKhb2w%3D,https://www.fidal.it/societa/A-P-D--PARTENOPE-ATL--LEGG-/NA069
9.9,9.90,e,CERNUSCHI Francesco maria,1991,JM,GINN.MONZESE FORTI E LIBERI,4 ba- 1,Saronno,2010-01-10,https://www.fidal.it/atleta/CERNUSCHI-Francesco-maria/dq2Rk5uha2s%3D,https://www.fidal.it/societa/GINN-MONZESE-FORTI-E-LIBERI/MI085
9.92,9.92,e,GALLO Raffaele,1992,JM,A.S.D. AGG. HINNA,3 su- 1,Napoli Ponticelli,2010-01-17,https://www.fidal.it/atleta/GALLO-Raffaele/gKiRlJuob2g%3D,https://www.fidal.it/societa/A-S-D--AGG--HINNA/NA014
9.92,9.92,e,DI CENTA Mirco,1991,JM,POL. TRIVIUM SPILIMBERGO,2 su- 1,Udine,2010-01-23,https://www.fidal.it/atleta/DI-CENTA-Mirco/eaqRkpqfaWk%3D,https://www.fidal.it/societa/POL--TRIVIUM-SPILIMBERGO/PN019
9.92,9.92,e,GAZZERA Alessandro,1992,JM,ATL. ALESSANDRIA,4 ba- 1,Aosta,2010-02-20,https://www.fidal.it/atleta/GAZZERA-Alessandro/dKyRk5micWc%3D,https://www.fidal.it/societa/ATL--ALESSANDRIA/AL001
10.01,10.01,e,DI CENTA Mirco,1991,JM,POL. TRIVIUM SPILIMBERGO,2 su- 1,Udine,2010-01-17,https://www.fidal.it/atleta/DI-CENTA-Mirco/eaqRkpqfaWk%3D,https://www.fidal.it/societa/POL--TRIVIUM-SPILIMBERGO/PN019
10.06,10.06,e,LINGUA Davide,1992,JM,ATL. ALESSANDRIA,2 se- 2,Aosta,2010-02-07,https://www.fidal.it/atleta/LINGUA-Davide/dKmRk5mfaWQ%3D,https://www.fidal.it/societa/ATL--ALESSANDRIA/AL001
10.13,10.13,e,WASOWSKI Marco,1992,JM,U.S. GIOVANI ATLETI BARI,4 fi- 1,Ancona,2010-02-06,https://www.fidal.it/atleta/WASOWSKI-Marco/hKmRkpKjaGk%3D,https://www.fidal.it/societa/U-S--GIOVANI-ATLETI-BARI/BA006
10.18,10.18,e,SPINA Gennaro,1991,JM,ASI ATLETICA LATINA 80,4 su- 1,Napoli Ponticelli,2010-01-17,https://www.fidal.it/atleta/SPINA-Gennaro/f6iRmZSnbmY%3D,https://www.fidal.it/societa/ASI-ATLETICA-LATINA-80/LT275
10.18,10.18,e,DI CENTA Mirco,1991,JM,POL. TRIVIUM SPILIMBERGO,5 ba- 1,Modena,2010-02-21,https://www.fidal.it/atleta/DI-CENTA-Mirco/eaqRkpqfaWk%3D,https://www.fidal.it/societa/POL--TRIVIUM-SPILIMBERGO/PN019
10.29,10.29,e,WASOWSKI Marco,1992,JM,U.S. GIOVANI ATLETI BARI,4 ba- 1,Ancona,2010-02-06,https://www.fidal.it/atleta/WASOWSKI-Marco/hKmRkpKjaGk%3D,https://www.fidal.it/societa/U-S--GIOVANI-ATLETI-BARI/BA006
10.85,10.6,m,TOZZI Stefano,1970,SM40,ACSI CAMPIDOGLIO PALATINO,2 su- 1,Napoli Ponticelli,2010-02-06,https://www.fidal.it/atleta/TOZZI-Stefano/f6iRl5SmbWU%3D,https://www.fidal.it/societa/ACSI-CAMPIDOGLIO-PALATINO/RM046
11.49,11.49,e,MAZZI Marco,1992,JM,ATLETICA FUTURA A.S.D.,2 su- 1,Firenze,2010-01-30,https://www.fidal.it/atleta/MAZZI-Marco/faqRkpSicWM%3D,https://www.fidal.it/societa/ATLETICA-FUTURA-A-S-D-/FI384
7.95,7.95,e,PRAOLINI Francesco,1992,JM,CUS DEI LAGHI - ATL. VARESE,1 fi- 1,Ancona,2011-02-12,https://www.fidal.it/atleta/PRAOLINI-Francesco/drKRkpWlbWs%3D,https://www.fidal.it/societa/CUS-DEI-LAGHI-ATL--VARESE/VA123
7.97,7.97,e,PRAOLINI Francesco,1992,JM,CUS DEI LAGHI - ATL. VARESE,1 ba- 1,Ancona,2011-02-12,https://www.fidal.it/atleta/PRAOLINI-Francesco/drKRkpWlbWs%3D,https://www.fidal.it/societa/CUS-DEI-LAGHI-ATL--VARESE/VA123
7.98,7.98,e,FOFANA Hassane,1992,JM,ATL. BERGAMO 1959 CREBERG,3 se- 2,Amburgo,2011-03-05,https://www.fidal.it/atleta/FOFANA-Hassane/dqqRlpujbGU%3D,https://www.fidal.it/societa/ATL--BERGAMO-1959-CREBERG/BG003
7.99,7.99,e,FOFANA Hassane,1992,JM,ATL. BERGAMO 1959 CREBERG,1 ba- 1,Aosta,2011-01-23,https://www.fidal.it/atleta/FOFANA-Hassane/dqqRlpujbGU%3D,https://www.fidal.it/societa/ATL--BERGAMO-1959-CREBERG/BG003
8.02,8.02,e,FOFANA Hassane,1992,JM,ATL. BERGAMO 1959 CREBERG,1 ba- 3,Ancona,2011-02-12,https://www.fidal.it/atleta/FOFANA-Hassane/dqqRlpujbGU%3D,https://www.fidal.it/societa/ATL--BERGAMO-1959-CREBERG/BG003
8.03,8.03,e,FOFANA Hassane,1992,JM,ATL. BERGAMO 1959 CREBERG,2 fi- 1,Ancona,2011-02-12,https://www.fidal.it/atleta/FOFANA-Hassane/dqqRlpujbGU%3D,https://www.fidal.it/societa/ATL--BERGAMO-1959-CREBERG/BG003
8.03,8.03,e,FOFANA Hassane,1992,JM,ATL. BERGAMO 1959 CREBERG,3 su- 1,Amburgo,2011-03-05,https://www.fidal.it/atleta/FOFANA-Hassane/dqqRlpujbGU%3D,https://www.fidal.it/societa/ATL--BERGAMO-1959-CREBERG/BG003
8.04,8.04,e,FOFANA Hassane,1992,JM,ATL. BERGAMO 1959 CREBERG,1 fi- 1,Modena,2011-01-15,https://www.fidal.it/atleta/FOFANA-Hassane/dqqRlpujbGU%3D,https://www.fidal.it/societa/ATL--BERGAMO-1959-CREBERG/BG003
8.04,8.04,e,PRAOLINI Francesco,1992,JM,CUS DEI LAGHI - ATL. VARESE,2 ba- 1,Aosta,2011-01-23,https://www.fidal.it/atleta/PRAOLINI-Francesco/drKRkpWlbWs%3D,https://www.fidal.it/societa/CUS-DEI-LAGHI-ATL--VARESE/VA123
8.04,8.04,e,PRAOLINI Francesco,1992,JM,CUS DEI LAGHI - ATL. VARESE,1 fi- 1,Saronno,2011-01-29,https://www.fidal.it/atleta/PRAOLINI-Francesco/drKRkpWlbWs%3D,https://www.fidal.it/societa/CUS-DEI-LAGHI-ATL--VARESE/VA123
8.04,8.04,e,PRAOLINI Francesco,1992,JM,CUS DEI LAGHI - ATL. VARESE,5 su- 1,Amburgo,2011-03-05,https://www.fidal.it/atleta/PRAOLINI-Francesco/drKRkpWlbWs%3D,https://www.fidal.it/societa/CUS-DEI-LAGHI-ATL--VARESE/VA123
8.05,8.05,e,PRAOLINI Francesco,1992,JM,CUS DEI LAGHI - ATL. VARESE,1 fi- 1,Aosta,2011-01-23,https://www.fidal.it/atleta/PRAOLINI-Francesco/drKRkpWlbWs%3D,https://www.fidal.it/societa/CUS-DEI-LAGHI-ATL--VARESE/VA123
8.06,8.06,e,PRAOLINI Francesco,1992,JM,CUS DEI LAGHI - ATL. VARESE,5 se- 2,Amburgo,2011-03-05,https://www.fidal.it/atleta/PRAOLINI-Francesco/drKRkpWlbWs%3D,https://www.fidal.it/societa/CUS-DEI-LAGHI-ATL--VARESE/VA123
8.07,8.07,e,FOFANA Hassane,1992,JM,ATL. BERGAMO 1959 CREBERG,2 fi- 1,Aosta,2011-01-23,https://www.fidal.it/atleta/FOFANA-Hassane/dqqRlpujbGU%3D,https://www.fidal.it/societa/ATL--BERGAMO-1959-CREBERG/BG003
8.07,8.07,e,FOFANA Hassane,1992,JM,ATL. BERGAMO 1959 CREBERG,2 fi- 1,Saronno,2011-01-29,https://www.fidal.it/atleta/FOFANA-Hassane/dqqRlpujbGU%3D,https://www.fidal.it/societa/ATL--BERGAMO-1959-CREBERG/BG003
8.09,8.09,e,PRAOLINI Francesco,1992,JM,CUS DEI LAGHI - ATL. VARESE,2 fi- 1,Modena,2011-01-15,https://www.fidal.it/atleta/PRAOLINI-Francesco/drKRkpWlbWs%3D,https://www.fidal.it/societa/CUS-DEI-LAGHI-ATL--VARESE/VA123
8.09,8.09,e,PRAOLINI Francesco,1992,JM,CUS DEI LAGHI - ATL. VARESE,1 fi- 1,Modena,2011-02-27,https://www.fidal.it/atleta/PRAOLINI-Francesco/drKRkpWlbWs%3D,https://www.fidal.it/societa/CUS-DEI-LAGHI-ATL--VARESE/VA123
8.11,8.11,e,ZAMBITO Andrea,1993,JM,FIAMME GIALLE G. SIMONI,1 ba- 1,Roma,2011-01-30,https://www.fidal.it/atleta/ZAMBITO-Andrea/f6iRmZinbmg%3D,https://www.fidal.it/societa/FIAMME-GIALLE-G--SIMONI/RM057
8.12,8.12,e,FOFANA Hassane,1992,JM,ATL. BERGAMO 1959 CREBERG,2 fi- 1,Modena,2011-02-27,https://www.fidal.it/atleta/FOFANA-Hassane/dqqRlpujbGU%3D,https://www.fidal.it/societa/ATL--BERGAMO-1959-CREBERG/BG003
8.13,8.13,e,PRAOLINI Francesco,1992,JM,CUS DEI LAGHI - ATL. VARESE,1 ba- 3,Saronno,2011-01-29,https://www.fidal.it/atleta/PRAOLINI-Francesco/drKRkpWlbWs%3D,https://www.fidal.it/societa/CUS-DEI-LAGHI-ATL--VARESE/VA123
8.13,8.13,e,TRGOVCEVIC Luca,1992,JM,ATL. STUDENTESCA CA.RI.RI,2 ba- 1,Roma,2011-01-30,https://www.fidal.it/atleta/TRGOVCEVIC-Luca/f6iRl5ema2Q%3D,https://www.fidal.it/societa/ATL--STUDENTESCA-CA-RI-RI/RI223
8.13,8.13,e,ZAMBITO Andrea,1993,JM,FIAMME GIALLE G. SIMONI,1 ba- 2,Ancona,2011-02-12,https://www.fidal.it/atleta/ZAMBITO-Andrea/f6iRmZinbmg%3D,https://www.fidal.it/societa/FIAMME-GIALLE-G--SIMONI/RM057
8.15,8.15,e,ZAMBITO Andrea,1993,JM,FIAMME GIALLE G. SIMONI,1 fi- 1,Roma,2011-01-30,https://www.fidal.it/atleta/ZAMBITO-Andrea/f6iRmZinbmg%3D,https://www.fidal.it/societa/FIAMME-GIALLE-G--SIMONI/RM057
8.15,8.15,e,ZAMBITO Andrea,1993,JM,FIAMME GIALLE G. SIMONI,3 fi- 1,Ancona,2011-02-12,https://www.fidal.it/atleta/ZAMBITO-Andrea/f6iRmZinbmg%3D,https://www.fidal.it/societa/FIAMME-GIALLE-G--SIMONI/RM057
8.15,8.15,e,TRGOVCEVIC Luca,1992,JM,ATL. STUDENTESCA CA.RI.RI,4 fi- 1,Ancona,2011-02-12,https://www.fidal.it/atleta/TRGOVCEVIC-Luca/f6iRl5ema2Q%3D,https://www.fidal.it/societa/ATL--STUDENTESCA-CA-RI-RI/RI223
8.16,8.16,e,FOFANA Hassane,1992,JM,ATL. BERGAMO 1959 CREBERG,1 ba- 1,Modena,2011-02-27,https://www.fidal.it/atleta/FOFANA-Hassane/dqqRlpujbGU%3D,https://www.fidal.it/societa/ATL--BERGAMO-1959-CREBERG/BG003
8.16,8.16,e,PRAOLINI Francesco,1992,JM,CUS DEI LAGHI - ATL. VARESE,1 ba- 2,Modena,2011-02-27,https://www.fidal.it/atleta/PRAOLINI-Francesco/drKRkpWlbWs%3D,https://www.fidal.it/societa/CUS-DEI-LAGHI-ATL--VARESE/VA123
8.17,8.17,e,TRGOVCEVIC Luca,1992,JM,ATL. STUDENTESCA CA.RI.RI,1 ba- 1,Rieti,2011-01-09,https://www.fidal.it/atleta/TRGOVCEVIC-Luca/f6iRl5ema2Q%3D,https://www.fidal.it/societa/ATL--STUDENTESCA-CA-RI-RI/RI223
8.17,8.17,e,TRGOVCEVIC Luca,1992,JM,ATL. STUDENTESCA CA.RI.RI,1 fi- 1,Roma,2011-01-23,https://www.fidal.it/atleta/TRGOVCEVIC-Luca/f6iRl5ema2Q%3D,https://www.fidal.it/societa/ATL--STUDENTESCA-CA-RI-RI/RI223
8.17,8.17,e,TRGOVCEVIC Luca,1992,JM,ATL. STUDENTESCA CA.RI.RI,2 ba- 1,Ancona,2011-02-12,https://www.fidal.it/atleta/TRGOVCEVIC-Luca/f6iRl5ema2Q%3D,https://www.fidal.it/societa/ATL--STUDENTESCA-CA-RI-RI/RI223
8.18,8.18,e,ZAMBITO Andrea,1993,JM,FIAMME GIALLE G. SIMONI,2 fi- 1,Roma,2011-01-23,https://www.fidal.it/atleta/ZAMBITO-Andrea/f6iRmZinbmg%3D,https://www.fidal.it/societa/FIAMME-GIALLE-G--SIMONI/RM057
8.18,8.18,e,TRGOVCEVIC Luca,1992,JM,ATL. STUDENTESCA CA.RI.RI,2 fi- 1,Roma,2011-01-30,https://www.fidal.it/atleta/TRGOVCEVIC-Luca/f6iRl5ema2Q%3D,https://www.fidal.it/societa/ATL--STUDENTESCA-CA-RI-RI/RI223
8.18,8.18,e,OMEDE' Matteo,1992,JM,ATLETICA PIEMONTE ASD,2 ba- 2,Ancona,2011-02-12,https://www.fidal.it/atleta/OMEDE-Matteo/dKuRk5ambGs%3D,https://www.fidal.it/societa/ATLETICA-PIEMONTE-ASD/TO226
8.2,8.20,e,TRGOVCEVIC Luca,1992,JM,ATL. STUDENTESCA CA.RI.RI,1 fi- 1,Rieti,2011-01-09,https://www.fidal.it/atleta/TRGOVCEVIC-Luca/f6iRl5ema2Q%3D,https://www.fidal.it/societa/ATL--STUDENTESCA-CA-RI-RI/RI223
8.21,8.21,e,VERGANI Lorenzo,1993,JM,ATL. RICCARDI MILANO,3 fi- 1,Saronno,2011-01-29,https://www.fidal.it/atleta/VERGANI-Lorenzo/dq2RlJika2s%3D,https://www.fidal.it/societa/ATL--RICCARDI-MILANO/MI080
8.21,8.21,e,OMEDE' Matteo,1992,JM,ATLETICA PIEMONTE ASD,5 fi- 1,Ancona,2011-02-12,https://www.fidal.it/atleta/OMEDE-Matteo/dKuRk5ambGs%3D,https://www.fidal.it/societa/ATLETICA-PIEMONTE-ASD/TO226
8.21,8.21,e,IURIG Alessandro,1993,JM,ATLETICA GORIZIA CA. RI. FVG,2 ba- 2,Modena,2011-02-27,https://www.fidal.it/atleta/IURIG-Alessandro/eamRkpihbmk%3D,https://www.fidal.it/societa/ATLETICA-GORIZIA-CA--RI--FVG/GO050
8.22,8.22,e,TRGOVCEVIC Luca,1992,JM,ATL. STUDENTESCA CA.RI.RI,1 ba- 1,Roma,2011-01-23,https://www.fidal.it/atleta/TRGOVCEVIC-Luca/f6iRl5ema2Q%3D,https://www.fidal.it/societa/ATL--STUDENTESCA-CA-RI-RI/RI223
8.22,8.22,e,VERGANI Lorenzo,1993,JM,ATL. RICCARDI MILANO,6 fi- 1,Ancona,2011-02-12,https://www.fidal.it/atleta/VERGANI-Lorenzo/dq2RlJika2s%3D,https://www.fidal.it/societa/ATL--RICCARDI-MILANO/MI080
8.23,8.23,e,ZAMBITO Andrea,1993,JM,FIAMME GIALLE G. SIMONI,2 ba- 1,Roma,2011-01-23,https://www.fidal.it/atleta/ZAMBITO-Andrea/f6iRmZinbmg%3D,https://www.fidal.it/societa/FIAMME-GIALLE-G--SIMONI/RM057
8.24,8.24,e,FOFANA Hassane,1992,JM,ATL. BERGAMO 1959 CREBERG,1 ba- 2,Modena,2011-01-15,https://www.fidal.it/atleta/FOFANA-Hassane/dqqRlpujbGU%3D,https://www.fidal.it/societa/ATL--BERGAMO-1959-CREBERG/BG003
8.24,8.24,e,VERGANI Lorenzo,1993,JM,ATL. RICCARDI MILANO,3 ba- 1,Aosta,2011-01-23,https://www.fidal.it/atleta/VERGANI-Lorenzo/dq2RlJika2s%3D,https://www.fidal.it/societa/ATL--RICCARDI-MILANO/MI080
8.24,8.24,e,VERGANI Lorenzo,1993,JM,ATL. RICCARDI MILANO,1 ba- 2,Saronno,2011-01-29,https://www.fidal.it/atleta/VERGANI-Lorenzo/dq2RlJika2s%3D,https://www.fidal.it/societa/ATL--RICCARDI-MILANO/MI080
8.25,8.25,e,IURIG Alessandro,1993,JM,ATLETICA GORIZIA CA. RI. FVG,3 fi- 1,Modena,2011-02-27,https://www.fidal.it/atleta/IURIG-Alessandro/eamRkpihbmk%3D,https://www.fidal.it/societa/ATLETICA-GORIZIA-CA--RI--FVG/GO050
8.26,8.26,e,PRAOLINI Francesco,1992,JM,CUS DEI LAGHI - ATL. VARESE,1 ba- 1,Modena,2011-01-15,https://www.fidal.it/atleta/PRAOLINI-Francesco/drKRkpWlbWs%3D,https://www.fidal.it/societa/CUS-DEI-LAGHI-ATL--VARESE/VA123
8.26,8.26,e,TRGOVCEVIC Luca,1992,JM,ATL. STUDENTESCA CA.RI.RI,1 ba- 1,Ancona,2011-01-16,https://www.fidal.it/atleta/TRGOVCEVIC-Luca/f6iRl5ema2Q%3D,https://www.fidal.it/societa/ATL--STUDENTESCA-CA-RI-RI/RI223
8.27,8.27,e,OMEDE' Matteo,1992,JM,ATLETICA PIEMONTE ASD,3 fi- 1,Aosta,2011-01-23,https://www.fidal.it/atleta/OMEDE-Matteo/dKuRk5ambGs%3D,https://www.fidal.it/societa/ATLETICA-PIEMONTE-ASD/TO226
8.27,8.27,e,FOFANA Hassane,1992,JM,ATL. BERGAMO 1959 CREBERG,1 ba- 1,Saronno,2011-01-29,https://www.fidal.it/atleta/FOFANA-Hassane/dqqRlpujbGU%3D,https://www.fidal.it/societa/ATL--BERGAMO-1959-CREBERG/BG003
8.31,8.31,e,TRGOVCEVIC Luca,1992,JM,ATL. STUDENTESCA CA.RI.RI,1 fi- 1,Ancona,2011-01-16,https://www.fidal.it/atleta/TRGOVCEVIC-Luca/f6iRl5ema2Q%3D,https://www.fidal.it/societa/ATL--STUDENTESCA-CA-RI-RI/RI223
8.31,8.31,e,VERGANI Lorenzo,1993,JM,ATL. RICCARDI MILANO,2 ba- 3,Ancona,2011-02-12,https://www.fidal.it/atleta/VERGANI-Lorenzo/dq2RlJika2s%3D,https://www.fidal.it/societa/ATL--RICCARDI-MILANO/MI080
8.31,8.31,e,LONGONI Stefano,1975,SM35,ATL. LECCO-COLOMBO COSTRUZ.,1 su- 1,Ancona,2011-03-05,https://www.fidal.it/atleta/LONGONI-Stefano/dqiRkpagaGo%3D,https://www.fidal.it/societa/ATL--LECCO-COLOMBO-COSTRUZ-/CO208
8.33,8.33,e,LONGONI Stefano,1975,SM35,ATL. LECCO-COLOMBO COSTRUZ.,2 fi- 1,Gent,2011-03-17,https://www.fidal.it/atleta/LONGONI-Stefano/dqiRkpagaGo%3D,https://www.fidal.it/societa/ATL--LECCO-COLOMBO-COSTRUZ-/CO208
8.34,8.34,e,GIROTTO Francesco,1992,JM,ATL.VICENTINA,1 ba- 1,Padova,2011-01-15,https://www.fidal.it/atleta/GIROTTO-Francesco/eK6RkpOibGk%3D,https://www.fidal.it/societa/ATL-VICENTINA/VI626
8.36,8.36,e,GIROTTO Francesco,1992,JM,ATL.VICENTINA,1 fi- 1,Padova,2011-02-05,https://www.fidal.it/atleta/GIROTTO-Francesco/eK6RkpOibGk%3D,https://www.fidal.it/societa/ATL-VICENTINA/VI626
8.37,8.37,e,COLOMBO Leonardo,1993,JM,ATL. LECCO-COLOMBO COSTRUZ.,3 ba- 1,Ancona,2011-02-12,https://www.fidal.it/atleta/COLOMBO-Leonardo/dquRkpambmo%3D,https://www.fidal.it/societa/ATL--LECCO-COLOMBO-COSTRUZ-/CO208
8.37,8.37,e,ZAGNONI Edoardo,1993,JM,ASSINDUSTRIA SPORT PADOVA,4 fi- 1,Modena,2011-02-27,https://www.fidal.it/atleta/ZAGNONI-Edoardo/eKiRlZigbWk%3D,https://www.fidal.it/societa/ASSINDUSTRIA-SPORT-PADOVA/PD140
8.38,8.38,e,GIROTTO Francesco,1992,JM,ATL.VICENTINA,1 fi- 1,Modena,2011-01-22,https://www.fidal.it/atleta/GIROTTO-Francesco/eK6RkpOibGk%3D,https://www.fidal.it/societa/ATL-VICENTINA/VI626
8.39,8.39,e,ZAGNONI Edoardo,1993,JM,ASSINDUSTRIA SPORT PADOVA,2 ba- 1,Modena,2011-02-27,https://www.fidal.it/atleta/ZAGNONI-Edoardo/eKiRlZigbWk%3D,https://www.fidal.it/societa/ASSINDUSTRIA-SPORT-PADOVA/PD140
8.4,8.40,e,GIROTTO Francesco,1992,JM,ATL.VICENTINA,5 fi- 1,Modena,2011-02-27,https://www.fidal.it/atleta/GIROTTO-Francesco/eK6RkpOibGk%3D,https://www.fidal.it/societa/ATL-VICENTINA/VI626
8.41,8.41,e,OMEDE' Matteo,1992,JM,ATLETICA PIEMONTE ASD,4 ba- 1,Aosta,2011-01-23,https://www.fidal.it/atleta/OMEDE-Matteo/dKuRk5ambGs%3D,https://www.fidal.it/societa/ATLETICA-PIEMONTE-ASD/TO226
8.42,8.42,e,COLOMBO Leonardo,1993,JM,ATL. LECCO-COLOMBO COSTRUZ.,4 fi- 1,Saronno,2011-01-29,https://www.fidal.it/atleta/COLOMBO-Leonardo/dquRkpambmo%3D,https://www.fidal.it/societa/ATL--LECCO-COLOMBO-COSTRUZ-/CO208
8.42,8.42,e,FARAGONA Michele,1993,JM,A.S. LA FRATELLANZA 1874,1 fi- 1,Ancona,2011-02-05,https://www.fidal.it/atleta/FARAGONA-Michele/eqiRlpaoa2s%3D,https://www.fidal.it/societa/A-S--LA-FRATELLANZA-1874/MO052
8.42,8.42,e,ZAGNONI Edoardo,1993,JM,ASSINDUSTRIA SPORT PADOVA,4 ba- 1,Ancona,2011-02-12,https://www.fidal.it/atleta/ZAGNONI-Edoardo/eKiRlZigbWk%3D,https://www.fidal.it/societa/ASSINDUSTRIA-SPORT-PADOVA/PD140
8.42,8.42,e,LONGONI Stefano,1975,SM35,ATL. LECCO-COLOMBO COSTRUZ.,1 ba- 2,Gent,2011-03-17,https://www.fidal.it/atleta/LONGONI-Stefano/dqiRkpagaGo%3D,https://www.fidal.it/societa/ATL--LECCO-COLOMBO-COSTRUZ-/CO208
8.43,8.43,e,GIROTTO Francesco,1992,JM,ATL.VICENTINA,1 ba- 3,Modena,2011-02-27,https://www.fidal.it/atleta/GIROTTO-Francesco/eK6RkpOibGk%3D,https://www.fidal.it/societa/ATL-VICENTINA/VI626
8.44,8.44,e,VERGANI Lorenzo,1993,JM,ATL. RICCARDI MILANO,3 fi- 1,Modena,2011-01-15,https://www.fidal.it/atleta/VERGANI-Lorenzo/dq2RlJika2s%3D,https://www.fidal.it/societa/ATL--RICCARDI-MILANO/MI080
8.45,8.45,e,GIROTTO Francesco,1992,JM,ATL.VICENTINA,1 ba- 1,Padova,2011-02-05,https://www.fidal.it/atleta/GIROTTO-Francesco/eK6RkpOibGk%3D,https://www.fidal.it/societa/ATL-VICENTINA/VI626
8.46,8.46,e,COLOMBO Leonardo,1993,JM,ATL. LECCO-COLOMBO COSTRUZ.,2 ba- 1,Saronno,2011-01-29,https://www.fidal.it/atleta/COLOMBO-Leonardo/dquRkpambmo%3D,https://www.fidal.it/societa/ATL--LECCO-COLOMBO-COSTRUZ-/CO208
8.46,8.46,e,TRABACE Simone,1992,JM,ATL. RICCARDI MILANO,5 ba- 1,Ancona,2011-02-12,https://www.fidal.it/atleta/TRABACE-Simone/dq2Rk5eob2U%3D,https://www.fidal.it/societa/ATL--RICCARDI-MILANO/MI080
8.46,8.46,e,ZAGNONI Edoardo,1993,JM,ASSINDUSTRIA SPORT PADOVA,7 fi- 1,Ancona,2011-02-12,https://www.fidal.it/atleta/ZAGNONI-Edoardo/eKiRlZigbWk%3D,https://www.fidal.it/societa/ASSINDUSTRIA-SPORT-PADOVA/PD140
8.47,8.47,e,VERGANI Lorenzo,1993,JM,ATL. RICCARDI MILANO,2 ba- 2,Modena,2011-01-15,https://www.fidal.it/atleta/VERGANI-Lorenzo/dq2RlJika2s%3D,https://www.fidal.it/societa/ATL--RICCARDI-MILANO/MI080
8.47,8.47,e,AMADIO Marco,1993,JM,ATLETICA RAVENNA,1 ba- 1,Modena,2011-01-22,https://www.fidal.it/atleta/AMADIO-Marco/eqiRlZagaGw%3D,https://www.fidal.it/societa/ATLETICA-RAVENNA/RA095
8.47,8.47,e,MALATINI Leonardo,1993,JM,TECNO ADRIATLETICA MARCHE,1 se- 1,Ancona,2011-01-30,https://www.fidal.it/atleta/MALATINI-Leonardo/e6iRk5SmbGo%3D,https://www.fidal.it/societa/TECNO-ADRIATLETICA-MARCHE/AP050
8.48,8.48,e,FARAGONA Michele,1993,JM,A.S. LA FRATELLANZA 1874,4 fi- 1,Modena,2011-01-15,https://www.fidal.it/atleta/FARAGONA-Michele/eqiRlpaoa2s%3D,https://www.fidal.it/societa/A-S--LA-FRATELLANZA-1874/MO052
8.49,8.49,e,FARAGONA Michele,1993,JM,A.S. LA FRATELLANZA 1874,2 fi- 1,Modena,2011-01-22,https://www.fidal.it/atleta/FARAGONA-Michele/eqiRlpaoa2s%3D,https://www.fidal.it/societa/A-S--LA-FRATELLANZA-1874/MO052
8.5,8.50,e,GIROTTO Francesco,1992,JM,ATL.VICENTINA,1 ba- 2,Modena,2011-01-22,https://www.fidal.it/atleta/GIROTTO-Francesco/eK6RkpOibGk%3D,https://www.fidal.it/societa/ATL-VICENTINA/VI626
8.5,8.50,e,PANCALDI Luca,1992,JM,EDERA ATL. FORLI,3 fi- 1,Modena,2011-01-22,https://www.fidal.it/atleta/PANCALDI-Luca/eKiRlZakb2Q%3D,https://www.fidal.it/societa/EDERA-ATL--FORLI/FC038
8.5,8.50,e,MALATINI Leonardo,1993,JM,TECNO ADRIATLETICA MARCHE,1 ba- 1,Ancona,2011-02-05,https://www.fidal.it/atleta/MALATINI-Leonardo/e6iRk5SmbGo%3D,https://www.fidal.it/societa/TECNO-ADRIATLETICA-MARCHE/AP050
8.5,8.50,e,AMADIO Marco,1993,JM,ATLETICA RAVENNA,2 fi- 1,Ancona,2011-02-05,https://www.fidal.it/atleta/AMADIO-Marco/eqiRlZagaGw%3D,https://www.fidal.it/societa/ATLETICA-RAVENNA/RA095
8.5,8.50,e,GIROTTO Francesco,1992,JM,ATL.VICENTINA,3 ba- 3,Ancona,2011-02-12,https://www.fidal.it/atleta/GIROTTO-Francesco/eK6RkpOibGk%3D,https://www.fidal.it/societa/ATL-VICENTINA/VI626
8.51,8.51,e,AMADIO Marco,1993,JM,ATLETICA RAVENNA,2 ba- 1,Ancona,2011-02-05,https://www.fidal.it/atleta/AMADIO-Marco/eqiRlZagaGw%3D,https://www.fidal.it/societa/ATLETICA-RAVENNA/RA095
8.51,8.51,e,FARAGONA Michele,1993,JM,A.S. LA FRATELLANZA 1874,1 fi- 2,Modena,2011-02-27,https://www.fidal.it/atleta/FARAGONA-Michele/eqiRlpaoa2s%3D,https://www.fidal.it/societa/A-S--LA-FRATELLANZA-1874/MO052
8.52,8.52,e,IURIG Alessandro,1993,JM,ATLETICA GORIZIA CA. RI. FVG,3 ba- 2,Ancona,2011-02-12,https://www.fidal.it/atleta/IURIG-Alessandro/eamRkpihbmk%3D,https://www.fidal.it/societa/ATLETICA-GORIZIA-CA--RI--FVG/GO050
8.53,8.53,e,FARAGONA Michele,1993,JM,A.S. LA FRATELLANZA 1874,1 fi- 1,Ancona,2011-01-09,https://www.fidal.it/atleta/FARAGONA-Michele/eqiRlpaoa2s%3D,https://www.fidal.it/societa/A-S--LA-FRATELLANZA-1874/MO052
8.53,8.53,e,FARAGONA Michele,1993,JM,A.S. LA FRATELLANZA 1874,1 ba- 3,Modena,2011-01-15,https://www.fidal.it/atleta/FARAGONA-Michele/eqiRlpaoa2s%3D,https://www.fidal.it/societa/A-S--LA-FRATELLANZA-1874/MO052
8.53,8.53,e,TRABACE Simone,1992,JM,ATL. RICCARDI MILANO,5 ba- 1,Aosta,2011-01-23,https://www.fidal.it/atleta/TRABACE-Simone/dq2Rk5eob2U%3D,https://www.fidal.it/societa/ATL--RICCARDI-MILANO/MI080
8.53,8.53,e,ESPA Stefano,1993,JM,SS ESPERIA,1 ba- 1,Iglesias,2011-02-06,https://www.fidal.it/atleta/ESPA-Stefano/iKiSmZuoamc%3D,https://www.fidal.it/societa/SS-ESPERIA/CA003
8.53,8.53,e,ESPA Stefano,1993,JM,SS ESPERIA,1 fi- 1,Iglesias,2011-02-06,https://www.fidal.it/atleta/ESPA-Stefano/iKiSmZuoamc%3D,https://www.fidal.it/societa/SS-ESPERIA/CA003
8.55,8.55,e,PANCALDI Luca,1992,JM,EDERA ATL. FORLI,2 ba- 1,Modena,2011-01-22,https://www.fidal.it/atleta/PANCALDI-Luca/eKiRlZakb2Q%3D,https://www.fidal.it/societa/EDERA-ATL--FORLI/FC038
8.55,8.55,e,OMEDE' Matteo,1992,JM,ATLETICA PIEMONTE ASD,1 ba- 1,Aosta,2011-01-29,https://www.fidal.it/atleta/OMEDE-Matteo/dKuRk5ambGs%3D,https://www.fidal.it/societa/ATLETICA-PIEMONTE-ASD/TO226
8.55,8.55,e,BATTISTI Tommaso,1992,JM,EDERA ATL. FORLI,2 se- 1,Ancona,2011-01-30,https://www.fidal.it/atleta/BATTISTI-Tommaso/eqiRlZSjcGQ%3D,https://www.fidal.it/societa/EDERA-ATL--FORLI/FC038
8.55,8.55,e,PANCALDI Luca,1992,JM,EDERA ATL. FORLI,6 ba- 1,Ancona,2011-02-12,https://www.fidal.it/atleta/PANCALDI-Luca/eKiRlZakb2Q%3D,https://www.fidal.it/societa/EDERA-ATL--FORLI/FC038
8.56,8.56,e,MALATINI Leonardo,1993,JM,TECNO ADRIATLETICA MARCHE,1 su- 1,Ancona,2011-01-16,https://www.fidal.it/atleta/MALATINI-Leonardo/e6iRk5SmbGo%3D,https://www.fidal.it/societa/TECNO-ADRIATLETICA-MARCHE/AP050
8.56,8.56,e,AMADIO Marco,1993,JM,ATLETICA RAVENNA,4 fi- 1,Modena,2011-01-22,https://www.fidal.it/atleta/AMADIO-Marco/eqiRlZagaGw%3D,https://www.fidal.it/societa/ATLETICA-RAVENNA/RA095
8.56,8.56,e,NETTUNO Federico,1975,SM35,N.ATL. FANFULLA LODIGIANA,99 su- 1,Aosta,2011-02-19,https://www.fidal.it/atleta/NETTUNO-Federico/dqiRkpahamo%3D,https://www.fidal.it/societa/N-ATL--FANFULLA-LODIGIANA/MI218
8.56,8.56,e,NETTUNO Federico,1975,SM35,N.ATL. FANFULLA LODIGIANA,1 se- 5,Gent,2011-03-16,https://www.fidal.it/atleta/NETTUNO-Federico/dqiRkpahamo%3D,https://www.fidal.it/societa/N-ATL--FANFULLA-LODIGIANA/MI218
8.57,8.57,e,FARAGONA Michele,1993,JM,A.S. LA FRATELLANZA 1874,1 ba- 1,Ancona,2011-01-09,https://www.fidal.it/atleta/FARAGONA-Michele/eqiRlpaoa2s%3D,https://www.fidal.it/societa/A-S--LA-FRATELLANZA-1874/MO052
8.57,8.57,e,GIROTTO Francesco,1992,JM,ATL.VICENTINA,1 fi- 1,Padova,2011-01-15,https://www.fidal.it/atleta/GIROTTO-Francesco/eK6RkpOibGk%3D,https://www.fidal.it/societa/ATL-VICENTINA/VI626
8.57,8.57,e,ZAGNONI Edoardo,1993,JM,ASSINDUSTRIA SPORT PADOVA,2 ba- 1,Padova,2011-02-05,https://www.fidal.it/atleta/ZAGNONI-Edoardo/eKiRlZigbWk%3D,https://www.fidal.it/societa/ASSINDUSTRIA-SPORT-PADOVA/PD140
8.57,8.57,e,ESPA Stefano,1993,JM,SS ESPERIA,4 ba- 3,Ancona,2011-02-12,https://www.fidal.it/atleta/ESPA-Stefano/iKiSmZuoamc%3D,https://www.fidal.it/societa/SS-ESPERIA/CA003
8.58,8.58,e,AVELLA Antonio,1992,JM,A.S.D. AGG. HINNA,1 su- 1,Napoli Ponticelli,2011-01-22,https://www.fidal.it/atleta/AVELLA-Antonio/gKiRlpOgbGQ%3D,https://www.fidal.it/societa/A-S-D--AGG--HINNA/NA014
8.58,8.58,e,AVELLA Antonio,1992,JM,A.S.D. AGG. HINNA,3 se- 1,Ancona,2011-01-30,https://www.fidal.it/atleta/AVELLA-Antonio/gKiRlpOgbGQ%3D,https://www.fidal.it/societa/A-S-D--AGG--HINNA/NA014
8.59,8.59,e,BATTISTI Tommaso,1992,JM,EDERA ATL. FORLI,5 fi- 1,Modena,2011-01-22,https://www.fidal.it/atleta/BATTISTI-Tommaso/eqiRlZSjcGQ%3D,https://www.fidal.it/societa/EDERA-ATL--FORLI/FC038
8.59,8.59,e,ZAGNONI Edoardo,1993,JM,ASSINDUSTRIA SPORT PADOVA,1 ba- 1,Udine,2011-01-23,https://www.fidal.it/atleta/ZAGNONI-Edoardo/eKiRlZigbWk%3D,https://www.fidal.it/societa/ASSINDUSTRIA-SPORT-PADOVA/PD140
8.59,8.59,e,ZAGNONI Edoardo,1993,JM,ASSINDUSTRIA SPORT PADOVA,2 fi- 1,Padova,2011-02-05,https://www.fidal.it/atleta/ZAGNONI-Edoardo/eKiRlZigbWk%3D,https://www.fidal.it/societa/ASSINDUSTRIA-SPORT-PADOVA/PD140
8.59,8.59,e,LAMBRUGHI Mario,1992,JM,U.S. ATL. VEDANO,3 fi- 1,Padova,2011-02-05,https://www.fidal.it/atleta/LAMBRUGHI-Mario/dq2RlJWobGo%3D,https://www.fidal.it/societa/U-S--ATL--VEDANO/MI054
8.6,8.60,e,FARAGONA Michele,1993,JM,A.S. LA FRATELLANZA 1874,3 ba- 1,Ancona,2011-02-05,https://www.fidal.it/atleta/FARAGONA-Michele/eqiRlpaoa2s%3D,https://www.fidal.it/societa/A-S--LA-FRATELLANZA-1874/MO052
8.6,8.60,e,CIPRIANI Alberto,1974,SM35,ASD U.S. ATERNO PESCARA,3 ba- 1,Gent,2011-03-17,https://www.fidal.it/atleta/CIPRIANI-Alberto/gauRkpKiaWU%3D,https://www.fidal.it/societa/ASD-U-S--ATERNO-PESCARA/PE001
8.61,8.61,e,ZAGNONI Edoardo,1993,JM,ASSINDUSTRIA SPORT PADOVA,1 fi- 1,Udine,2011-01-23,https://www.fidal.it/atleta/ZAGNONI-Edoardo/eKiRlZigbWk%3D,https://www.fidal.it/societa/ASSINDUSTRIA-SPORT-PADOVA/PD140
8.61,8.61,e,COPPINI Stefano,1992,JM,GEAS ATLETICA,6 ba- 1,Aosta,2011-01-23,https://www.fidal.it/atleta/COPPINI-Stefano/dq2Rk5ama2s%3D,https://www.fidal.it/societa/GEAS-ATLETICA/MI076
8.61,8.61,e,COPPINI Stefano,1992,JM,GEAS ATLETICA,5 ba- 3,Ancona,2011-02-12,https://www.fidal.it/atleta/COPPINI-Stefano/dq2Rk5ama2s%3D,https://www.fidal.it/societa/GEAS-ATLETICA/MI076
8.62,8.62,e,FELLINE Francesco,1992,JM,ATL. RIGOLETTO,1 fi- 1,Modena,2011-01-08,https://www.fidal.it/atleta/FELLINE-Francesco/dqiSl5Slamw%3D,https://www.fidal.it/societa/ATL--RIGOLETTO/MN406
8.62,8.62,e,COLOMBO Leonardo,1993,JM,ATL. LECCO-COLOMBO COSTRUZ.,8 fi- 1,Ancona,2011-02-12,https://www.fidal.it/atleta/COLOMBO-Leonardo/dquRkpambmo%3D,https://www.fidal.it/societa/ATL--LECCO-COLOMBO-COSTRUZ-/CO208
8.63,8.63,e,VANTINI Riccardo,1993,JM,CUS TIRRENO ATLETICA ASD,1 ba- 1,Pergine Valsugana,2011-02-05,https://www.fidal.it/atleta/VANTINI-Riccardo/iaiRkpihcWg%3D,https://www.fidal.it/societa/CUS-TIRRENO-ATLETICA-ASD/RM068
8.63,8.63,e,AVELLA Antonio,1992,JM,A.S.D. AGG. HINNA,4 ba- 2,Ancona,2011-02-12,https://www.fidal.it/atleta/AVELLA-Antonio/gKiRlpOgbGQ%3D,https://www.fidal.it/societa/A-S-D--AGG--HINNA/NA014
8.64,8.64,e,PANCALDI Luca,1992,JM,EDERA ATL. FORLI,2 ba- 1,Ancona,2011-01-09,https://www.fidal.it/atleta/PANCALDI-Luca/eKiRlZakb2Q%3D,https://www.fidal.it/societa/EDERA-ATL--FORLI/FC038
8.64,8.64,e,ZAGNONI Edoardo,1993,JM,ASSINDUSTRIA SPORT PADOVA,2 fi- 1,Padova,2011-01-15,https://www.fidal.it/atleta/ZAGNONI-Edoardo/eKiRlZigbWk%3D,https://www.fidal.it/societa/ASSINDUSTRIA-SPORT-PADOVA/PD140
8.64,8.64,e,MORRA Andrea mario,1992,JM,A.S.D. LIB. POL. AMAT. ATL. BN,2 su- 1,Napoli Ponticelli,2011-01-22,https://www.fidal.it/atleta/MORRA-Andrea-mario/f6iRl5mfa2o%3D,https://www.fidal.it/societa/A-S-D--LIB--POL--AMAT--ATL--BN/BN026
8.64,8.64,e,MALATINI Leonardo,1993,JM,TECNO ADRIATLETICA MARCHE,3 fi- 1,Ancona,2011-02-05,https://www.fidal.it/atleta/MALATINI-Leonardo/e6iRk5SmbGo%3D,https://www.fidal.it/societa/TECNO-ADRIATLETICA-MARCHE/AP050
8.64,8.64,e,VANTINI Riccardo,1993,JM,CUS TIRRENO ATLETICA ASD,6 fi- 1,Modena,2011-02-27,https://www.fidal.it/atleta/VANTINI-Riccardo/iaiRkpihcWg%3D,https://www.fidal.it/societa/CUS-TIRRENO-ATLETICA-ASD/RM068
8.65,8.65,e,TRABACE Simone,1992,JM,ATL. RICCARDI MILANO,2 ba- 1,Modena,2011-01-15,https://www.fidal.it/atleta/TRABACE-Simone/dq2Rk5eob2U%3D,https://www.fidal.it/societa/ATL--RICCARDI-MILANO/MI080
8.65,8.65,e,MALATINI Leonardo,1993,JM,TECNO ADRIATLETICA MARCHE,1 ba- 1,Ancona,2011-01-22,https://www.fidal.it/atleta/MALATINI-Leonardo/e6iRk5SmbGo%3D,https://www.fidal.it/societa/TECNO-ADRIATLETICA-MARCHE/AP050
8.65,8.65,e,VANTINI Riccardo,1993,JM,CUS TIRRENO ATLETICA ASD,1 fi- 1,Ancona,2011-01-22,https://www.fidal.it/atleta/VANTINI-Riccardo/iaiRkpihcWg%3D,https://www.fidal.it/societa/CUS-TIRRENO-ATLETICA-ASD/RM068
8.65,8.65,e,BATTISTI Tommaso,1992,JM,EDERA ATL. FORLI,3 ba- 1,Modena,2011-01-22,https://www.fidal.it/atleta/BATTISTI-Tommaso/eqiRlZSjcGQ%3D,https://www.fidal.it/societa/EDERA-ATL--FORLI/FC038
8.65,8.65,e,FARAGONA Michele,1993,JM,A.S. LA FRATELLANZA 1874,4 ba- 1,Modena,2011-01-22,https://www.fidal.it/atleta/FARAGONA-Michele/eqiRlpaoa2s%3D,https://www.fidal.it/societa/A-S--LA-FRATELLANZA-1874/MO052
8.66,8.66,e,ESPA Stefano,1993,JM,SS ESPERIA,1 ba- 1,Iglesias,2011-01-23,https://www.fidal.it/atleta/ESPA-Stefano/iKiSmZuoamc%3D,https://www.fidal.it/societa/SS-ESPERIA/CA003
8.67,8.67,e,MALATINI Leonardo,1993,JM,TECNO ADRIATLETICA MARCHE,6 ba- 3,Ancona,2011-02-12,https://www.fidal.it/atleta/MALATINI-Leonardo/e6iRk5SmbGo%3D,https://www.fidal.it/societa/TECNO-ADRIATLETICA-MARCHE/AP050
8.67,8.67,e,CIPRIANI Alberto,1974,SM35,ASD U.S. ATERNO PESCARA,3 su- 1,Ancona,2011-03-05,https://www.fidal.it/atleta/CIPRIANI-Alberto/gauRkpKiaWU%3D,https://www.fidal.it/societa/ASD-U-S--ATERNO-PESCARA/PE001
8.68,8.68,e,ZAGNONI Edoardo,1993,JM,ASSINDUSTRIA SPORT PADOVA,6 fi- 1,Modena,2011-01-22,https://www.fidal.it/atleta/ZAGNONI-Edoardo/eKiRlZigbWk%3D,https://www.fidal.it/societa/ASSINDUSTRIA-SPORT-PADOVA/PD140
8.68,8.68,e,LAMBRUGHI Mario,1992,JM,U.S. ATL. VEDANO,3 ba- 1,Padova,2011-02-05,https://www.fidal.it/atleta/LAMBRUGHI-Mario/dq2RlJWobGo%3D,https://www.fidal.it/societa/U-S--ATL--VEDANO/MI054
8.69,8.69,e,ESPA Stefano,1993,JM,SS ESPERIA,1 su- 1,Firenze,2011-01-30,https://www.fidal.it/atleta/ESPA-Stefano/iKiSmZuoamc%3D,https://www.fidal.it/societa/SS-ESPERIA/CA003
8.69,8.69,e,VANTINI Riccardo,1993,JM,CUS TIRRENO ATLETICA ASD,1 fi- 1,Pergine Valsugana,2011-02-05,https://www.fidal.it/atleta/VANTINI-Riccardo/iaiRkpihcWg%3D,https://www.fidal.it/societa/CUS-TIRRENO-ATLETICA-ASD/RM068
8.69,8.69,e,LAMBRUGHI Mario,1992,JM,U.S. ATL. VEDANO,5 ba- 2,Ancona,2011-02-12,https://www.fidal.it/atleta/LAMBRUGHI-Mario/dq2RlJWobGo%3D,https://www.fidal.it/societa/U-S--ATL--VEDANO/MI054
8.7,8.70,e,ZAGNONI Edoardo,1993,JM,ASSINDUSTRIA SPORT PADOVA,2 ba- 1,Padova,2011-01-15,https://www.fidal.it/atleta/ZAGNONI-Edoardo/eKiRlZigbWk%3D,https://www.fidal.it/societa/ASSINDUSTRIA-SPORT-PADOVA/PD140
8.7,8.70,e,VANTINI Riccardo,1993,JM,CUS TIRRENO ATLETICA ASD,2 ba- 1,Ancona,2011-01-22,https://www.fidal.it/atleta/VANTINI-Riccardo/iaiRkpihcWg%3D,https://www.fidal.it/societa/CUS-TIRRENO-ATLETICA-ASD/RM068
8.7,8.70,e,VANTINI Riccardo,1993,JM,CUS TIRRENO ATLETICA ASD,7 ba- 1,Ancona,2011-02-12,https://www.fidal.it/atleta/VANTINI-Riccardo/iaiRkpihcWg%3D,https://www.fidal.it/societa/CUS-TIRRENO-ATLETICA-ASD/RM068
8.71,8.71,e,VANTINI Riccardo,1993,JM,CUS TIRRENO ATLETICA ASD,1 se- 1,Muenchen,2011-03-20,https://www.fidal.it/atleta/VANTINI-Riccardo/iaiRkpihcWg%3D,https://www.fidal.it/societa/CUS-TIRRENO-ATLETICA-ASD/RM068
8.72,8.72,e,ZAGNONI Edoardo,1993,JM,ASSINDUSTRIA SPORT PADOVA,2 ba- 2,Modena,2011-01-22,https://www.fidal.it/atleta/ZAGNONI-Edoardo/eKiRlZigbWk%3D,https://www.fidal.it/societa/ASSINDUSTRIA-SPORT-PADOVA/PD140
8.73,8.73,e,ESPA Stefano,1993,JM,SS ESPERIA,1 fi- 1,Iglesias,2011-01-23,https://www.fidal.it/atleta/ESPA-Stefano/iKiSmZuoamc%3D,https://www.fidal.it/societa/SS-ESPERIA/CA003
8.73,8.73,e,MARRUCCELLA Michele,1993,JM,A.P.D. PARTENOPE ATL. LEGG.,4 se- 1,Ancona,2011-01-30,https://www.fidal.it/atleta/MARRUCCELLA-Michele/gKiRlZukbGU%3D,https://www.fidal.it/societa/A-P-D--PARTENOPE-ATL--LEGG-/NA069
8.73,8.73,e,RIVARA Michele,1993,JM,C.U.S. PARMA,8 ba- 1,Ancona,2011-02-12,https://www.fidal.it/atleta/RIVARA-Michele/eqiRlpqfbWw%3D,https://www.fidal.it/societa/C-U-S--PARMA/PR068
8.74,8.74,e,RIVARA Michele,1993,JM,C.U.S. PARMA,2 fi- 1,Modena,2011-01-08,https://www.fidal.it/atleta/RIVARA-Michele/eqiRlpqfbWw%3D,https://www.fidal.it/societa/C-U-S--PARMA/PR068
8.74,8.74,e,PANCALDI Luca,1992,JM,EDERA ATL. FORLI,2 fi- 1,Ancona,2011-01-09,https://www.fidal.it/atleta/PANCALDI-Luca/eKiRlZakb2Q%3D,https://www.fidal.it/societa/EDERA-ATL--FORLI/FC038
8.74,8.74,e,BORTOLI Mattia,1992,JM,ATL. VIRTUS  CR LUCCA,2 su- 1,Firenze,2011-01-30,https://www.fidal.it/atleta/BORTOLI-Mattia/faiSkpWgbWc%3D,https://www.fidal.it/societa/ATL--VIRTUS-CR-LUCCA/LU100
8.74,8.74,e,AVELLA Antonio,1992,JM,A.S.D. AGG. HINNA,1 su- 1,Napoli Palavesuvio,2011-02-05,https://www.fidal.it/atleta/AVELLA-Antonio/gKiRlpOgbGQ%3D,https://www.fidal.it/societa/A-S-D--AGG--HINNA/NA014
8.75,8.75,e,BATTISTI Tommaso,1992,JM,EDERA ATL. FORLI,3 fi- 1,Ancona,2011-01-09,https://www.fidal.it/atleta/BATTISTI-Tommaso/eqiRlZSjcGQ%3D,https://www.fidal.it/societa/EDERA-ATL--FORLI/FC038
8.75,8.75,e,FELLINE Francesco,1992,JM,ATL. RIGOLETTO,7 ba- 3,Ancona,2011-02-12,https://www.fidal.it/atleta/FELLINE-Francesco/dqiSl5Slamw%3D,https://www.fidal.it/societa/ATL--RIGOLETTO/MN406
8.77,8.77,e,FELLINE Francesco,1992,JM,ATL. RIGOLETTO,1 ba- 1,Modena,2011-01-08,https://www.fidal.it/atleta/FELLINE-Francesco/dqiSl5Slamw%3D,https://www.fidal.it/societa/ATL--RIGOLETTO/MN406
8.78,8.78,e,RIVARA Michele,1993,JM,C.U.S. PARMA,2 ba- 1,Modena,2011-01-08,https://www.fidal.it/atleta/RIVARA-Michele/eqiRlpqfbWw%3D,https://www.fidal.it/societa/C-U-S--PARMA/PR068
8.78,8.78,e,BATTISTI Tommaso,1992,JM,EDERA ATL. FORLI,2 su- 1,Ancona,2011-01-16,https://www.fidal.it/atleta/BATTISTI-Tommaso/eqiRlZSjcGQ%3D,https://www.fidal.it/societa/EDERA-ATL--FORLI/FC038
8.78,8.78,e,LAMBRUGHI Mario,1992,JM,U.S. ATL. VEDANO,3 ba- 1,Saronno,2011-01-29,https://www.fidal.it/atleta/LAMBRUGHI-Mario/dq2RlJWobGo%3D,https://www.fidal.it/societa/U-S--ATL--VEDANO/MI054
8.78,8.78,e,FERRI Lorenzo,1993,JM,TOSCANA ATLETICA CARIPIT,4 fi- 1,Ancona,2011-02-05,https://www.fidal.it/atleta/FERRI-Lorenzo/faiSkpilbGg%3D,https://www.fidal.it/societa/TOSCANA-ATLETICA-CARIPIT/FI018
8.78,8.78,e,VANTINI Riccardo,1993,JM,CUS TIRRENO ATLETICA ASD,3 ba- 1,Modena,2011-02-27,https://www.fidal.it/atleta/VANTINI-Riccardo/iaiRkpihcWg%3D,https://www.fidal.it/societa/CUS-TIRRENO-ATLETICA-ASD/RM068
8.79,8.79,e,LAMBRUGHI Mario,1992,JM,U.S. ATL. VEDANO,3 ba- 1,Modena,2011-01-15,https://www.fidal.it/atleta/LAMBRUGHI-Mario/dq2RlJWobGo%3D,https://www.fidal.it/societa/U-S--ATL--VEDANO/MI054
8.79,8.79,e,FERRI Lorenzo,1993,JM,TOSCANA ATLETICA CARIPIT,2 fi- 1,Ancona,2011-01-22,https://www.fidal.it/atleta/FERRI-Lorenzo/faiSkpilbGg%3D,https://www.fidal.it/societa/TOSCANA-ATLETICA-CARIPIT/FI018
8.79,8.79,e,FERRI Lorenzo,1993,JM,TOSCANA ATLETICA CARIPIT,6 ba- 2,Ancona,2011-02-12,https://www.fidal.it/atleta/FERRI-Lorenzo/faiSkpilbGg%3D,https://www.fidal.it/societa/TOSCANA-ATLETICA-CARIPIT/FI018
8.8,8.80,e,MARRUCCELLA Michele,1993,JM,A.P.D. PARTENOPE ATL. LEGG.,2 se- 1,Napoli,2011-01-09,https://www.fidal.it/atleta/MARRUCCELLA-Michele/gKiRlZukbGU%3D,https://www.fidal.it/societa/A-P-D--PARTENOPE-ATL--LEGG-/NA069
8.8,8.80,e,LAMBRUGHI Mario,1992,JM,U.S. ATL. VEDANO,5 fi- 1,Modena,2011-01-15,https://www.fidal.it/atleta/LAMBRUGHI-Mario/dq2RlJWobGo%3D,https://www.fidal.it/societa/U-S--ATL--VEDANO/MI054
8.8,8.80,e,FERRI Lorenzo,1993,JM,TOSCANA ATLETICA CARIPIT,4 ba- 1,Ancona,2011-02-05,https://www.fidal.it/atleta/FERRI-Lorenzo/faiSkpilbGg%3D,https://www.fidal.it/societa/TOSCANA-ATLETICA-CARIPIT/FI018
8.81,8.81,e,FELLINE Francesco,1992,JM,ATL. RIGOLETTO,2 ba- 3,Modena,2011-01-15,https://www.fidal.it/atleta/FELLINE-Francesco/dqiSl5Slamw%3D,https://www.fidal.it/societa/ATL--RIGOLETTO/MN406
8.81,8.81,e,VERONESE Nicola,1993,JM,FONDAZIONE M. BENTEGODI,3 fi- 1,Padova,2011-01-15,https://www.fidal.it/atleta/VERONESE-Nicola/eKAAARkpWnamU%3D,https://www.fidal.it/societa/FONDAZIONE-M--BENTEGODI/VR784
8.81,8.81,e,MARRUCCELLA Michele,1993,JM,A.P.D. PARTENOPE ATL. LEGG.,2 fi- 1,Ancona,2011-01-16,https://www.fidal.it/atleta/MARRUCCELLA-Michele/gKiRlZukbGU%3D,https://www.fidal.it/societa/A-P-D--PARTENOPE-ATL--LEGG-/NA069
8.81,8.81,e,RIGAMONTI Alessandro,1993,JM,ATL. LECCO-COLOMBO COSTRUZ.,5 se- 1,Ancona,2011-01-30,https://www.fidal.it/atleta/RIGAMONTI-Alessandro/dquRkpSibGg%3D,https://www.fidal.it/societa/ATL--LECCO-COLOMBO-COSTRUZ-/CO208
8.82,8.82,e,BORTOLI Mattia,1992,JM,ATL. VIRTUS  CR LUCCA,1 su- 1,Firenze,2011-01-15,https://www.fidal.it/atleta/BORTOLI-Mattia/faiSkpWgbWc%3D,https://www.fidal.it/societa/ATL--VIRTUS-CR-LUCCA/LU100
8.83,8.83,e,BATTISTI Tommaso,1992,JM,EDERA ATL. FORLI,3 ba- 1,Ancona,2011-01-09,https://www.fidal.it/atleta/BATTISTI-Tommaso/eqiRlZSjcGQ%3D,https://www.fidal.it/societa/EDERA-ATL--FORLI/FC038
8.83,8.83,e,RIVARA Michele,1993,JM,C.U.S. PARMA,3 ba- 2,Modena,2011-01-22,https://www.fidal.it/atleta/RIVARA-Michele/eqiRlpqfbWw%3D,https://www.fidal.it/societa/C-U-S--PARMA/PR068
8.83,8.83,e,CERONI Daniele,1993,JM,ATL. BERGAMO 1959 CREBERG,2 ba- 3,Saronno,2011-01-29,https://www.fidal.it/atleta/CERONI-Daniele/dqmRl5KnaWs%3D,https://www.fidal.it/societa/ATL--BERGAMO-1959-CREBERG/BG003
8.83,8.83,e,FERRI Lorenzo,1993,JM,TOSCANA ATLETICA CARIPIT,3 su- 1,Firenze,2011-01-30,https://www.fidal.it/atleta/FERRI-Lorenzo/faiSkpilbGg%3D,https://www.fidal.it/societa/TOSCANA-ATLETICA-CARIPIT/FI018
8.84,8.84,e,MARRUCCELLA Michele,1993,JM,A.P.D. PARTENOPE ATL. LEGG.,7 ba- 2,Ancona,2011-02-12,https://www.fidal.it/atleta/MARRUCCELLA-Michele/gKiRlZukbGU%3D,https://www.fidal.it/societa/A-P-D--PARTENOPE-ATL--LEGG-/NA069
8.85,8.85,e,GIRARDELLO Alberto,1992,JM,ATL.VICENTINA,3 ba- 1,Padova,2011-01-15,https://www.fidal.it/atleta/GIRARDELLO-Alberto/eK6RkpajcWM%3D,https://www.fidal.it/societa/ATL-VICENTINA/VI626
8.85,8.85,e,CERONI Daniele,1993,JM,ATL. BERGAMO 1959 CREBERG,5 fi- 1,Saronno,2011-01-29,https://www.fidal.it/atleta/CERONI-Daniele/dqmRl5KnaWs%3D,https://www.fidal.it/societa/ATL--BERGAMO-1959-CREBERG/BG003
8.85,8.85,e,FARAGONA Michele,1993,JM,A.S. LA FRATELLANZA 1874,8 ba- 2,Ancona,2011-02-12,https://www.fidal.it/atleta/FARAGONA-Michele/eqiRlpaoa2s%3D,https://www.fidal.it/societa/A-S--LA-FRATELLANZA-1874/MO052
8.85,8.85,e,PAROVEL Andrea,1993,JM,PENTA SPORT TRIESTE,2 fi- 2,Modena,2011-02-27,https://www.fidal.it/atleta/PAROVEL-Andrea/eauRkpmlaGw%3D,https://www.fidal.it/societa/PENTA-SPORT-TRIESTE/TS095
8.86,8.86,e,CERIANI Sandro,1992,JM,O.S.A. SARONNO LIB.,1 se- 1,Saronno,2011-01-23,https://www.fidal.it/atleta/CERIANI-Sandro/drKRkpWlaWg%3D,https://www.fidal.it/societa/O-S-A--SARONNO-LIB-/VA119
8.86,8.86,e,FAVARO Federico,1993,JM,ASSINDUSTRIA SPORT PADOVA,4 ba- 1,Padova,2011-02-05,https://www.fidal.it/atleta/FAVARO-Federico/eKqRkpOjamM%3D,https://www.fidal.it/societa/ASSINDUSTRIA-SPORT-PADOVA/PD140
8.87,8.87,e,GIRARDELLO Alberto,1992,JM,ATL.VICENTINA,4 ba- 2,Modena,2011-01-22,https://www.fidal.it/atleta/GIRARDELLO-Alberto/eK6RkpajcWM%3D,https://www.fidal.it/societa/ATL-VICENTINA/VI626
8.87,8.87,e,FAVARO Federico,1993,JM,ASSINDUSTRIA SPORT PADOVA,4 fi- 1,Padova,2011-02-05,https://www.fidal.it/atleta/FAVARO-Federico/eKqRkpOjamM%3D,https://www.fidal.it/societa/ASSINDUSTRIA-SPORT-PADOVA/PD140
8.87,8.87,e,FERRI Lorenzo,1993,JM,TOSCANA ATLETICA CARIPIT,3 fi- 2,Modena,2011-02-27,https://www.fidal.it/atleta/FERRI-Lorenzo/faiSkpilbGg%3D,https://www.fidal.it/societa/TOSCANA-ATLETICA-CARIPIT/FI018
8.88,8.88,e,CERIANI Sandro,1992,JM,O.S.A. SARONNO LIB.,3 ba- 2,Modena,2011-01-15,https://www.fidal.it/atleta/CERIANI-Sandro/drKRkpWlaWg%3D,https://www.fidal.it/societa/O-S-A--SARONNO-LIB-/VA119
8.88,8.88,e,TRABACE Simone,1992,JM,ATL. RICCARDI MILANO,6 fi- 1,Modena,2011-01-15,https://www.fidal.it/atleta/TRABACE-Simone/dq2Rk5eob2U%3D,https://www.fidal.it/societa/ATL--RICCARDI-MILANO/MI080
8.88,8.88,e,FERRI Lorenzo,1993,JM,TOSCANA ATLETICA CARIPIT,3 ba- 1,Ancona,2011-01-22,https://www.fidal.it/atleta/FERRI-Lorenzo/faiSkpilbGg%3D,https://www.fidal.it/societa/TOSCANA-ATLETICA-CARIPIT/FI018
8.88,8.88,e,MORIS Gabriele,1993,JM,ATLETICA SANDRO CALVESI,1 se- 1,Locarno,2011-02-09,https://www.fidal.it/atleta/MORIS-Gabriele/jKiRlJWlbWo%3D,https://www.fidal.it/societa/ATLETICA-SANDRO-CALVESI/AO004
8.9,8.90,e,MARRUCCELLA Michele,1993,JM,A.P.D. PARTENOPE ATL. LEGG.,3 su- 1,Napoli Ponticelli,2011-01-22,https://www.fidal.it/atleta/MARRUCCELLA-Michele/gKiRlZukbGU%3D,https://www.fidal.it/societa/A-P-D--PARTENOPE-ATL--LEGG-/NA069
8.9,8.90,e,FELLINE Francesco,1992,JM,ATL. RIGOLETTO,3 ba- 3,Saronno,2011-01-29,https://www.fidal.it/atleta/FELLINE-Francesco/dqiSl5Slamw%3D,https://www.fidal.it/societa/ATL--RIGOLETTO/MN406
8.91,8.91,e,MORIS Gabriele,1993,JM,ATLETICA SANDRO CALVESI,1 fi- 1,Aosta,2011-02-06,https://www.fidal.it/atleta/MORIS-Gabriele/jKiRlJWlbWo%3D,https://www.fidal.it/societa/ATLETICA-SANDRO-CALVESI/AO004
8.91,8.91,e,FERRI Lorenzo,1993,JM,TOSCANA ATLETICA CARIPIT,2 ba- 3,Modena,2011-02-27,https://www.fidal.it/atleta/FERRI-Lorenzo/faiSkpilbGg%3D,https://www.fidal.it/societa/TOSCANA-ATLETICA-CARIPIT/FI018
8.92,8.92,e,MARRUCCELLA Michele,1993,JM,A.P.D. PARTENOPE ATL. LEGG.,2 ba- 1,Ancona,2011-01-16,https://www.fidal.it/atleta/MARRUCCELLA-Michele/gKiRlZukbGU%3D,https://www.fidal.it/societa/A-P-D--PARTENOPE-ATL--LEGG-/NA069
8.93,8.93,e,FERRI Lorenzo,1993,JM,TOSCANA ATLETICA CARIPIT,4 ba- 2,Modena,2011-01-15,https://www.fidal.it/atleta/FERRI-Lorenzo/faiSkpilbGg%3D,https://www.fidal.it/societa/TOSCANA-ATLETICA-CARIPIT/FI018
8.95,8.95,e,GRANDE Alessandro,1993,JM,ATL. RICCARDI MILANO,4 ba- 1,Modena,2011-01-15,https://www.fidal.it/atleta/GRANDE-Alessandro/dq2Rk5KlaGg%3D,https://www.fidal.it/societa/ATL--RICCARDI-MILANO/MI080
8.95,8.95,e,LAMBRUGHI Mario,1992,JM,U.S. ATL. VEDANO,6 fi- 1,Saronno,2011-01-29,https://www.fidal.it/atleta/LAMBRUGHI-Mario/dq2RlJWobGo%3D,https://www.fidal.it/societa/U-S--ATL--VEDANO/MI054
8.96,8.96,e,VERONESE Nicola,1993,JM,FONDAZIONE M. BENTEGODI,5 ba- 1,Modena,2011-01-22,https://www.fidal.it/atleta/VERONESE-Nicola/eKAAARkpWnamU%3D,https://www.fidal.it/societa/FONDAZIONE-M--BENTEGODI/VR784
8.96,8.96,e,CERIANI Sandro,1992,JM,O.S.A. SARONNO LIB.,99 ba- 1,Aosta,2011-02-06,https://www.fidal.it/atleta/CERIANI-Sandro/drKRkpWlaWg%3D,https://www.fidal.it/societa/O-S-A--SARONNO-LIB-/VA119
8.97,8.97,e,VERONESE Nicola,1993,JM,FONDAZIONE M. BENTEGODI,4 ba- 1,Padova,2011-01-15,https://www.fidal.it/atleta/VERONESE-Nicola/eKAAARkpWnamU%3D,https://www.fidal.it/societa/FONDAZIONE-M--BENTEGODI/VR784
8.97,8.97,e,CERIANI Sandro,1992,JM,O.S.A. SARONNO LIB.,4 ba- 1,Saronno,2011-01-29,https://www.fidal.it/atleta/CERIANI-Sandro/drKRkpWlaWg%3D,https://www.fidal.it/societa/O-S-A--SARONNO-LIB-/VA119
8.97,8.97,e,FABRIS Giovanni,1993,JM,ATL. VIRTUS  CR LUCCA,3 ba- 2,Modena,2011-02-27,https://www.fidal.it/atleta/FABRIS-Giovanni/fa2RkpKhbGU%3D,https://www.fidal.it/societa/ATL--VIRTUS-CR-LUCCA/LU100
8.98,8.98,e,CERONI Daniele,1993,JM,ATL. BERGAMO 1959 CREBERG,3 ba- 3,Modena,2011-01-15,https://www.fidal.it/atleta/CERONI-Daniele/dqmRl5KnaWs%3D,https://www.fidal.it/societa/ATL--BERGAMO-1959-CREBERG/BG003
8.98,8.98,e,CASOLO Andrea,1992,JM,N.ATL. FANFULLA LODIGIANA,6 se- 1,Ancona,2011-01-30,https://www.fidal.it/atleta/CASOLO-Andrea/drKRkpOla2g%3D,https://www.fidal.it/societa/N-ATL--FANFULLA-LODIGIANA/MI218
9.0,9.00,e,GIRARDELLO Alberto,1992,JM,ATL.VICENTINA,4 fi- 1,Padova,2011-01-15,https://www.fidal.it/atleta/GIRARDELLO-Alberto/eK6RkpajcWM%3D,https://www.fidal.it/societa/ATL-VICENTINA/VI626
9.0,9.00,e,RELLA Simone,1993,JM,LAGARINA CRUS TEAM,4 fi- 2,Modena,2011-02-27,https://www.fidal.it/atleta/RELLA-Simone/d6iRkpulb2o%3D,https://www.fidal.it/societa/LAGARINA-CRUS-TEAM/TN131
9.01,9.01,e,MORIS Gabriele,1993,JM,ATLETICA SANDRO CALVESI,4 fi- 1,Aosta,2011-01-23,https://www.fidal.it/atleta/MORIS-Gabriele/jKiRlJWlbWo%3D,https://www.fidal.it/societa/ATLETICA-SANDRO-CALVESI/AO004
9.01,9.01,e,RELLA Simone,1993,JM,LAGARINA CRUS TEAM,2 ba- 1,Pergine Valsugana,2011-02-05,https://www.fidal.it/atleta/RELLA-Simone/d6iRkpulb2o%3D,https://www.fidal.it/societa/LAGARINA-CRUS-TEAM/TN131
9.01,9.01,e,PAROVEL Andrea,1993,JM,PENTA SPORT TRIESTE,4 ba- 1,Modena,2011-02-27,https://www.fidal.it/atleta/PAROVEL-Andrea/eauRkpmlaGw%3D,https://www.fidal.it/societa/PENTA-SPORT-TRIESTE/TS095
9.02,9.02,e,MORIS Gabriele,1993,JM,ATLETICA SANDRO CALVESI,7 se- 1,Ancona,2011-01-30,https://www.fidal.it/atleta/MORIS-Gabriele/jKiRlJWlbWo%3D,https://www.fidal.it/societa/ATLETICA-SANDRO-CALVESI/AO004
9.03,9.03,e,FORNASIER Marcello,1992,JM,U.S. QUERCIA TRENTINGRANA,5 fi- 2,Modena,2011-02-27,https://www.fidal.it/atleta/FORNASIER-Marcello/eKyRkpSka2Y%3D,https://www.fidal.it/societa/U-S--QUERCIA-TRENTINGRANA/TN109
9.04,9.04,e,CIPRIANI Alberto,1974,SM35,ASD U.S. ATERNO PESCARA,7 fi- 1,Gent,2011-03-17,https://www.fidal.it/atleta/CIPRIANI-Alberto/gauRkpKiaWU%3D,https://www.fidal.it/societa/ASD-U-S--ATERNO-PESCARA/PE001
9.06,9.06,e,RIGAMONTI Alessandro,1993,JM,ATL. LECCO-COLOMBO COSTRUZ.,2 se- 1,Saronno,2011-01-23,https://www.fidal.it/atleta/RIGAMONTI-Alessandro/dquRkpSibGg%3D,https://www.fidal.it/societa/ATL--LECCO-COLOMBO-COSTRUZ-/CO208
9.09,9.09,e,MORIS Gabriele,1993,JM,ATLETICA SANDRO CALVESI,1 ba- 1,Aosta,2011-02-06,https://www.fidal.it/atleta/MORIS-Gabriele/jKiRlJWlbWo%3D,https://www.fidal.it/societa/ATLETICA-SANDRO-CALVESI/AO004
9.09,9.09,e,FABRIS Giovanni,1993,JM,ATL. VIRTUS  CR LUCCA,6 fi- 2,Modena,2011-02-27,https://www.fidal.it/atleta/FABRIS-Giovanni/fa2RkpKhbGU%3D,https://www.fidal.it/societa/ATL--VIRTUS-CR-LUCCA/LU100
9.1,9.10,e,PAROVEL Andrea,1993,JM,PENTA SPORT TRIESTE,1 ba- 1,Udine,2011-01-15,https://www.fidal.it/atleta/PAROVEL-Andrea/eauRkpmlaGw%3D,https://www.fidal.it/societa/PENTA-SPORT-TRIESTE/TS095
9.1,9.10,e,VIGNATI Mattia,1993,JM,ATL. RICCARDI MILANO,2 ba- 2,Saronno,2011-01-29,https://www.fidal.it/atleta/VIGNATI-Mattia/dq2Rk5KlaWQ%3D,https://www.fidal.it/societa/ATL--RICCARDI-MILANO/MI080
9.12,9.12,e,FARAGONA Michele,1993,JM,A.S. LA FRATELLANZA 1874,3 ba- 3,Modena,2011-02-27,https://www.fidal.it/atleta/FARAGONA-Michele/eqiRlpaoa2s%3D,https://www.fidal.it/societa/A-S--LA-FRATELLANZA-1874/MO052
9.14,9.14,e,MARRUCCELLA Michele,1993,JM,A.P.D. PARTENOPE ATL. LEGG.,1 su- 1,Napoli,2011-01-05,https://www.fidal.it/atleta/MARRUCCELLA-Michele/gKiRlZukbGU%3D,https://www.fidal.it/societa/A-P-D--PARTENOPE-ATL--LEGG-/NA069
9.14,9.14,e,MENGARDO Marco,1992,JM,CANTU`ATLETICA,3 ba- 2,Saronno,2011-01-29,https://www.fidal.it/atleta/MENGARDO-Marco/dquRkpioaGY%3D,https://www.fidal.it/societa/CANTU`ATLETICA/CO169
9.15,9.15,e,VIGNATI Mattia,1993,JM,ATL. RICCARDI MILANO,4 ba- 3,Modena,2011-01-15,https://www.fidal.it/atleta/VIGNATI-Mattia/dq2Rk5KlaWQ%3D,https://www.fidal.it/societa/ATL--RICCARDI-MILANO/MI080
9.15,9.15,e,RELLA Simone,1993,JM,LAGARINA CRUS TEAM,4 ba- 3,Modena,2011-02-27,https://www.fidal.it/atleta/RELLA-Simone/d6iRkpulb2o%3D,https://www.fidal.it/societa/LAGARINA-CRUS-TEAM/TN131
9.18,9.18,e,VALLI Corrado,1993,JM,ATL. LECCO-COLOMBO COSTRUZ.,1 se- 3,Saronno,2011-01-23,https://www.fidal.it/atleta/VALLI-Corrado/dquRkpSjaWg%3D,https://www.fidal.it/societa/ATL--LECCO-COLOMBO-COSTRUZ-/CO208
9.19,9.19,e,COZZUTO Dario,1993,JM,ASD ENTERPRISE SPORT & SERVICE,2 su- 1,Napoli Palavesuvio,2011-02-05,https://www.fidal.it/atleta/COZZUTO-Dario/gKyRkpKibGQ%3D,https://www.fidal.it/societa/ASD-ENTERPRISE-SPORT-&-SERVICE/AV208
9.19,9.19,e,FORNASIER Marcello,1992,JM,U.S. QUERCIA TRENTINGRANA,5 fi- 1,Padova,2011-02-05,https://www.fidal.it/atleta/FORNASIER-Marcello/eKyRkpSka2Y%3D,https://www.fidal.it/societa/U-S--QUERCIA-TRENTINGRANA/TN109
9.2,9.20,e,BERNARDI Giacomo,1992,JM,PRO SESTO ATL.,2 se- 3,Saronno,2011-01-23,https://www.fidal.it/atleta/BERNARDI-Giacomo/dq2RkpmlbWk%3D,https://www.fidal.it/societa/PRO-SESTO-ATL-/MI089
9.2,9.20,e,FORNASIER Marcello,1992,JM,U.S. QUERCIA TRENTINGRANA,5 ba- 1,Padova,2011-02-05,https://www.fidal.it/atleta/FORNASIER-Marcello/eKyRkpSka2Y%3D,https://www.fidal.it/societa/U-S--QUERCIA-TRENTINGRANA/TN109
9.21,9.21,e,COZZUTO Dario,1993,JM,ASD ENTERPRISE SPORT & SERVICE,2 su- 1,Napoli,2011-01-05,https://www.fidal.it/atleta/COZZUTO-Dario/gKyRkpKibGQ%3D,https://www.fidal.it/societa/ASD-ENTERPRISE-SPORT-&-SERVICE/AV208
9.21,9.21,e,VALLI Corrado,1993,JM,ATL. LECCO-COLOMBO COSTRUZ.,4 ba- 2,Saronno,2011-01-29,https://www.fidal.it/atleta/VALLI-Corrado/dquRkpSjaWg%3D,https://www.fidal.it/societa/ATL--LECCO-COLOMBO-COSTRUZ-/CO208
9.22,9.22,e,FARAGONA Michele,1993,JM,A.S. LA FRATELLANZA 1874,3 fi- 1,Ancona,2011-01-16,https://www.fidal.it/atleta/FARAGONA-Michele/eqiRlpaoa2s%3D,https://www.fidal.it/societa/A-S--LA-FRATELLANZA-1874/MO052
9.22,9.22,e,CAMILLI Federico,1993,JM,A.S.D. FRANCESCO FRANCIA,3 fi- 1,Ancona,2011-01-22,https://www.fidal.it/atleta/CAMILLI-Federico/eqiRlZWncWw%3D,https://www.fidal.it/societa/A-S-D--FRANCESCO-FRANCIA/BO015
9.22,9.22,e,COPETTI Nicola,1992,JM,ATLETICA ALTO FRIULI,3 ba- 1,Udine,2011-01-23,https://www.fidal.it/atleta/COPETTI-Nicola/eayRk5Kfa2Q%3D,https://www.fidal.it/societa/ATLETICA-ALTO-FRIULI/UD115
9.23,9.23,e,COZZUTO Dario,1993,JM,ASD ENTERPRISE SPORT & SERVICE,1 se- 2,Ancona,2011-01-30,https://www.fidal.it/atleta/COZZUTO-Dario/gKyRkpKibGQ%3D,https://www.fidal.it/societa/ASD-ENTERPRISE-SPORT-&-SERVICE/AV208
9.24,9.24,e,MORIS Gabriele,1993,JM,ATLETICA SANDRO CALVESI,7 ba- 1,Aosta,2011-01-23,https://www.fidal.it/atleta/MORIS-Gabriele/jKiRlJWlbWo%3D,https://www.fidal.it/societa/ATLETICA-SANDRO-CALVESI/AO004
9.24,9.24,e,FORNASIER Marcello,1992,JM,U.S. QUERCIA TRENTINGRANA,4 ba- 2,Modena,2011-02-27,https://www.fidal.it/atleta/FORNASIER-Marcello/eKyRkpSka2Y%3D,https://www.fidal.it/societa/U-S--QUERCIA-TRENTINGRANA/TN109
9.27,9.27,e,COZZUTO Dario,1993,JM,ASD ENTERPRISE SPORT & SERVICE,6 se- 1,Napoli,2011-01-09,https://www.fidal.it/atleta/COZZUTO-Dario/gKyRkpKibGQ%3D,https://www.fidal.it/societa/ASD-ENTERPRISE-SPORT-&-SERVICE/AV208
9.27,9.27,e,COPPARI Michele,1992,JM,TECNO ADRIATLETICA MARCHE,4 ba- 1,Ancona,2011-01-22,https://www.fidal.it/atleta/COPPARI-Michele/e6iRk5efcWs%3D,https://www.fidal.it/societa/TECNO-ADRIATLETICA-MARCHE/AP050
9.29,9.29,e,CAMILLI Federico,1993,JM,A.S.D. FRANCESCO FRANCIA,2 se- 2,Ancona,2011-01-30,https://www.fidal.it/atleta/CAMILLI-Federico/eqiRlZWncWw%3D,https://www.fidal.it/societa/A-S-D--FRANCESCO-FRANCIA/BO015
9.31,9.31,e,COPPARI Michele,1992,JM,TECNO ADRIATLETICA MARCHE,4 fi- 1,Ancona,2011-01-09,https://www.fidal.it/atleta/COPPARI-Michele/e6iRk5efcWs%3D,https://www.fidal.it/societa/TECNO-ADRIATLETICA-MARCHE/AP050
9.32,9.32,e,COPETTI Nicola,1992,JM,ATLETICA ALTO FRIULI,2 ba- 1,Udine,2011-01-15,https://www.fidal.it/atleta/COPETTI-Nicola/eayRk5Kfa2Q%3D,https://www.fidal.it/societa/ATLETICA-ALTO-FRIULI/UD115
9.32,9.32,e,MAZZON Riccardo,1992,JM,ATLETICA STRONESE BANCA MB,1 se- 2,Saronno,2011-01-23,https://www.fidal.it/atleta/MAZZON-Riccardo/dKAAARkpqhaGw%3D,https://www.fidal.it/societa/ATLETICA-STRONESE-BANCA-MB/VC019
9.32,9.32,e,VIGNATI Mattia,1993,JM,ATL. RICCARDI MILANO,3 se- 1,Saronno,2011-01-23,https://www.fidal.it/atleta/VIGNATI-Mattia/dq2Rk5KlaWQ%3D,https://www.fidal.it/societa/ATL--RICCARDI-MILANO/MI080
9.34,9.34,e,PALAZZETTI Luca,1993,JM,ALTO LAZIO A.S.D.,2 ba- 1,Rieti,2011-01-09,https://www.fidal.it/atleta/PALAZZETTI-Luca/f66RkpKgaGo%3D,https://www.fidal.it/societa/ALTO-LAZIO-A-S-D-/VT501
9.34,9.34,e,AGOSTI Marco,1992,JM,ATL. RIGOLETTO,5 ba- 2,Modena,2011-01-15,https://www.fidal.it/atleta/AGOSTI-Marco/dq6RkpKfaWo%3D,https://www.fidal.it/societa/ATL--RIGOLETTO/MN406
9.35,9.35,e,FABRIS Giovanni,1993,JM,ATL. VIRTUS  CR LUCCA,2 su- 1,Firenze,2011-01-15,https://www.fidal.it/atleta/FABRIS-Giovanni/fa2RkpKhbGU%3D,https://www.fidal.it/societa/ATL--VIRTUS-CR-LUCCA/LU100
9.36,9.36,e,MENGARDO Marco,1992,JM,CANTU`ATLETICA,2 se- 2,Saronno,2011-01-23,https://www.fidal.it/atleta/MENGARDO-Marco/dquRkpioaGY%3D,https://www.fidal.it/societa/CANTU`ATLETICA/CO169
9.36,9.36,e,BERNARDI Giacomo,1992,JM,PRO SESTO ATL.,3 se- 2,Ancona,2011-01-30,https://www.fidal.it/atleta/BERNARDI-Giacomo/dq2RkpmlbWk%3D,https://www.fidal.it/societa/PRO-SESTO-ATL-/MI089
9.36,9.36,e,FABRIS Giovanni,1993,JM,ATL. VIRTUS  CR LUCCA,4 su- 1,Firenze,2011-01-30,https://www.fidal.it/atleta/FABRIS-Giovanni/fa2RkpKhbGU%3D,https://www.fidal.it/societa/ATL--VIRTUS-CR-LUCCA/LU100
9.36,9.36,e,DALLAPOZZA Cristian,1993,JM,ATLETICA VERCELLI 78,2 fi- 1,Aosta,2011-02-06,https://www.fidal.it/atleta/DALLAPOZZA-Cristian/dK2Rk5mma2o%3D,https://www.fidal.it/societa/ATLETICA-VERCELLI-78/VC004
9.37,9.37,e,NOLBERTI Edoardo,1992,JM,ATL. LECCO-COLOMBO COSTRUZ.,2 su- 1,Castenedolo,2011-02-20,https://www.fidal.it/atleta/NOLBERTI-Edoardo/dquRkpOlcGk%3D,https://www.fidal.it/societa/ATL--LECCO-COLOMBO-COSTRUZ-/CO208
9.38,9.38,e,CAPO Edgardo,1992,JM,POL. LIB. LANUVIO,4 se- 2,Ancona,2011-01-30,https://www.fidal.it/atleta/CAPO-Edgardo/f62RkpKjaWU%3D,https://www.fidal.it/societa/POL--LIB--LANUVIO/RS075
9.4,9.40,e,CAMILLI Federico,1993,JM,A.S.D. FRANCESCO FRANCIA,5 ba- 1,Ancona,2011-01-22,https://www.fidal.it/atleta/CAMILLI-Federico/eqiRlZWncWw%3D,https://www.fidal.it/societa/A-S-D--FRANCESCO-FRANCIA/BO015
9.41,9.41,e,RELLA Simone,1993,JM,LAGARINA CRUS TEAM,5 ba- 1,Modena,2011-01-15,https://www.fidal.it/atleta/RELLA-Simone/d6iRkpulb2o%3D,https://www.fidal.it/societa/LAGARINA-CRUS-TEAM/TN131
9.41,9.41,e,DALLAPOZZA Cristian,1993,JM,ATLETICA VERCELLI 78,2 ba- 1,Aosta,2011-02-06,https://www.fidal.it/atleta/DALLAPOZZA-Cristian/dK2Rk5mma2o%3D,https://www.fidal.it/societa/ATLETICA-VERCELLI-78/VC004
9.42,9.42,e,COPPARI Michele,1992,JM,TECNO ADRIATLETICA MARCHE,4 fi- 1,Ancona,2011-01-22,https://www.fidal.it/atleta/COPPARI-Michele/e6iRk5efcWs%3D,https://www.fidal.it/societa/TECNO-ADRIATLETICA-MARCHE/AP050
9.43,9.43,e,MAZZON Riccardo,1992,JM,ATLETICA STRONESE BANCA MB,5 se- 2,Ancona,2011-01-30,https://www.fidal.it/atleta/MAZZON-Riccardo/dKAAARkpqhaGw%3D,https://www.fidal.it/societa/ATLETICA-STRONESE-BANCA-MB/VC019
9.44,9.44,e,COPPARI Michele,1992,JM,TECNO ADRIATLETICA MARCHE,4 fi- 1,Ancona,2011-01-16,https://www.fidal.it/atleta/COPPARI-Michele/e6iRk5efcWs%3D,https://www.fidal.it/societa/TECNO-ADRIATLETICA-MARCHE/AP050
9.44,9.44,e,MONTENEGRO Lorenzo,1992,JM,ATLETICA ALTO FRIULI,3 fi- 1,Udine,2011-01-23,https://www.fidal.it/atleta/MONTENEGRO-Lorenzo/eayRk5KnbGk%3D,https://www.fidal.it/societa/ATLETICA-ALTO-FRIULI/UD115
9.47,9.47,e,PALAZZETTI Luca,1993,JM,ALTO LAZIO A.S.D.,3 fi- 1,Roma,2011-01-23,https://www.fidal.it/atleta/PALAZZETTI-Luca/f66RkpKgaGo%3D,https://www.fidal.it/societa/ALTO-LAZIO-A-S-D-/VT501
9.47,9.47,e,PALAZZETTI Luca,1993,JM,ALTO LAZIO A.S.D.,3 fi- 1,Roma,2011-01-30,https://www.fidal.it/atleta/PALAZZETTI-Luca/f66RkpKgaGo%3D,https://www.fidal.it/societa/ALTO-LAZIO-A-S-D-/VT501
9.47,9.47,e,RELLA Simone,1993,JM,LAGARINA CRUS TEAM,2 fi- 1,Pergine Valsugana,2011-02-05,https://www.fidal.it/atleta/RELLA-Simone/d6iRkpulb2o%3D,https://www.fidal.it/societa/LAGARINA-CRUS-TEAM/TN131
9.47,9.47,e,BINCI Luca,1993,JM,TECNO ADRIATLETICA MARCHE,5 ba- 1,Ancona,2011-02-05,https://www.fidal.it/atleta/BINCI-Luca/e6iRk5iga2o%3D,https://www.fidal.it/societa/TECNO-ADRIATLETICA-MARCHE/AP050
9.48,9.48,e,BARBATO Federico,1993,JM,FIAMME GIALLE G. SIMONI,3 ba- 1,Roma,2011-01-23,https://www.fidal.it/atleta/BARBATO-Federico/f6yRkpmnbGg%3D,https://www.fidal.it/societa/FIAMME-GIALLE-G--SIMONI/RM057
9.51,9.51,e,PALAZZETTI Luca,1993,JM,ALTO LAZIO A.S.D.,3 ba- 1,Roma,2011-01-30,https://www.fidal.it/atleta/PALAZZETTI-Luca/f66RkpKgaGo%3D,https://www.fidal.it/societa/ALTO-LAZIO-A-S-D-/VT501
9.53,9.53,e,COPPARI Michele,1992,JM,TECNO ADRIATLETICA MARCHE,3 ba- 1,Ancona,2011-01-16,https://www.fidal.it/atleta/COPPARI-Michele/e6iRk5efcWs%3D,https://www.fidal.it/societa/TECNO-ADRIATLETICA-MARCHE/AP050
9.54,9.54,e,MITI Filippo,1992,JM,EDERA ATL. FORLI,3 su- 1,Ancona,2011-01-16,https://www.fidal.it/atleta/MITI-Filippo/eqiRlZanbGU%3D,https://www.fidal.it/societa/EDERA-ATL--FORLI/FC038
9.54,9.54,e,MITI Filippo,1992,JM,EDERA ATL. FORLI,5 ba- 2,Modena,2011-01-22,https://www.fidal.it/atleta/MITI-Filippo/eqiRlZanbGU%3D,https://www.fidal.it/societa/EDERA-ATL--FORLI/FC038
9.55,9.55,e,BINCI Luca,1993,JM,TECNO ADRIATLETICA MARCHE,5 fi- 1,Ancona,2011-01-22,https://www.fidal.it/atleta/BINCI-Luca/e6iRk5iga2o%3D,https://www.fidal.it/societa/TECNO-ADRIATLETICA-MARCHE/AP050
9.56,9.56,e,CAMILLI Federico,1993,JM,A.S.D. FRANCESCO FRANCIA,5 ba- 3,Modena,2011-01-15,https://www.fidal.it/atleta/CAMILLI-Federico/eqiRlZWncWw%3D,https://www.fidal.it/societa/A-S-D--FRANCESCO-FRANCIA/BO015
9.57,9.57,e,BINCI Luca,1993,JM,TECNO ADRIATLETICA MARCHE,6 ba- 1,Ancona,2011-01-22,https://www.fidal.it/atleta/BINCI-Luca/e6iRk5iga2o%3D,https://www.fidal.it/societa/TECNO-ADRIATLETICA-MARCHE/AP050
9.57,9.57,e,BINCI Luca,1993,JM,TECNO ADRIATLETICA MARCHE,5 fi- 1,Ancona,2011-02-05,https://www.fidal.it/atleta/BINCI-Luca/e6iRk5iga2o%3D,https://www.fidal.it/societa/TECNO-ADRIATLETICA-MARCHE/AP050
9.6,9.60,e,PALAZZETTI Luca,1993,JM,ALTO LAZIO A.S.D.,4 ba- 1,Roma,2011-01-23,https://www.fidal.it/atleta/PALAZZETTI-Luca/f66RkpKgaGo%3D,https://www.fidal.it/societa/ALTO-LAZIO-A-S-D-/VT501
9.61,9.61,e,MELCHIONNA Riccardo,1992,JM,U.S. ALBATESE,4 ba- 3,Saronno,2011-01-29,https://www.fidal.it/atleta/MELCHIONNA-Riccardo/dquRkpanamU%3D,https://www.fidal.it/societa/U-S--ALBATESE/CO546
9.62,9.62,e,CANNETI Andrea,1993,JM,FIAMME GIALLE G. SIMONI,4 fi- 1,Roma,2011-01-23,https://www.fidal.it/atleta/CANNETI-Andrea/f6yRkpWjbWQ%3D,https://www.fidal.it/societa/FIAMME-GIALLE-G--SIMONI/RM057
9.65,9.65,e,GAZZERA Alessandro,1992,JM,ATLETICA PIEMONTE ASD,3 ba- 1,Aosta,2011-02-06,https://www.fidal.it/atleta/GAZZERA-Alessandro/dKyRk5micWc%3D,https://www.fidal.it/societa/ATLETICA-PIEMONTE-ASD/TO226
9.68,9.68,e,BARBATO Federico,1993,JM,FIAMME GIALLE G. SIMONI,5 fi- 1,Roma,2011-01-23,https://www.fidal.it/atleta/BARBATO-Federico/f6yRkpmnbGg%3D,https://www.fidal.it/societa/FIAMME-GIALLE-G--SIMONI/RM057
9.69,9.69,e,COPPARI Michele,1992,JM,TECNO ADRIATLETICA MARCHE,4 ba- 1,Ancona,2011-01-09,https://www.fidal.it/atleta/COPPARI-Michele/e6iRk5efcWs%3D,https://www.fidal.it/societa/TECNO-ADRIATLETICA-MARCHE/AP050
9.69,9.69,e,BINCI Luca,1993,JM,TECNO ADRIATLETICA MARCHE,4 su- 1,Ancona,2011-01-16,https://www.fidal.it/atleta/BINCI-Luca/e6iRk5iga2o%3D,https://www.fidal.it/societa/TECNO-ADRIATLETICA-MARCHE/AP050
9.7,9.70,e,MITI Filippo,1992,JM,EDERA ATL. FORLI,5 ba- 1,Ancona,2011-01-09,https://www.fidal.it/atleta/MITI-Filippo/eqiRlZanbGU%3D,https://www.fidal.it/societa/EDERA-ATL--FORLI/FC038
9.74,9.74,e,CANNETI Andrea,1993,JM,FIAMME GIALLE G. SIMONI,5 ba- 1,Roma,2011-01-23,https://www.fidal.it/atleta/CANNETI-Andrea/f6yRkpWjbWQ%3D,https://www.fidal.it/societa/FIAMME-GIALLE-G--SIMONI/RM057
9.75,9.75,e,MITI Filippo,1992,JM,EDERA ATL. FORLI,5 fi- 1,Ancona,2011-01-09,https://www.fidal.it/atleta/MITI-Filippo/eqiRlZanbGU%3D,https://www.fidal.it/societa/EDERA-ATL--FORLI/FC038
9.82,9.82,e,MILANI Massimiliano,1993,JM,N.ATL. FANFULLA LODIGIANA,3 se- 2,Saronno,2011-01-23,https://www.fidal.it/atleta/MILANI-Massimiliano/drKRkpena2s%3D,https://www.fidal.it/societa/N-ATL--FANFULLA-LODIGIANA/MI218
9.85,9.85,e,PEDRONI Filippo,1993,JM,CREMONA SPORTIVA ATL. ARVEDI,6 ba- 1,Modena,2011-01-22,https://www.fidal.it/atleta/PEDRONI-Filippo/dqyRlpmha2s%3D,https://www.fidal.it/societa/CREMONA-SPORTIVA-ATL--ARVEDI/CR041
9.94,9.94,e,LIETAVEC Dominik,1993,JM,C.U.S. PAVIA,4 se- 1,Saronno,2011-01-23,https://www.fidal.it/atleta/LIETAVEC-Dominik/dqAAARl5Onb2w%3D,https://www.fidal.it/societa/C-U-S--PAVIA/PV108
9.97,9.97,e,BARBUI Andrea,1992,JM,N.ATL. FANFULLA LODIGIANA,5 ba- 1,Saronno,2011-01-29,https://www.fidal.it/atleta/BARBUI-Andrea/drKRkpOla2U%3D,https://www.fidal.it/societa/N-ATL--FANFULLA-LODIGIANA/MI218
10.05,10.05,e,PEDRONI Filippo,1993,JM,CREMONA SPORTIVA ATL. ARVEDI,5 ba- 3,Saronno,2011-01-29,https://www.fidal.it/atleta/PEDRONI-Filippo/dqyRlpmha2s%3D,https://www.fidal.it/societa/CREMONA-SPORTIVA-ATL--ARVEDI/CR041
10.1,10.10,e,LATTANZIO Emanuele,1993,JM,PRO SESTO ATL.,4 se- 2,Saronno,2011-01-23,https://www.fidal.it/atleta/LATTANZIO-Emanuele/dq2RlJimaWg%3D,https://www.fidal.it/societa/PRO-SESTO-ATL-/MI089
10.16,10.16,e,MONTENEGRO Lorenzo,1992,JM,ATLETICA ALTO FRIULI,5 ba- 1,Udine,2011-01-23,https://www.fidal.it/atleta/MONTENEGRO-Lorenzo/eayRk5KnbGk%3D,https://www.fidal.it/societa/ATLETICA-ALTO-FRIULI/UD115
10.56,10.56,e,ARTESANI Andrea,1993,JM,NUOVA ATLETICA ASTRO,3 se- 3,Saronno,2011-01-23,https://www.fidal.it/atleta/ARTESANI-Andrea/dq2Rk5OnaGg%3D,https://www.fidal.it/societa/NUOVA-ATLETICA-ASTRO/MI212
11.02,11.02,e,TOZZI Stefano,1970,SM40,ACSI CAMPIDOGLIO PALATINO,4 se- 9,Ancona,2011-03-04,https://www.fidal.it/atleta/TOZZI-Stefano/f6iRl5SmbWU%3D,https://www.fidal.it/societa/ACSI-CAMPIDOGLIO-PALATINO/RM046
12.75,12.5,m,TOZZI Stefano,1970,SM40,ACSI CAMPIDOGLIO PALATINO,3 se- 1,Napoli Palavesuvio,2011-02-06,https://www.fidal.it/atleta/TOZZI-Stefano/f6iRl5SmbWU%3D,https://www.fidal.it/societa/ACSI-CAMPIDOGLIO-PALATINO/RM046
7.81,7.81,e,PERINI Lorenzo,1994,JM,O.S.A. SARONNO LIB.,1 se- 2,Val De Reuil,2012-03-03,https://www.fidal.it/atleta/PERINI-Lorenzo/drKRkpSncWk%3D,https://www.fidal.it/societa/O-S-A--SARONNO-LIB-/VA119
7.91,7.91,e,PERINI Lorenzo,1994,JM,O.S.A. SARONNO LIB.,1 fi- 1,Ancona,2012-02-18,https://www.fidal.it/atleta/PERINI-Lorenzo/drKRkpSncWk%3D,https://www.fidal.it/societa/O-S-A--SARONNO-LIB-/VA119
7.91,7.91,e,PERINI Lorenzo,1994,JM,O.S.A. SARONNO LIB.,2 se- 1,Val De Reuil,2012-03-03,https://www.fidal.it/atleta/PERINI-Lorenzo/drKRkpSncWk%3D,https://www.fidal.it/societa/O-S-A--SARONNO-LIB-/VA119
7.95,7.95,e,PERINI Lorenzo,1994,JM,O.S.A. SARONNO LIB.,1 fi- 1,Aosta,2012-01-22,https://www.fidal.it/atleta/PERINI-Lorenzo/drKRkpSncWk%3D,https://www.fidal.it/societa/O-S-A--SARONNO-LIB-/VA119
7.99,7.99,e,PERINI Lorenzo,1994,JM,O.S.A. SARONNO LIB.,1 ba- 1,Aosta,2012-01-22,https://www.fidal.it/atleta/PERINI-Lorenzo/drKRkpSncWk%3D,https://www.fidal.it/societa/O-S-A--SARONNO-LIB-/VA119
7.99,7.99,e,PERINI Lorenzo,1994,JM,O.S.A. SARONNO LIB.,1 ba- 3,Ancona,2012-02-18,https://www.fidal.it/atleta/PERINI-Lorenzo/drKRkpSncWk%3D,https://www.fidal.it/societa/O-S-A--SARONNO-LIB-/VA119
8.04,8.04,e,PERINI Lorenzo,1994,JM,O.S.A. SARONNO LIB.,1 sf- 1,Ancona,2012-02-18,https://www.fidal.it/atleta/PERINI-Lorenzo/drKRkpSncWk%3D,https://www.fidal.it/societa/O-S-A--SARONNO-LIB-/VA119
8.04,8.04,e,IURIG Alessandro,1993,JM,ATLETICA BRUGNERA FRIULINTAGLI,1 fi- 1,Modena,2012-03-11,https://www.fidal.it/atleta/IURIG-Alessandro/eamRkpihbmk%3D,https://www.fidal.it/societa/ATLETICA-BRUGNERA-FRIULINTAGLI/PN039
8.06,8.06,e,ZAMBITO Andrea,1993,JM,FIAMME GIALLE G. SIMONI,2 fi- 1,Ancona,2012-02-18,https://www.fidal.it/atleta/ZAMBITO-Andrea/f6iRmZinbmg%3D,https://www.fidal.it/societa/FIAMME-GIALLE-G--SIMONI/RM057
8.08,8.08,e,PERINI Lorenzo,1994,JM,O.S.A. SARONNO LIB.,1 fi- 1,Saronno,2012-02-04,https://www.fidal.it/atleta/PERINI-Lorenzo/drKRkpSncWk%3D,https://www.fidal.it/societa/O-S-A--SARONNO-LIB-/VA119
8.11,8.11,e,IURIG Alessandro,1993,JM,ATLETICA BRUGNERA FRIULINTAGLI,1 ba- 2,Ancona,2012-02-18,https://www.fidal.it/atleta/IURIG-Alessandro/eamRkpihbmk%3D,https://www.fidal.it/societa/ATLETICA-BRUGNERA-FRIULINTAGLI/PN039
8.11,8.11,e,IURIG Alessandro,1993,JM,ATLETICA BRUGNERA FRIULINTAGLI,3 fi- 1,Ancona,2012-02-18,https://www.fidal.it/atleta/IURIG-Alessandro/eamRkpihbmk%3D,https://www.fidal.it/societa/ATLETICA-BRUGNERA-FRIULINTAGLI/PN039
8.11,8.11,e,IURIG Alessandro,1993,JM,ATLETICA BRUGNERA FRIULINTAGLI,1 ba- 1,Modena,2012-03-11,https://www.fidal.it/atleta/IURIG-Alessandro/eamRkpihbmk%3D,https://www.fidal.it/societa/ATLETICA-BRUGNERA-FRIULINTAGLI/PN039
8.14,8.14,e,VERGANI Lorenzo,1993,JM,ATL. RICCARDI MILANO,2 fi- 1,Aosta,2012-01-22,https://www.fidal.it/atleta/VERGANI-Lorenzo/dq2RlJika2s%3D,https://www.fidal.it/societa/ATL--RICCARDI-MILANO/MI080
8.14,8.14,e,PERINI Lorenzo,1994,JM,O.S.A. SARONNO LIB.,1 fi- 1,Saronno,2012-01-28,https://www.fidal.it/atleta/PERINI-Lorenzo/drKRkpSncWk%3D,https://www.fidal.it/societa/O-S-A--SARONNO-LIB-/VA119
8.14,8.14,e,ZAMBITO Andrea,1993,JM,FIAMME GIALLE G. SIMONI,6 se- 2,Val De Reuil,2012-03-03,https://www.fidal.it/atleta/ZAMBITO-Andrea/f6iRmZinbmg%3D,https://www.fidal.it/societa/FIAMME-GIALLE-G--SIMONI/RM057
8.16,8.16,e,VERGANI Lorenzo,1993,JM,ATL. RICCARDI MILANO,2 ba- 1,Aosta,2012-01-22,https://www.fidal.it/atleta/VERGANI-Lorenzo/dq2RlJika2s%3D,https://www.fidal.it/societa/ATL--RICCARDI-MILANO/MI080
8.17,8.17,e,ZAMBITO Andrea,1993,JM,FIAMME GIALLE G. SIMONI,2 sf- 1,Ancona,2012-02-18,https://www.fidal.it/atleta/ZAMBITO-Andrea/f6iRmZinbmg%3D,https://www.fidal.it/societa/FIAMME-GIALLE-G--SIMONI/RM057
8.18,8.18,e,ZAMBITO Andrea,1993,JM,FIAMME GIALLE G. SIMONI,1 ba- 1,Ancona,2012-01-21,https://www.fidal.it/atleta/ZAMBITO-Andrea/f6iRmZinbmg%3D,https://www.fidal.it/societa/FIAMME-GIALLE-G--SIMONI/RM057
8.19,8.19,e,VERGANI Lorenzo,1993,JM,ATL. RICCARDI MILANO,1 ba- 1,Ancona,2012-02-18,https://www.fidal.it/atleta/VERGANI-Lorenzo/dq2RlJika2s%3D,https://www.fidal.it/societa/ATL--RICCARDI-MILANO/MI080
8.2,8.20,e,ZAMBITO Andrea,1993,JM,FIAMME GIALLE G. SIMONI,1 fi- 1,Ancona,2012-01-21,https://www.fidal.it/atleta/ZAMBITO-Andrea/f6iRmZinbmg%3D,https://www.fidal.it/societa/FIAMME-GIALLE-G--SIMONI/RM057
8.2,8.20,e,IURIG Alessandro,1993,JM,ATLETICA BRUGNERA FRIULINTAGLI,1 se- 2,Pordenone,2012-01-28,https://www.fidal.it/atleta/IURIG-Alessandro/eamRkpihbmk%3D,https://www.fidal.it/societa/ATLETICA-BRUGNERA-FRIULINTAGLI/PN039
8.2,8.20,e,ZAMBITO Andrea,1993,JM,FIAMME GIALLE G. SIMONI,1 fi- 1,Roma,2012-01-29,https://www.fidal.it/atleta/ZAMBITO-Andrea/f6iRmZinbmg%3D,https://www.fidal.it/societa/FIAMME-GIALLE-G--SIMONI/RM057
8.21,8.21,e,ZAGNONI Edoardo,1993,JM,ASSINDUSTRIA SPORT PADOVA,1 fi- 1,Udine,2012-01-22,https://www.fidal.it/atleta/ZAGNONI-Edoardo/eKiRlZigbWk%3D,https://www.fidal.it/societa/ASSINDUSTRIA-SPORT-PADOVA/PD140
8.21,8.21,e,PERINI Lorenzo,1994,JM,O.S.A. SARONNO LIB.,1 ba- 2,Saronno,2012-01-28,https://www.fidal.it/atleta/PERINI-Lorenzo/drKRkpSncWk%3D,https://www.fidal.it/societa/O-S-A--SARONNO-LIB-/VA119
8.21,8.21,e,VERGANI Lorenzo,1993,JM,ATL. RICCARDI MILANO,2 fi- 1,Saronno,2012-02-04,https://www.fidal.it/atleta/VERGANI-Lorenzo/dq2RlJika2s%3D,https://www.fidal.it/societa/ATL--RICCARDI-MILANO/MI080
8.21,8.21,e,ZAGNONI Edoardo,1993,JM,ASSINDUSTRIA SPORT PADOVA,2 ba- 2,Ancona,2012-02-18,https://www.fidal.it/atleta/ZAGNONI-Edoardo/eKiRlZigbWk%3D,https://www.fidal.it/societa/ASSINDUSTRIA-SPORT-PADOVA/PD140
8.21,8.21,e,DE MARCHI Davide,1994,JM,ATL. BERGAMO 1959 CREBERG,3 sf- 1,Ancona,2012-02-18,https://www.fidal.it/atleta/DE-MARCHI-Davide/dqmRl5WmcGo%3D,https://www.fidal.it/societa/ATL--BERGAMO-1959-CREBERG/BG003
8.22,8.22,e,PERINI Lorenzo,1994,JM,O.S.A. SARONNO LIB.,1 ba- 1,Saronno,2012-02-04,https://www.fidal.it/atleta/PERINI-Lorenzo/drKRkpSncWk%3D,https://www.fidal.it/societa/O-S-A--SARONNO-LIB-/VA119
8.22,8.22,e,ZAMBITO Andrea,1993,JM,FIAMME GIALLE G. SIMONI,6 se- 1,Val De Reuil,2012-03-03,https://www.fidal.it/atleta/ZAMBITO-Andrea/f6iRmZinbmg%3D,https://www.fidal.it/societa/FIAMME-GIALLE-G--SIMONI/RM057
8.23,8.23,e,IURIG Alessandro,1993,JM,ATLETICA BRUGNERA FRIULINTAGLI,1 ba- 2,Udine,2012-01-22,https://www.fidal.it/atleta/IURIG-Alessandro/eamRkpihbmk%3D,https://www.fidal.it/societa/ATLETICA-BRUGNERA-FRIULINTAGLI/PN039
8.23,8.23,e,IURIG Alessandro,1993,JM,ATLETICA BRUGNERA FRIULINTAGLI,1 fi- 1,Udine,2012-02-05,https://www.fidal.it/atleta/IURIG-Alessandro/eamRkpihbmk%3D,https://www.fidal.it/societa/ATLETICA-BRUGNERA-FRIULINTAGLI/PN039
8.23,8.23,e,ZAGNONI Edoardo,1993,JM,ASSINDUSTRIA SPORT PADOVA,4 fi- 1,Ancona,2012-02-18,https://www.fidal.it/atleta/ZAGNONI-Edoardo/eKiRlZigbWk%3D,https://www.fidal.it/societa/ASSINDUSTRIA-SPORT-PADOVA/PD140
8.24,8.24,e,IURIG Alessandro,1993,JM,ATLETICA BRUGNERA FRIULINTAGLI,1 ba- 1,Udine,2012-02-05,https://www.fidal.it/atleta/IURIG-Alessandro/eamRkpihbmk%3D,https://www.fidal.it/societa/ATLETICA-BRUGNERA-FRIULINTAGLI/PN039
8.24,8.24,e,ZAGNONI Edoardo,1993,JM,ASSINDUSTRIA SPORT PADOVA,1 fi- 1,Padova,2012-02-11,https://www.fidal.it/atleta/ZAGNONI-Edoardo/eKiRlZigbWk%3D,https://www.fidal.it/societa/ASSINDUSTRIA-SPORT-PADOVA/PD140
8.25,8.25,e,ZAMBITO Andrea,1993,JM,FIAMME GIALLE G. SIMONI,1 ba- 1,Roma,2012-01-15,https://www.fidal.it/atleta/ZAMBITO-Andrea/f6iRmZinbmg%3D,https://www.fidal.it/societa/FIAMME-GIALLE-G--SIMONI/RM057
8.25,8.25,e,ZAGNONI Edoardo,1993,JM,ASSINDUSTRIA SPORT PADOVA,1 ba- 1,Udine,2012-01-22,https://www.fidal.it/atleta/ZAGNONI-Edoardo/eKiRlZigbWk%3D,https://www.fidal.it/societa/ASSINDUSTRIA-SPORT-PADOVA/PD140
8.25,8.25,e,VERGANI Lorenzo,1993,JM,ATL. RICCARDI MILANO,5 fi- 1,Ancona,2012-02-18,https://www.fidal.it/atleta/VERGANI-Lorenzo/dq2RlJika2s%3D,https://www.fidal.it/societa/ATL--RICCARDI-MILANO/MI080
8.27,8.27,e,ZAGNONI Edoardo,1993,JM,ASSINDUSTRIA SPORT PADOVA,2 se- 2,Pordenone,2012-01-28,https://www.fidal.it/atleta/ZAGNONI-Edoardo/eKiRlZigbWk%3D,https://www.fidal.it/societa/ASSINDUSTRIA-SPORT-PADOVA/PD140
8.27,8.27,e,ZAGNONI Edoardo,1993,JM,ASSINDUSTRIA SPORT PADOVA,1 ba- 1,Padova,2012-02-11,https://www.fidal.it/atleta/ZAGNONI-Edoardo/eKiRlZigbWk%3D,https://www.fidal.it/societa/ASSINDUSTRIA-SPORT-PADOVA/PD140
8.28,8.28,e,CONTINI Mattia,1994,JM,ATL LIBERTAS RUNNERS LIVORNO,2 ba- 1,Modena,2012-03-11,https://www.fidal.it/atleta/CONTINI-Mattia/faiSkpKjbmo%3D,https://www.fidal.it/societa/ATL-LIBERTAS-RUNNERS-LIVORNO/LI035
8.29,8.29,e,ZAMBITO Andrea,1993,JM,FIAMME GIALLE G. SIMONI,1 ba- 1,Roma,2012-01-29,https://www.fidal.it/atleta/ZAMBITO-Andrea/f6iRmZinbmg%3D,https://www.fidal.it/societa/FIAMME-GIALLE-G--SIMONI/RM057
8.29,8.29,e,ZAMBITO Andrea,1993,JM,FIAMME GIALLE G. SIMONI,1 ba- 4,Ancona,2012-02-18,https://www.fidal.it/atleta/ZAMBITO-Andrea/f6iRmZinbmg%3D,https://www.fidal.it/societa/FIAMME-GIALLE-G--SIMONI/RM057
8.3,8.30,e,DE MARCHI Davide,1994,JM,ATL. BERGAMO 1959 CREBERG,6 fi- 1,Ancona,2012-02-18,https://www.fidal.it/atleta/DE-MARCHI-Davide/dqmRl5WmcGo%3D,https://www.fidal.it/societa/ATL--BERGAMO-1959-CREBERG/BG003
8.31,8.31,e,ZAGNONI Edoardo,1993,JM,ASSINDUSTRIA SPORT PADOVA,3 ba- 1,Modena,2012-03-11,https://www.fidal.it/atleta/ZAGNONI-Edoardo/eKiRlZigbWk%3D,https://www.fidal.it/societa/ASSINDUSTRIA-SPORT-PADOVA/PD140
8.32,8.32,e,DALLA COSTA Diego,1994,JM,ATLETICA PORDENONE,1 sf- 2,Ancona,2012-02-18,https://www.fidal.it/atleta/DALLA-COSTA-Diego/eaqRkpmnbWs%3D,https://www.fidal.it/societa/ATLETICA-PORDENONE/PN021
8.32,8.32,e,CONTINI Mattia,1994,JM,ATL LIBERTAS RUNNERS LIVORNO,2 fi- 1,Modena,2012-03-11,https://www.fidal.it/atleta/CONTINI-Mattia/faiSkpKjbmo%3D,https://www.fidal.it/societa/ATL-LIBERTAS-RUNNERS-LIVORNO/LI035
8.32,8.32,e,ZAGNONI Edoardo,1993,JM,ASSINDUSTRIA SPORT PADOVA,3 fi- 1,Modena,2012-03-11,https://www.fidal.it/atleta/ZAGNONI-Edoardo/eKiRlZigbWk%3D,https://www.fidal.it/societa/ASSINDUSTRIA-SPORT-PADOVA/PD140
8.33,8.33,e,ZAGNONI Edoardo,1993,JM,ASSINDUSTRIA SPORT PADOVA,1 ba- 1,Padova,2012-01-14,https://www.fidal.it/atleta/ZAGNONI-Edoardo/eKiRlZigbWk%3D,https://www.fidal.it/societa/ASSINDUSTRIA-SPORT-PADOVA/PD140
8.33,8.33,e,CONTINI Mattia,1994,JM,ATL LIBERTAS RUNNERS LIVORNO,1 su- 1,Firenze,2012-01-21,https://www.fidal.it/atleta/CONTINI-Mattia/faiSkpKjbmo%3D,https://www.fidal.it/societa/ATL-LIBERTAS-RUNNERS-LIVORNO/LI035
8.33,8.33,e,DALLA COSTA Diego,1994,JM,ATLETICA PORDENONE,2 ba- 1,Ancona,2012-02-18,https://www.fidal.it/atleta/DALLA-COSTA-Diego/eaqRkpmnbWs%3D,https://www.fidal.it/societa/ATLETICA-PORDENONE/PN021
8.33,8.33,e,VERGANI Lorenzo,1993,JM,ATL. RICCARDI MILANO,2 sf- 2,Ancona,2012-02-18,https://www.fidal.it/atleta/VERGANI-Lorenzo/dq2RlJika2s%3D,https://www.fidal.it/societa/ATL--RICCARDI-MILANO/MI080
8.34,8.34,e,ZAGNONI Edoardo,1993,JM,ASSINDUSTRIA SPORT PADOVA,1 fi- 1,Padova,2012-01-14,https://www.fidal.it/atleta/ZAGNONI-Edoardo/eKiRlZigbWk%3D,https://www.fidal.it/societa/ASSINDUSTRIA-SPORT-PADOVA/PD140
8.34,8.34,e,VERGANI Lorenzo,1993,JM,ATL. RICCARDI MILANO,1 ba- 2,Saronno,2012-02-04,https://www.fidal.it/atleta/VERGANI-Lorenzo/dq2RlJika2s%3D,https://www.fidal.it/societa/ATL--RICCARDI-MILANO/MI080
8.36,8.36,e,VERGANI Lorenzo,1993,JM,ATL. RICCARDI MILANO,1 ba- 1,Saronno,2012-01-28,https://www.fidal.it/atleta/VERGANI-Lorenzo/dq2RlJika2s%3D,https://www.fidal.it/societa/ATL--RICCARDI-MILANO/MI080
8.36,8.36,e,DE MARCHI Davide,1994,JM,ATL. BERGAMO 1959 CREBERG,3 ba- 1,Ancona,2012-02-18,https://www.fidal.it/atleta/DE-MARCHI-Davide/dqmRl5WmcGo%3D,https://www.fidal.it/societa/ATL--BERGAMO-1959-CREBERG/BG003
8.36,8.36,e,BIANCHI Nicolo',1994,JM,ATL. IMOLA SACMI AVIS,3 sf- 2,Ancona,2012-02-18,https://www.fidal.it/atleta/BIANCHI-Nicolo-/eqiRlZeobWc%3D,https://www.fidal.it/societa/ATL--IMOLA-SACMI-AVIS/BO014
8.37,8.37,e,DE MARCHI Davide,1994,JM,ATL. BERGAMO 1959 CREBERG,1 fi- 1,Modena,2012-01-21,https://www.fidal.it/atleta/DE-MARCHI-Davide/dqmRl5WmcGo%3D,https://www.fidal.it/societa/ATL--BERGAMO-1959-CREBERG/BG003
8.38,8.38,e,ZAGNONI Edoardo,1993,JM,ASSINDUSTRIA SPORT PADOVA,4 sf- 1,Ancona,2012-02-18,https://www.fidal.it/atleta/ZAGNONI-Edoardo/eKiRlZigbWk%3D,https://www.fidal.it/societa/ASSINDUSTRIA-SPORT-PADOVA/PD140
8.41,8.41,e,VERGANI Lorenzo,1993,JM,ATL. RICCARDI MILANO,1 ba- 1,Modena,2012-01-14,https://www.fidal.it/atleta/VERGANI-Lorenzo/dq2RlJika2s%3D,https://www.fidal.it/societa/ATL--RICCARDI-MILANO/MI080
8.41,8.41,e,BAIS Simone,1994,JM,LAGARINA CRUS TEAM,1 fi- 1,Modena,2012-01-14,https://www.fidal.it/atleta/BAIS-Simone/d6iRk5OicWQ%3D,https://www.fidal.it/societa/LAGARINA-CRUS-TEAM/TN131
8.41,8.41,e,BIANCHI Nicolo',1994,JM,ATL. IMOLA SACMI AVIS,7 fi- 1,Ancona,2012-02-18,https://www.fidal.it/atleta/BIANCHI-Nicolo-/eqiRlZeobWc%3D,https://www.fidal.it/societa/ATL--IMOLA-SACMI-AVIS/BO014
8.42,8.42,e,DE MARCHI Davide,1994,JM,ATL. BERGAMO 1959 CREBERG,1 ba- 2,Modena,2012-01-14,https://www.fidal.it/atleta/DE-MARCHI-Davide/dqmRl5WmcGo%3D,https://www.fidal.it/societa/ATL--BERGAMO-1959-CREBERG/BG003
8.42,8.42,e,DE MARCHI Davide,1994,JM,ATL. BERGAMO 1959 CREBERG,2 fi- 1,Modena,2012-01-14,https://www.fidal.it/atleta/DE-MARCHI-Davide/dqmRl5WmcGo%3D,https://www.fidal.it/societa/ATL--BERGAMO-1959-CREBERG/BG003
8.42,8.42,e,DE MARCHI Davide,1994,JM,ATL. BERGAMO 1959 CREBERG,3 fi- 1,Saronno,2012-02-04,https://www.fidal.it/atleta/DE-MARCHI-Davide/dqmRl5WmcGo%3D,https://www.fidal.it/societa/ATL--BERGAMO-1959-CREBERG/BG003
8.44,8.44,e,ZAMBITO Andrea,1993,JM,FIAMME GIALLE G. SIMONI,1 fi- 1,Roma,2012-01-15,https://www.fidal.it/atleta/ZAMBITO-Andrea/f6iRmZinbmg%3D,https://www.fidal.it/societa/FIAMME-GIALLE-G--SIMONI/RM057
8.45,8.45,e,BIANCHI Nicolo',1994,JM,ATL. IMOLA SACMI AVIS,3 fi- 1,Modena,2012-01-14,https://www.fidal.it/atleta/BIANCHI-Nicolo-/eqiRlZeobWc%3D,https://www.fidal.it/societa/ATL--IMOLA-SACMI-AVIS/BO014
8.47,8.47,e,PAOLUZZI Roberto,1993,JM,ATL. STUDENTESCA CA.RI.RI,5 sf- 1,Ancona,2012-02-18,https://www.fidal.it/atleta/PAOLUZZI-Roberto/fqiRk5qhaWs%3D,https://www.fidal.it/societa/ATL--STUDENTESCA-CA-RI-RI/RI223
8.48,8.48,e,BAIS Simone,1994,JM,LAGARINA CRUS TEAM,1 ba- 1,Modena,2012-01-21,https://www.fidal.it/atleta/BAIS-Simone/d6iRk5OicWQ%3D,https://www.fidal.it/societa/LAGARINA-CRUS-TEAM/TN131
8.48,8.48,e,DALLA COSTA Diego,1994,JM,ATLETICA PORDENONE,8 fi- 1,Ancona,2012-02-18,https://www.fidal.it/atleta/DALLA-COSTA-Diego/eaqRkpmnbWs%3D,https://www.fidal.it/societa/ATLETICA-PORDENONE/PN021
8.48,8.48,e,BIANCHI Nicolo',1994,JM,ATL. IMOLA SACMI AVIS,4 fi- 1,Modena,2012-03-11,https://www.fidal.it/atleta/BIANCHI-Nicolo-/eqiRlZeobWc%3D,https://www.fidal.it/societa/ATL--IMOLA-SACMI-AVIS/BO014
8.49,8.49,e,NANA Andrea,1993,JM,ATLETICA I GONZAGA 2011,6 sf- 1,Ancona,2012-02-18,https://www.fidal.it/atleta/NANA-Andrea/dqiSl5WfaGo%3D,https://www.fidal.it/societa/ATLETICA-I-GONZAGA-2011/MN718
8.49,8.49,e,DALLA COSTA Diego,1994,JM,ATLETICA PORDENONE,4 ba- 1,Modena,2012-03-11,https://www.fidal.it/atleta/DALLA-COSTA-Diego/eaqRkpmnbWs%3D,https://www.fidal.it/societa/ATLETICA-PORDENONE/PN021
8.5,8.50,e,BIANCHI Nicolo',1994,JM,ATL. IMOLA SACMI AVIS,2 ba- 3,Ancona,2012-02-18,https://www.fidal.it/atleta/BIANCHI-Nicolo-/eqiRlZeobWc%3D,https://www.fidal.it/societa/ATL--IMOLA-SACMI-AVIS/BO014
8.5,8.50,e,IURIG Alessandro,1993,JM,ATLETICA BRUGNERA FRIULINTAGLI,4 sf- 2,Ancona,2012-02-18,https://www.fidal.it/atleta/IURIG-Alessandro/eamRkpihbmk%3D,https://www.fidal.it/societa/ATLETICA-BRUGNERA-FRIULINTAGLI/PN039
8.51,8.51,e,NANA Andrea,1993,JM,ATLETICA I GONZAGA 2011,1 ba- 1,Modena,2012-02-05,https://www.fidal.it/atleta/NANA-Andrea/dqiSl5WfaGo%3D,https://www.fidal.it/societa/ATLETICA-I-GONZAGA-2011/MN718
8.52,8.52,e,VERGANI Lorenzo,1993,JM,ATL. RICCARDI MILANO,4 fi- 1,Modena,2012-01-14,https://www.fidal.it/atleta/VERGANI-Lorenzo/dq2RlJika2s%3D,https://www.fidal.it/societa/ATL--RICCARDI-MILANO/MI080
8.52,8.52,e,DALLA COSTA Diego,1994,JM,ATLETICA PORDENONE,3 se- 2,Pordenone,2012-01-28,https://www.fidal.it/atleta/DALLA-COSTA-Diego/eaqRkpmnbWs%3D,https://www.fidal.it/societa/ATLETICA-PORDENONE/PN021
8.53,8.53,e,DE MARCHI Davide,1994,JM,ATL. BERGAMO 1959 CREBERG,2 ba- 2,Saronno,2012-02-04,https://www.fidal.it/atleta/DE-MARCHI-Davide/dqmRl5WmcGo%3D,https://www.fidal.it/societa/ATL--BERGAMO-1959-CREBERG/BG003
8.53,8.53,e,NANA Andrea,1993,JM,ATLETICA I GONZAGA 2011,2 ba- 4,Ancona,2012-02-18,https://www.fidal.it/atleta/NANA-Andrea/dqiSl5WfaGo%3D,https://www.fidal.it/societa/ATLETICA-I-GONZAGA-2011/MN718
8.55,8.55,e,PAOLUZZI Roberto,1993,JM,ATL. STUDENTESCA CA.RI.RI,4 ba- 1,Ancona,2012-02-18,https://www.fidal.it/atleta/PAOLUZZI-Roberto/fqiRk5qhaWs%3D,https://www.fidal.it/societa/ATL--STUDENTESCA-CA-RI-RI/RI223
8.56,8.56,e,BIANCHI Nicolo',1994,JM,ATL. IMOLA SACMI AVIS,2 ba- 1,Modena,2012-01-14,https://www.fidal.it/atleta/BIANCHI-Nicolo-/eqiRlZeobWc%3D,https://www.fidal.it/societa/ATL--IMOLA-SACMI-AVIS/BO014
8.56,8.56,e,DALLAI Daniele,1994,JM,ASD ATLETICA  PRATO,2 su- 1,Firenze,2012-01-21,https://www.fidal.it/atleta/DALLAI-Daniele/faiSkpSlcGM%3D,https://www.fidal.it/societa/ASD-ATLETICA-PRATO/PO149
8.56,8.56,e,MORIS Gabriele,1993,JM,ATLETICA SANDRO CALVESI,1 fi- 1,Aosta,2012-02-05,https://www.fidal.it/atleta/MORIS-Gabriele/jKiRlJWlbWo%3D,https://www.fidal.it/societa/ATLETICA-SANDRO-CALVESI/AO004
8.56,8.56,e,FARAGONA Michele,1993,JM,A.S. LA FRATELLANZA 1874,1 fi- 1,Modena,2012-02-05,https://www.fidal.it/atleta/FARAGONA-Michele/eqiRlpaoa2s%3D,https://www.fidal.it/societa/A-S--LA-FRATELLANZA-1874/MO052
8.56,8.56,e,BAIS Simone,1994,JM,LAGARINA CRUS TEAM,1 fi- 2,Modena,2012-03-11,https://www.fidal.it/atleta/BAIS-Simone/d6iRk5OicWQ%3D,https://www.fidal.it/societa/LAGARINA-CRUS-TEAM/TN131
8.57,8.57,e,FARAGONA Michele,1993,JM,A.S. LA FRATELLANZA 1874,1 fi- 1,Ancona,2012-01-08,https://www.fidal.it/atleta/FARAGONA-Michele/eqiRlpaoa2s%3D,https://www.fidal.it/societa/A-S--LA-FRATELLANZA-1874/MO052
8.57,8.57,e,BAIS Simone,1994,JM,LAGARINA CRUS TEAM,2 ba- 2,Modena,2012-01-14,https://www.fidal.it/atleta/BAIS-Simone/d6iRk5OicWQ%3D,https://www.fidal.it/societa/LAGARINA-CRUS-TEAM/TN131
8.57,8.57,e,IURIG Alessandro,1993,JM,ATLETICA BRUGNERA FRIULINTAGLI,3 fi- 1,Udine,2012-01-22,https://www.fidal.it/atleta/IURIG-Alessandro/eamRkpihbmk%3D,https://www.fidal.it/societa/ATLETICA-BRUGNERA-FRIULINTAGLI/PN039
8.57,8.57,e,VERGANI Lorenzo,1993,JM,ATL. RICCARDI MILANO,2 fi- 1,Saronno,2012-01-28,https://www.fidal.it/atleta/VERGANI-Lorenzo/dq2RlJika2s%3D,https://www.fidal.it/societa/ATL--RICCARDI-MILANO/MI080
8.57,8.57,e,BAIS Simone,1994,JM,LAGARINA CRUS TEAM,3 ba- 4,Ancona,2012-02-18,https://www.fidal.it/atleta/BAIS-Simone/d6iRk5OicWQ%3D,https://www.fidal.it/societa/LAGARINA-CRUS-TEAM/TN131
8.57,8.57,e,MOTTA Aldo,1993,JM,G.S.A. BRUGHERIO,5 sf- 2,Ancona,2012-02-18,https://www.fidal.it/atleta/MOTTA-Aldo/dq2Rk5agbGQ%3D,https://www.fidal.it/societa/G-S-A--BRUGHERIO/MI116
8.58,8.58,e,ESPA Stefano,1993,JM,SS ESPERIA,1 ba- 1,Iglesias,2012-01-22,https://www.fidal.it/atleta/ESPA-Stefano/iKiSmZuoamc%3D,https://www.fidal.it/societa/SS-ESPERIA/CA003
8.59,8.59,e,PAOLUZZI Roberto,1993,JM,ATL. STUDENTESCA CA.RI.RI,2 fi- 1,Roma,2012-01-15,https://www.fidal.it/atleta/PAOLUZZI-Roberto/fqiRk5qhaWs%3D,https://www.fidal.it/societa/ATL--STUDENTESCA-CA-RI-RI/RI223
8.59,8.59,e,BAIS Simone,1994,JM,LAGARINA CRUS TEAM,2 fi- 1,Modena,2012-01-21,https://www.fidal.it/atleta/BAIS-Simone/d6iRk5OicWQ%3D,https://www.fidal.it/societa/LAGARINA-CRUS-TEAM/TN131
8.59,8.59,e,BAIS Simone,1994,JM,LAGARINA CRUS TEAM,1 su- 1,Pergine Valsugana,2012-02-11,https://www.fidal.it/atleta/BAIS-Simone/d6iRk5OicWQ%3D,https://www.fidal.it/societa/LAGARINA-CRUS-TEAM/TN131
8.59,8.59,e,BIANCHI Nicolo',1994,JM,ATL. IMOLA SACMI AVIS,5 ba- 1,Modena,2012-03-11,https://www.fidal.it/atleta/BIANCHI-Nicolo-/eqiRlZeobWc%3D,https://www.fidal.it/societa/ATL--IMOLA-SACMI-AVIS/BO014
8.59,8.59,e,DALLA COSTA Diego,1994,JM,ATLETICA PORDENONE,5 fi- 1,Modena,2012-03-11,https://www.fidal.it/atleta/DALLA-COSTA-Diego/eaqRkpmnbWs%3D,https://www.fidal.it/societa/ATLETICA-PORDENONE/PN021
8.6,8.60,e,NANA Andrea,1993,JM,ATLETICA I GONZAGA 2011,2 fi- 1,Modena,2012-02-05,https://www.fidal.it/atleta/NANA-Andrea/dqiSl5WfaGo%3D,https://www.fidal.it/societa/ATLETICA-I-GONZAGA-2011/MN718
8.61,8.61,e,DALLA COSTA Diego,1994,JM,ATLETICA PORDENONE,4 fi- 1,Udine,2012-01-22,https://www.fidal.it/atleta/DALLA-COSTA-Diego/eaqRkpmnbWs%3D,https://www.fidal.it/societa/ATLETICA-PORDENONE/PN021
8.62,8.62,e,NANA Andrea,1993,JM,ATLETICA I GONZAGA 2011,2 ba- 1,Modena,2012-01-21,https://www.fidal.it/atleta/NANA-Andrea/dqiSl5WfaGo%3D,https://www.fidal.it/societa/ATLETICA-I-GONZAGA-2011/MN718
8.62,8.62,e,DALLAI Daniele,1994,JM,ASD ATLETICA  PRATO,1 ba- 1,Modena,2012-03-11,https://www.fidal.it/atleta/DALLAI-Daniele/faiSkpSlcGM%3D,https://www.fidal.it/societa/ASD-ATLETICA-PRATO/PO149
8.63,8.63,e,NANA Andrea,1993,JM,ATLETICA I GONZAGA 2011,3 fi- 1,Modena,2012-01-21,https://www.fidal.it/atleta/NANA-Andrea/dqiSl5WfaGo%3D,https://www.fidal.it/societa/ATLETICA-I-GONZAGA-2011/MN718
8.63,8.63,e,MORIS Gabriele,1993,JM,ATLETICA SANDRO CALVESI,1 se- 1,Ancona,2012-01-29,https://www.fidal.it/atleta/MORIS-Gabriele/jKiRlJWlbWo%3D,https://www.fidal.it/societa/ATLETICA-SANDRO-CALVESI/AO004
8.63,8.63,e,FARAGONA Michele,1993,JM,A.S. LA FRATELLANZA 1874,3 ba- 3,Ancona,2012-02-18,https://www.fidal.it/atleta/FARAGONA-Michele/eqiRlpaoa2s%3D,https://www.fidal.it/societa/A-S--LA-FRATELLANZA-1874/MO052
8.64,8.64,e,RIVARA Michele,1993,JM,C.U.S. PARMA,4 ba- 3,Ancona,2012-02-18,https://www.fidal.it/atleta/RIVARA-Michele/eqiRlpqfbWw%3D,https://www.fidal.it/societa/C-U-S--PARMA/PR068
8.65,8.65,e,DALLA COSTA Diego,1994,JM,ATLETICA PORDENONE,1 su- 1,Pordenone,2012-01-15,https://www.fidal.it/atleta/DALLA-COSTA-Diego/eaqRkpmnbWs%3D,https://www.fidal.it/societa/ATLETICA-PORDENONE/PN021
8.65,8.65,e,PAOLUZZI Roberto,1993,JM,ATL. STUDENTESCA CA.RI.RI,2 ba- 1,Roma,2012-01-15,https://www.fidal.it/atleta/PAOLUZZI-Roberto/fqiRk5qhaWs%3D,https://www.fidal.it/societa/ATL--STUDENTESCA-CA-RI-RI/RI223
8.66,8.66,e,VIGLIOTTI Vincenzo,1994,JM,ASD ENTERPRISE SPORT & SERVICE,1 se- 2,Ancona,2012-01-29,https://www.fidal.it/atleta/VIGLIOTTI-Vincenzo/gKqRkpKhaGM%3D,https://www.fidal.it/societa/ASD-ENTERPRISE-SPORT-&-SERVICE/AV208
8.67,8.67,e,FARAGONA Michele,1993,JM,A.S. LA FRATELLANZA 1874,1 ba- 1,Ancona,2012-01-08,https://www.fidal.it/atleta/FARAGONA-Michele/eqiRlpaoa2s%3D,https://www.fidal.it/societa/A-S--LA-FRATELLANZA-1874/MO052
8.67,8.67,e,MOTTA Aldo,1993,JM,G.S.A. BRUGHERIO,4 ba- 4,Ancona,2012-02-18,https://www.fidal.it/atleta/MOTTA-Aldo/dq2Rk5agbGQ%3D,https://www.fidal.it/societa/G-S-A--BRUGHERIO/MI116
8.69,8.69,e,FARAGONA Michele,1993,JM,A.S. LA FRATELLANZA 1874,1 ba- 1,Ancona,2012-01-15,https://www.fidal.it/atleta/FARAGONA-Michele/eqiRlpaoa2s%3D,https://www.fidal.it/societa/A-S--LA-FRATELLANZA-1874/MO052
8.69,8.69,e,NETTUNO Federico,1975,SM35,N.ATL. FANFULLA LODIGIANA,2 su- 1,Ancona,2012-03-10,https://www.fidal.it/atleta/NETTUNO-Federico/dqiRkpahamo%3D,https://www.fidal.it/societa/N-ATL--FANFULLA-LODIGIANA/MI218
8.71,8.71,e,BAIS Simone,1994,JM,LAGARINA CRUS TEAM,6 sf- 2,Ancona,2012-02-18,https://www.fidal.it/atleta/BAIS-Simone/d6iRk5OicWQ%3D,https://www.fidal.it/societa/LAGARINA-CRUS-TEAM/TN131
8.73,8.73,e,MORIS Gabriele,1993,JM,ATLETICA SANDRO CALVESI,1 ba- 1,Aosta,2012-02-05,https://www.fidal.it/atleta/MORIS-Gabriele/jKiRlJWlbWo%3D,https://www.fidal.it/societa/ATLETICA-SANDRO-CALVESI/AO004
8.73,8.73,e,RIVARA Michele,1993,JM,C.U.S. PARMA,7 sf- 2,Ancona,2012-02-18,https://www.fidal.it/atleta/RIVARA-Michele/eqiRlpqfbWw%3D,https://www.fidal.it/societa/C-U-S--PARMA/PR068
8.74,8.74,e,MOTTA Aldo,1993,JM,G.S.A. BRUGHERIO,3 fi- 1,Saronno,2012-01-28,https://www.fidal.it/atleta/MOTTA-Aldo/dq2Rk5agbGQ%3D,https://www.fidal.it/societa/G-S-A--BRUGHERIO/MI116
8.74,8.74,e,LETIZIA Andrea,1994,JM,C.U.S. TORINO,2 ba- 1,Aosta,2012-02-05,https://www.fidal.it/atleta/LETIZIA-Andrea/dK6RlZKka2w%3D,https://www.fidal.it/societa/C-U-S--TORINO/TO001
8.74,8.74,e,CIPRIANI Alberto,1974,SM35,ASD U.S. ATERNO PESCARA,3 su- 1,Ancona,2012-03-10,https://www.fidal.it/atleta/CIPRIANI-Alberto/gauRkpKiaWU%3D,https://www.fidal.it/societa/ASD-U-S--ATERNO-PESCARA/PE001
8.74,8.74,e,BAIS Simone,1994,JM,LAGARINA CRUS TEAM,2 ba- 2,Modena,2012-03-11,https://www.fidal.it/atleta/BAIS-Simone/d6iRk5OicWQ%3D,https://www.fidal.it/societa/LAGARINA-CRUS-TEAM/TN131
8.75,8.75,e,LETIZIA Andrea,1994,JM,C.U.S. TORINO,3 fi- 1,Aosta,2012-01-22,https://www.fidal.it/atleta/LETIZIA-Andrea/dK6RlZKka2w%3D,https://www.fidal.it/societa/C-U-S--TORINO/TO001
8.75,8.75,e,PAOLUZZI Roberto,1993,JM,ATL. STUDENTESCA CA.RI.RI,2 se- 2,Ancona,2012-01-29,https://www.fidal.it/atleta/PAOLUZZI-Roberto/fqiRk5qhaWs%3D,https://www.fidal.it/societa/ATL--STUDENTESCA-CA-RI-RI/RI223
8.75,8.75,e,LETIZIA Andrea,1994,JM,C.U.S. TORINO,2 fi- 1,Aosta,2012-02-05,https://www.fidal.it/atleta/LETIZIA-Andrea/dK6RlZKka2w%3D,https://www.fidal.it/societa/C-U-S--TORINO/TO001
8.75,8.75,e,LETIZIA Andrea,1994,JM,C.U.S. TORINO,1 fi- 1,Bra,2012-02-11,https://www.fidal.it/atleta/LETIZIA-Andrea/dK6RlZKka2w%3D,https://www.fidal.it/societa/C-U-S--TORINO/TO001
8.75,8.75,e,DALLAI Daniele,1994,JM,ASD ATLETICA  PRATO,3 ba- 2,Ancona,2012-02-18,https://www.fidal.it/atleta/DALLAI-Daniele/faiSkpSlcGM%3D,https://www.fidal.it/societa/ASD-ATLETICA-PRATO/PO149
8.77,8.77,e,NETTUNO Federico,1975,SM35,N.ATL. FANFULLA LODIGIANA,3 se- 1,Jyvaskyla,2012-04-04,https://www.fidal.it/atleta/NETTUNO-Federico/dqiRkpahamo%3D,https://www.fidal.it/societa/N-ATL--FANFULLA-LODIGIANA/MI218
8.78,8.78,e,RIVARA Michele,1993,JM,C.U.S. PARMA,5 fi- 1,Modena,2012-01-14,https://www.fidal.it/atleta/RIVARA-Michele/eqiRlpqfbWw%3D,https://www.fidal.it/societa/C-U-S--PARMA/PR068
8.78,8.78,e,MORIS Gabriele,1993,JM,ATLETICA SANDRO CALVESI,4 fi- 1,Aosta,2012-01-22,https://www.fidal.it/atleta/MORIS-Gabriele/jKiRlJWlbWo%3D,https://www.fidal.it/societa/ATLETICA-SANDRO-CALVESI/AO004
8.78,8.78,e,VIDA Patrick,1994,JM,POLISPORTIVA TRIVENETO TRIESTE,2 fi- 1,Udine,2012-02-05,https://www.fidal.it/atleta/VIDA-Patrick/eauRkpuhamQ%3D,https://www.fidal.it/societa/POLISPORTIVA-TRIVENETO-TRIESTE/TS099
8.78,8.78,e,BONORA Matteo,1994,JM,SILCA ULTRALITE VITTORIO V.TO,2 fi- 2,Modena,2012-03-11,https://www.fidal.it/atleta/BONORA-Matteo/eKyRkpeocGc%3D,https://www.fidal.it/societa/SILCA-ULTRALITE-VITTORIO-V-TO/TV348
8.79,8.79,e,MOTTA Aldo,1993,JM,G.S.A. BRUGHERIO,2 ba- 1,Saronno,2012-02-04,https://www.fidal.it/atleta/MOTTA-Aldo/dq2Rk5agbGQ%3D,https://www.fidal.it/societa/G-S-A--BRUGHERIO/MI116
8.79,8.79,e,SINISCALCHI Marco,1994,JM,CUS DEI LAGHI - ATL. VARESE,7 sf- 1,Ancona,2012-02-18,https://www.fidal.it/atleta/SINISCALCHI-Marco/dquRkpSmbWo%3D,https://www.fidal.it/societa/CUS-DEI-LAGHI-ATL--VARESE/VA123
8.79,8.79,e,BONORA Matteo,1994,JM,SILCA ULTRALITE VITTORIO V.TO,3 ba- 2,Modena,2012-03-11,https://www.fidal.it/atleta/BONORA-Matteo/eKyRkpeocGc%3D,https://www.fidal.it/societa/SILCA-ULTRALITE-VITTORIO-V-TO/TV348
8.8,8.80,e,FARAGONA Michele,1993,JM,A.S. LA FRATELLANZA 1874,1 fi- 1,Ancona,2012-01-15,https://www.fidal.it/atleta/FARAGONA-Michele/eqiRlpaoa2s%3D,https://www.fidal.it/societa/A-S--LA-FRATELLANZA-1874/MO052
8.8,8.80,e,FARAGONA Michele,1993,JM,A.S. LA FRATELLANZA 1874,2 ba- 1,Modena,2012-02-05,https://www.fidal.it/atleta/FARAGONA-Michele/eqiRlpaoa2s%3D,https://www.fidal.it/societa/A-S--LA-FRATELLANZA-1874/MO052
8.81,8.81,e,MOTTA Aldo,1993,JM,G.S.A. BRUGHERIO,2 ba- 2,Saronno,2012-01-28,https://www.fidal.it/atleta/MOTTA-Aldo/dq2Rk5agbGQ%3D,https://www.fidal.it/societa/G-S-A--BRUGHERIO/MI116
8.81,8.81,e,SINISCALCHI Marco,1994,JM,CUS DEI LAGHI - ATL. VARESE,5 ba- 3,Ancona,2012-02-18,https://www.fidal.it/atleta/SINISCALCHI-Marco/dquRkpSmbWo%3D,https://www.fidal.it/societa/CUS-DEI-LAGHI-ATL--VARESE/VA123
8.81,8.81,e,MARRUCCELLA Michele,1993,JM,A.P.D. PARTENOPE ATL. LEGG.,6 ba- 3,Ancona,2012-02-18,https://www.fidal.it/atleta/MARRUCCELLA-Michele/gKiRlZukbGU%3D,https://www.fidal.it/societa/A-P-D--PARTENOPE-ATL--LEGG-/NA069
8.82,8.82,e,FODERA' Gianluca,1994,JM,ASI INTESATLETICA,2 ba- 1,Roma,2012-01-29,https://www.fidal.it/atleta/FODERA-Gianluca/f6iRmJilbmQ%3D,https://www.fidal.it/societa/ASI-INTESATLETICA/LT260
8.82,8.82,e,LETIZIA Andrea,1994,JM,C.U.S. TORINO,1 ba- 1,Bra,2012-02-11,https://www.fidal.it/atleta/LETIZIA-Andrea/dK6RlZKka2w%3D,https://www.fidal.it/societa/C-U-S--TORINO/TO001
8.82,8.82,e,VERONESE Nicola,1993,JM,FONDAZIONE M. BENTEGODI,4 ba- 2,Ancona,2012-02-18,https://www.fidal.it/atleta/VERONESE-Nicola/eKAAARkpWnamU%3D,https://www.fidal.it/societa/FONDAZIONE-M--BENTEGODI/VR784
8.82,8.82,e,NETTUNO Federico,1975,SM35,N.ATL. FANFULLA LODIGIANA,5 ba- 2,Jyvaskyla,2012-04-07,https://www.fidal.it/atleta/NETTUNO-Federico/dqiRkpahamo%3D,https://www.fidal.it/societa/N-ATL--FANFULLA-LODIGIANA/MI218
8.83,8.83,e,RIVARA Michele,1993,JM,C.U.S. PARMA,3 ba- 1,Modena,2012-01-14,https://www.fidal.it/atleta/RIVARA-Michele/eqiRlpqfbWw%3D,https://www.fidal.it/societa/C-U-S--PARMA/PR068
8.83,8.83,e,CAMPELLO Marco,1994,JM,ATLETICA PORDENONE,1 fi- 2,Padova,2012-02-11,https://www.fidal.it/atleta/CAMPELLO-Marco/eaqRkpmnbmU%3D,https://www.fidal.it/societa/ATLETICA-PORDENONE/PN021
8.84,8.84,e,SINISCALCHI Marco,1994,JM,CUS DEI LAGHI - ATL. VARESE,3 ba- 2,Saronno,2012-01-28,https://www.fidal.it/atleta/SINISCALCHI-Marco/dquRkpSmbWo%3D,https://www.fidal.it/societa/CUS-DEI-LAGHI-ATL--VARESE/VA123
8.84,8.84,e,VERONESE Nicola,1993,JM,FONDAZIONE M. BENTEGODI,2 fi- 1,Padova,2012-02-11,https://www.fidal.it/atleta/VERONESE-Nicola/eKAAARkpWnamU%3D,https://www.fidal.it/societa/FONDAZIONE-M--BENTEGODI/VR784
8.84,8.84,e,DALLAI Daniele,1994,JM,ASD ATLETICA  PRATO,6 fi- 1,Modena,2012-03-11,https://www.fidal.it/atleta/DALLAI-Daniele/faiSkpSlcGM%3D,https://www.fidal.it/societa/ASD-ATLETICA-PRATO/PO149
8.85,8.85,e,CAMPELLO Marco,1994,JM,ATLETICA PORDENONE,3 fi- 1,Udine,2012-02-05,https://www.fidal.it/atleta/CAMPELLO-Marco/eaqRkpmnbmU%3D,https://www.fidal.it/societa/ATLETICA-PORDENONE/PN021
8.85,8.85,e,VERONESE Nicola,1993,JM,FONDAZIONE M. BENTEGODI,1 ba- 2,Padova,2012-02-11,https://www.fidal.it/atleta/VERONESE-Nicola/eKAAARkpWnamU%3D,https://www.fidal.it/societa/FONDAZIONE-M--BENTEGODI/VR784
8.85,8.85,e,MORIS Gabriele,1993,JM,ATLETICA SANDRO CALVESI,5 ba- 2,Ancona,2012-02-18,https://www.fidal.it/atleta/MORIS-Gabriele/jKiRlJWlbWo%3D,https://www.fidal.it/societa/ATLETICA-SANDRO-CALVESI/AO004
8.86,8.86,e,VALLI Corrado,1993,JM,ATL. LECCO-COLOMBO COSTRUZ.,1 se- 1,Saronno,2012-01-14,https://www.fidal.it/atleta/VALLI-Corrado/dquRkpSjaWg%3D,https://www.fidal.it/societa/ATL--LECCO-COLOMBO-COSTRUZ-/CO208
8.86,8.86,e,MARRUCCELLA Michele,1993,JM,A.P.D. PARTENOPE ATL. LEGG.,1 su- 1,Napoli Ponticelli,2012-01-22,https://www.fidal.it/atleta/MARRUCCELLA-Michele/gKiRlZukbGU%3D,https://www.fidal.it/societa/A-P-D--PARTENOPE-ATL--LEGG-/NA069
8.86,8.86,e,VIDA Patrick,1994,JM,POLISPORTIVA TRIVENETO TRIESTE,2 ba- 2,Udine,2012-01-22,https://www.fidal.it/atleta/VIDA-Patrick/eauRkpuhamQ%3D,https://www.fidal.it/societa/POLISPORTIVA-TRIVENETO-TRIESTE/TS099
8.86,8.86,e,VIDA Patrick,1994,JM,POLISPORTIVA TRIVENETO TRIESTE,6 ba- 2,Ancona,2012-02-18,https://www.fidal.it/atleta/VIDA-Patrick/eauRkpuhamQ%3D,https://www.fidal.it/societa/POLISPORTIVA-TRIVENETO-TRIESTE/TS099
8.86,8.86,e,MORIS Gabriele,1993,JM,ATLETICA SANDRO CALVESI,1 su- 1,Aosta,2012-03-11,https://www.fidal.it/atleta/MORIS-Gabriele/jKiRlJWlbWo%3D,https://www.fidal.it/societa/ATLETICA-SANDRO-CALVESI/AO004
8.87,8.87,e,MORIS Gabriele,1993,JM,ATLETICA SANDRO CALVESI,3 ba- 1,Aosta,2012-01-22,https://www.fidal.it/atleta/MORIS-Gabriele/jKiRlJWlbWo%3D,https://www.fidal.it/societa/ATLETICA-SANDRO-CALVESI/AO004
8.87,8.87,e,CAMILLI Federico,1993,JM,A.S.D. FRANCESCO FRANCIA,3 ba- 1,Modena,2012-02-05,https://www.fidal.it/atleta/CAMILLI-Federico/eqiRlZWncWw%3D,https://www.fidal.it/societa/A-S-D--FRANCESCO-FRANCIA/BO015
8.87,8.87,e,PARLANTE Andrea,1994,JM,MARATHON TRIESTE,4 fi- 1,Udine,2012-02-05,https://www.fidal.it/atleta/PARLANTE-Andrea/eauRkpmncGo%3D,https://www.fidal.it/societa/MARATHON-TRIESTE/TS044
8.87,8.87,e,FARAGONA Michele,1993,JM,A.S. LA FRATELLANZA 1874,8 sf- 2,Ancona,2012-02-18,https://www.fidal.it/atleta/FARAGONA-Michele/eqiRlpaoa2s%3D,https://www.fidal.it/societa/A-S--LA-FRATELLANZA-1874/MO052
8.88,8.88,e,FODERA' Gianluca,1994,JM,ASI INTESATLETICA,2 su- 1,Napoli Ponticelli,2012-01-22,https://www.fidal.it/atleta/FODERA-Gianluca/f6iRmJilbmQ%3D,https://www.fidal.it/societa/ASI-INTESATLETICA/LT260
8.88,8.88,e,VALLI Corrado,1993,JM,ATL. LECCO-COLOMBO COSTRUZ.,2 ba- 1,Saronno,2012-01-28,https://www.fidal.it/atleta/VALLI-Corrado/dquRkpSjaWg%3D,https://www.fidal.it/societa/ATL--LECCO-COLOMBO-COSTRUZ-/CO208
8.88,8.88,e,VALLI Corrado,1993,JM,ATL. LECCO-COLOMBO COSTRUZ.,3 ba- 2,Saronno,2012-02-04,https://www.fidal.it/atleta/VALLI-Corrado/dquRkpSjaWg%3D,https://www.fidal.it/societa/ATL--LECCO-COLOMBO-COSTRUZ-/CO208
8.89,8.89,e,RAMAGLIA Andrea,1994,JM,PRO PATRIA A.R.C. BUSTO A.,2 se- 1,Ancona,2012-01-29,https://www.fidal.it/atleta/RAMAGLIA-Andrea/drKRkpSjbGs%3D,https://www.fidal.it/societa/PRO-PATRIA-A-R-C--BUSTO-A-/VA121
8.89,8.89,e,SINISCALCHI Marco,1994,JM,CUS DEI LAGHI - ATL. VARESE,3 ba- 1,Saronno,2012-02-04,https://www.fidal.it/atleta/SINISCALCHI-Marco/dquRkpSmbWo%3D,https://www.fidal.it/societa/CUS-DEI-LAGHI-ATL--VARESE/VA123
8.89,8.89,e,GANDINI Mattia,1994,JM,ATL. RICCARDI MILANO,7 ba- 3,Ancona,2012-02-18,https://www.fidal.it/atleta/GANDINI-Mattia/dq2Rk5ilbWU%3D,https://www.fidal.it/societa/ATL--RICCARDI-MILANO/MI080
8.9,8.90,e,RAMAGLIA Andrea,1994,JM,PRO PATRIA A.R.C. BUSTO A.,4 ba- 2,Saronno,2012-02-04,https://www.fidal.it/atleta/RAMAGLIA-Andrea/drKRkpSjbGs%3D,https://www.fidal.it/societa/PRO-PATRIA-A-R-C--BUSTO-A-/VA121
8.9,8.90,e,MOTTA Aldo,1993,JM,G.S.A. BRUGHERIO,4 fi- 1,Saronno,2012-02-04,https://www.fidal.it/atleta/MOTTA-Aldo/dq2Rk5agbGQ%3D,https://www.fidal.it/societa/G-S-A--BRUGHERIO/MI116
8.9,8.90,e,PARLANTE Andrea,1994,JM,MARATHON TRIESTE,2 ba- 1,Udine,2012-02-05,https://www.fidal.it/atleta/PARLANTE-Andrea/eauRkpmncGo%3D,https://www.fidal.it/societa/MARATHON-TRIESTE/TS044
8.91,8.91,e,RIVARA Michele,1993,JM,C.U.S. PARMA,4 ba- 2,Modena,2012-03-11,https://www.fidal.it/atleta/RIVARA-Michele/eqiRlpqfbWw%3D,https://www.fidal.it/societa/C-U-S--PARMA/PR068
8.92,8.92,e,VALLI Corrado,1993,JM,ATL. LECCO-COLOMBO COSTRUZ.,5 fi- 1,Saronno,2012-02-04,https://www.fidal.it/atleta/VALLI-Corrado/dquRkpSjaWg%3D,https://www.fidal.it/societa/ATL--LECCO-COLOMBO-COSTRUZ-/CO208
8.92,8.92,e,BONORA Matteo,1994,JM,SILCA ULTRALITE VITTORIO V.TO,2 ba- 2,Padova,2012-02-11,https://www.fidal.it/atleta/BONORA-Matteo/eKyRkpeocGc%3D,https://www.fidal.it/societa/SILCA-ULTRALITE-VITTORIO-V-TO/TV348
8.93,8.93,e,ROSSI Andrea,1994,JM,ATL. BERGAMO 1959 CREBERG,6 fi- 1,Modena,2012-01-14,https://www.fidal.it/atleta/ROSSI-Andrea/dqmRl5Whb2w%3D,https://www.fidal.it/societa/ATL--BERGAMO-1959-CREBERG/BG003
8.93,8.93,e,MARRUCCELLA Michele,1993,JM,A.P.D. PARTENOPE ATL. LEGG.,2 fi- 1,Roma,2012-01-29,https://www.fidal.it/atleta/MARRUCCELLA-Michele/gKiRlZukbGU%3D,https://www.fidal.it/societa/A-P-D--PARTENOPE-ATL--LEGG-/NA069
8.93,8.93,e,BONORA Matteo,1994,JM,SILCA ULTRALITE VITTORIO V.TO,3 fi- 1,Padova,2012-02-11,https://www.fidal.it/atleta/BONORA-Matteo/eKyRkpeocGc%3D,https://www.fidal.it/societa/SILCA-ULTRALITE-VITTORIO-V-TO/TV348
8.94,8.94,e,VIDA Patrick,1994,JM,POLISPORTIVA TRIVENETO TRIESTE,1 se- 1,Pordenone,2012-01-28,https://www.fidal.it/atleta/VIDA-Patrick/eauRkpuhamQ%3D,https://www.fidal.it/societa/POLISPORTIVA-TRIVENETO-TRIESTE/TS099
8.94,8.94,e,SINISCALCHI Marco,1994,JM,CUS DEI LAGHI - ATL. VARESE,4 fi- 1,Saronno,2012-01-28,https://www.fidal.it/atleta/SINISCALCHI-Marco/dquRkpSmbWo%3D,https://www.fidal.it/societa/CUS-DEI-LAGHI-ATL--VARESE/VA123
8.95,8.95,e,FOSSO Roberto,1993,JM,ATL. STUDENTESCA CA.RI.RI,3 ba- 1,Roma,2012-01-29,https://www.fidal.it/atleta/FOSSO-Roberto/f6iRmJOib2o%3D,https://www.fidal.it/societa/ATL--STUDENTESCA-CA-RI-RI/RI223
8.96,8.96,e,LETIZIA Andrea,1994,JM,C.U.S. TORINO,4 ba- 1,Aosta,2012-01-22,https://www.fidal.it/atleta/LETIZIA-Andrea/dK6RlZKka2w%3D,https://www.fidal.it/societa/C-U-S--TORINO/TO001
8.96,8.96,e,FODERA' Gianluca,1994,JM,ASI INTESATLETICA,3 fi- 1,Roma,2012-01-29,https://www.fidal.it/atleta/FODERA-Gianluca/f6iRmJilbmQ%3D,https://www.fidal.it/societa/ASI-INTESATLETICA/LT260
8.96,8.96,e,SINISCALCHI Marco,1994,JM,CUS DEI LAGHI - ATL. VARESE,6 fi- 1,Saronno,2012-02-04,https://www.fidal.it/atleta/SINISCALCHI-Marco/dquRkpSmbWo%3D,https://www.fidal.it/societa/CUS-DEI-LAGHI-ATL--VARESE/VA123
8.96,8.96,e,COCIANCICH Moreno,1994,JM,PENTA SPORT TRIESTE,3 ba- 1,Udine,2012-02-05,https://www.fidal.it/atleta/COCIANCICH-Moreno/eauRkpqibGM%3D,https://www.fidal.it/societa/PENTA-SPORT-TRIESTE/TS095
8.97,8.97,e,VERONESE Nicola,1993,JM,FONDAZIONE M. BENTEGODI,2 ba- 1,Padova,2012-01-14,https://www.fidal.it/atleta/VERONESE-Nicola/eKAAARkpWnamU%3D,https://www.fidal.it/societa/FONDAZIONE-M--BENTEGODI/VR784
8.97,8.97,e,COCIANCICH Moreno,1994,JM,PENTA SPORT TRIESTE,3 ba- 2,Udine,2012-01-22,https://www.fidal.it/atleta/COCIANCICH-Moreno/eauRkpqibGM%3D,https://www.fidal.it/societa/PENTA-SPORT-TRIESTE/TS095
8.97,8.97,e,BAGNOLO Umberto,1994,JM,N.ATL. FANFULLA LODIGIANA,3 se- 1,Ancona,2012-01-29,https://www.fidal.it/atleta/BAGNOLO-Umberto/dq2Rk5umcGU%3D,https://www.fidal.it/societa/N-ATL--FANFULLA-LODIGIANA/MI218
8.97,8.97,e,MARRUCCELLA Michele,1993,JM,A.P.D. PARTENOPE ATL. LEGG.,4 ba- 1,Roma,2012-01-29,https://www.fidal.it/atleta/MARRUCCELLA-Michele/gKiRlZukbGU%3D,https://www.fidal.it/societa/A-P-D--PARTENOPE-ATL--LEGG-/NA069
8.97,8.97,e,GANDINI Mattia,1994,JM,ATL. RICCARDI MILANO,4 ba- 1,Saronno,2012-02-04,https://www.fidal.it/atleta/GANDINI-Mattia/dq2Rk5ilbWU%3D,https://www.fidal.it/societa/ATL--RICCARDI-MILANO/MI080
8.98,8.98,e,ROSSI Andrea,1994,JM,ATL. BERGAMO 1959 CREBERG,3 ba- 2,Modena,2012-01-14,https://www.fidal.it/atleta/ROSSI-Andrea/dqmRl5Whb2w%3D,https://www.fidal.it/societa/ATL--BERGAMO-1959-CREBERG/BG003
8.98,8.98,e,VIGNATI Mattia,1993,JM,ATL. RICCARDI MILANO,5 ba- 2,Saronno,2012-02-04,https://www.fidal.it/atleta/VIGNATI-Mattia/dq2Rk5KlaWQ%3D,https://www.fidal.it/societa/ATL--RICCARDI-MILANO/MI080
8.98,8.98,e,VANTINI Riccardo,1993,JM,FIAMME GIALLE G. SIMONI,3 ba- 2,Padova,2012-02-11,https://www.fidal.it/atleta/VANTINI-Riccardo/iaiRkpihcWg%3D,https://www.fidal.it/societa/FIAMME-GIALLE-G--SIMONI/RM057
8.99,8.99,e,SINISCALCHI Marco,1994,JM,CUS DEI LAGHI - ATL. VARESE,4 fi- 1,Modena,2012-01-21,https://www.fidal.it/atleta/SINISCALCHI-Marco/dquRkpSmbWo%3D,https://www.fidal.it/societa/CUS-DEI-LAGHI-ATL--VARESE/VA123
8.99,8.99,e,VIGNATI Mattia,1993,JM,ATL. RICCARDI MILANO,4 ba- 2,Saronno,2012-01-28,https://www.fidal.it/atleta/VIGNATI-Mattia/dq2Rk5KlaWQ%3D,https://www.fidal.it/societa/ATL--RICCARDI-MILANO/MI080
8.99,8.99,e,PARLANTE Andrea,1994,JM,MARATHON TRIESTE,4 se- 2,Pordenone,2012-01-28,https://www.fidal.it/atleta/PARLANTE-Andrea/eauRkpmncGo%3D,https://www.fidal.it/societa/MARATHON-TRIESTE/TS044
8.99,8.99,e,VALLI Corrado,1993,JM,ATL. LECCO-COLOMBO COSTRUZ.,5 fi- 1,Saronno,2012-01-28,https://www.fidal.it/atleta/VALLI-Corrado/dquRkpSjaWg%3D,https://www.fidal.it/societa/ATL--LECCO-COLOMBO-COSTRUZ-/CO208
8.99,8.99,e,FANTINI Gabriele,1994,JM,ATLETICA VALSESIA,3 ba- 1,Aosta,2012-02-05,https://www.fidal.it/atleta/FANTINI-Gabriele/dKAAARlJKfamw%3D,https://www.fidal.it/societa/ATLETICA-VALSESIA/VC045
9.0,9.00,e,MARRUCCELLA Michele,1993,JM,A.P.D. PARTENOPE ATL. LEGG.,1 se- 1,Napoli Ponticelli,2012-01-07,https://www.fidal.it/atleta/MARRUCCELLA-Michele/gKiRlZukbGU%3D,https://www.fidal.it/societa/A-P-D--PARTENOPE-ATL--LEGG-/NA069
9.0,9.00,e,RAMAGLIA Andrea,1994,JM,PRO PATRIA A.R.C. BUSTO A.,2 se- 1,Saronno,2012-01-14,https://www.fidal.it/atleta/RAMAGLIA-Andrea/drKRkpSjbGs%3D,https://www.fidal.it/societa/PRO-PATRIA-A-R-C--BUSTO-A-/VA121
9.0,9.00,e,DE MARCHI Davide,1994,JM,ATL. BERGAMO 1959 CREBERG,3 ba- 1,Modena,2012-01-21,https://www.fidal.it/atleta/DE-MARCHI-Davide/dqmRl5WmcGo%3D,https://www.fidal.it/societa/ATL--BERGAMO-1959-CREBERG/BG003
9.0,9.00,e,PARLANTE Andrea,1994,JM,MARATHON TRIESTE,4 ba- 2,Udine,2012-01-22,https://www.fidal.it/atleta/PARLANTE-Andrea/eauRkpmncGo%3D,https://www.fidal.it/societa/MARATHON-TRIESTE/TS044
9.0,9.00,e,VANTINI Riccardo,1993,JM,FIAMME GIALLE G. SIMONI,1 ba- 1,Pergine Valsugana,2012-02-04,https://www.fidal.it/atleta/VANTINI-Riccardo/iaiRkpihcWg%3D,https://www.fidal.it/societa/FIAMME-GIALLE-G--SIMONI/RM057
9.01,9.01,e,FOSSO Roberto,1993,JM,ATL. STUDENTESCA CA.RI.RI,4 fi- 1,Roma,2012-01-29,https://www.fidal.it/atleta/FOSSO-Roberto/f6iRmJOib2o%3D,https://www.fidal.it/societa/ATL--STUDENTESCA-CA-RI-RI/RI223
9.01,9.01,e,SCORTECCIA Filippo,1994,JM,PROSPORT ATL. FIRENZE,4 se- 1,Ancona,2012-01-29,https://www.fidal.it/atleta/SCORTECCIA-Filippo/faiSkpulbmQ%3D,https://www.fidal.it/societa/PROSPORT-ATL--FIRENZE/FI009
9.01,9.01,e,VANTINI Riccardo,1993,JM,FIAMME GIALLE G. SIMONI,2 fi- 2,Padova,2012-02-11,https://www.fidal.it/atleta/VANTINI-Riccardo/iaiRkpihcWg%3D,https://www.fidal.it/societa/FIAMME-GIALLE-G--SIMONI/RM057
9.01,9.01,e,CAMPELLO Marco,1994,JM,ATLETICA PORDENONE,5 ba- 4,Ancona,2012-02-18,https://www.fidal.it/atleta/CAMPELLO-Marco/eaqRkpmnbmU%3D,https://www.fidal.it/societa/ATLETICA-PORDENONE/PN021
9.02,9.02,e,FODERA' Gianluca,1994,JM,ASI INTESATLETICA,3 ba- 1,Roma,2012-01-15,https://www.fidal.it/atleta/FODERA-Gianluca/f6iRmJilbmQ%3D,https://www.fidal.it/societa/ASI-INTESATLETICA/LT260
9.02,9.02,e,VIDA Patrick,1994,JM,POLISPORTIVA TRIVENETO TRIESTE,4 ba- 1,Udine,2012-02-05,https://www.fidal.it/atleta/VIDA-Patrick/eauRkpuhamQ%3D,https://www.fidal.it/societa/POLISPORTIVA-TRIVENETO-TRIESTE/TS099
9.03,9.03,e,BAGNOLO Umberto,1994,JM,N.ATL. FANFULLA LODIGIANA,4 ba- 1,Modena,2012-01-21,https://www.fidal.it/atleta/BAGNOLO-Umberto/dq2Rk5umcGU%3D,https://www.fidal.it/societa/N-ATL--FANFULLA-LODIGIANA/MI218
9.03,9.03,e,COCIANCICH Moreno,1994,JM,PENTA SPORT TRIESTE,5 fi- 1,Udine,2012-01-22,https://www.fidal.it/atleta/COCIANCICH-Moreno/eauRkpqibGM%3D,https://www.fidal.it/societa/PENTA-SPORT-TRIESTE/TS095
9.03,9.03,e,DELIGIOS Federico,1994,JM,ATLETICA SANDRO CALVESI,5 fi- 1,Aosta,2012-01-22,https://www.fidal.it/atleta/DELIGIOS-Federico/jKiRlJWmaGo%3D,https://www.fidal.it/societa/ATLETICA-SANDRO-CALVESI/AO004
9.03,9.03,e,VANTINI Riccardo,1993,JM,FIAMME GIALLE G. SIMONI,6 ba- 4,Ancona,2012-02-18,https://www.fidal.it/atleta/VANTINI-Riccardo/iaiRkpihcWg%3D,https://www.fidal.it/societa/FIAMME-GIALLE-G--SIMONI/RM057
9.03,9.03,e,CAMILLI Federico,1993,JM,A.S.D. FRANCESCO FRANCIA,3 fi- 2,Modena,2012-03-11,https://www.fidal.it/atleta/CAMILLI-Federico/eqiRlZWncWw%3D,https://www.fidal.it/societa/A-S-D--FRANCESCO-FRANCIA/BO015
9.04,9.04,e,FODERA' Gianluca,1994,JM,ASI INTESATLETICA,3 fi- 1,Roma,2012-01-15,https://www.fidal.it/atleta/FODERA-Gianluca/f6iRmJilbmQ%3D,https://www.fidal.it/societa/ASI-INTESATLETICA/LT260
9.04,9.04,e,PAROVEL Andrea,1993,JM,PENTA SPORT TRIESTE,5 fi- 1,Udine,2012-02-05,https://www.fidal.it/atleta/PAROVEL-Andrea/eauRkpmlaGw%3D,https://www.fidal.it/societa/PENTA-SPORT-TRIESTE/TS095
9.05,9.05,e,SINISCALCHI Marco,1994,JM,CUS DEI LAGHI - ATL. VARESE,5 ba- 1,Modena,2012-01-21,https://www.fidal.it/atleta/SINISCALCHI-Marco/dquRkpSmbWo%3D,https://www.fidal.it/societa/CUS-DEI-LAGHI-ATL--VARESE/VA123
9.05,9.05,e,PARLANTE Andrea,1994,JM,MARATHON TRIESTE,6 fi- 1,Udine,2012-01-22,https://www.fidal.it/atleta/PARLANTE-Andrea/eauRkpmncGo%3D,https://www.fidal.it/societa/MARATHON-TRIESTE/TS044
9.05,9.05,e,MARAZZI Nicholas,1994,JM,U.S. ALBATESE,3 ba- 1,Saronno,2012-01-28,https://www.fidal.it/atleta/MARAZZI-Nicholas/dquRkpmjaGQ%3D,https://www.fidal.it/societa/U-S--ALBATESE/CO546
9.05,9.05,e,GHIRARDELLI Nicola,1994,JM,ATL. LECCO-COLOMBO COSTRUZ.,5 se- 1,Ancona,2012-01-29,https://www.fidal.it/atleta/GHIRARDELLI-Nicola/dquRkpWkbms%3D,https://www.fidal.it/societa/ATL--LECCO-COLOMBO-COSTRUZ-/CO208
9.05,9.05,e,CAMPELLO Marco,1994,JM,ATLETICA PORDENONE,2 ba- 1,Padova,2012-02-11,https://www.fidal.it/atleta/CAMPELLO-Marco/eaqRkpmnbmU%3D,https://www.fidal.it/societa/ATLETICA-PORDENONE/PN021
9.05,9.05,e,CAMILLI Federico,1993,JM,A.S.D. FRANCESCO FRANCIA,5 ba- 2,Modena,2012-03-11,https://www.fidal.it/atleta/CAMILLI-Federico/eqiRlZWncWw%3D,https://www.fidal.it/societa/A-S-D--FRANCESCO-FRANCIA/BO015
9.06,9.06,e,GANDINI Mattia,1994,JM,ATL. RICCARDI MILANO,5 ba- 2,Saronno,2012-01-28,https://www.fidal.it/atleta/GANDINI-Mattia/dq2Rk5ilbWU%3D,https://www.fidal.it/societa/ATL--RICCARDI-MILANO/MI080
9.06,9.06,e,VANTINI Riccardo,1993,JM,FIAMME GIALLE G. SIMONI,1 fi- 1,Pergine Valsugana,2012-02-04,https://www.fidal.it/atleta/VANTINI-Riccardo/iaiRkpihcWg%3D,https://www.fidal.it/societa/FIAMME-GIALLE-G--SIMONI/RM057
9.06,9.06,e,CAMILLI Federico,1993,JM,A.S.D. FRANCESCO FRANCIA,3 fi- 1,Modena,2012-02-05,https://www.fidal.it/atleta/CAMILLI-Federico/eqiRlZWncWw%3D,https://www.fidal.it/societa/A-S-D--FRANCESCO-FRANCIA/BO015
9.07,9.07,e,CAMILLI Federico,1993,JM,A.S.D. FRANCESCO FRANCIA,2 ba- 1,Ancona,2012-01-15,https://www.fidal.it/atleta/CAMILLI-Federico/eqiRlZWncWw%3D,https://www.fidal.it/societa/A-S-D--FRANCESCO-FRANCIA/BO015
9.07,9.07,e,DELIGIOS Federico,1994,JM,ATLETICA SANDRO CALVESI,5 ba- 1,Aosta,2012-01-22,https://www.fidal.it/atleta/DELIGIOS-Federico/jKiRlJWmaGo%3D,https://www.fidal.it/societa/ATLETICA-SANDRO-CALVESI/AO004
9.07,9.07,e,CAMPELLO Marco,1994,JM,ATLETICA PORDENONE,5 ba- 1,Udine,2012-02-05,https://www.fidal.it/atleta/CAMPELLO-Marco/eaqRkpmnbmU%3D,https://www.fidal.it/societa/ATLETICA-PORDENONE/PN021
9.07,9.07,e,COCIANCICH Moreno,1994,JM,PENTA SPORT TRIESTE,6 fi- 1,Udine,2012-02-05,https://www.fidal.it/atleta/COCIANCICH-Moreno/eauRkpqibGM%3D,https://www.fidal.it/societa/PENTA-SPORT-TRIESTE/TS095
9.09,9.09,e,CAMPELLO Marco,1994,JM,ATLETICA PORDENONE,2 se- 1,Pordenone,2012-01-28,https://www.fidal.it/atleta/CAMPELLO-Marco/eaqRkpmnbmU%3D,https://www.fidal.it/societa/ATLETICA-PORDENONE/PN021
9.09,9.09,e,VIGNATI Mattia,1993,JM,ATL. RICCARDI MILANO,6 fi- 1,Saronno,2012-01-28,https://www.fidal.it/atleta/VIGNATI-Mattia/dq2Rk5KlaWQ%3D,https://www.fidal.it/societa/ATL--RICCARDI-MILANO/MI080
9.1,9.10,e,CALAON Davide,1994,JM,C.U.S. TORINO,3 fi- 1,Aosta,2012-02-05,https://www.fidal.it/atleta/CALAON-Davide/dK6RlZqibWc%3D,https://www.fidal.it/societa/C-U-S--TORINO/TO001
9.11,9.11,e,FANTINI Gabriele,1994,JM,ATLETICA VALSESIA,4 fi- 1,Aosta,2012-02-05,https://www.fidal.it/atleta/FANTINI-Gabriele/dKAAARlJKfamw%3D,https://www.fidal.it/societa/ATLETICA-VALSESIA/VC045
9.11,9.11,e,DEL GIUDICE Filippo,1994,JM,ATLETICA UDINESE MALIGNANI,7 fi- 1,Udine,2012-02-05,https://www.fidal.it/atleta/DEL-GIUDICE-Filippo/eayRkpuoa2w%3D,https://www.fidal.it/societa/ATLETICA-UDINESE-MALIGNANI/UD030
9.12,9.12,e,BAGNOLO Umberto,1994,JM,N.ATL. FANFULLA LODIGIANA,3 se- 1,Saronno,2012-01-14,https://www.fidal.it/atleta/BAGNOLO-Umberto/dq2Rk5umcGU%3D,https://www.fidal.it/societa/N-ATL--FANFULLA-LODIGIANA/MI218
9.12,9.12,e,AMORUSI Matteo,1994,JM,ATL. STUDENTESCA CA.RI.RI,4 fi- 1,Roma,2012-01-15,https://www.fidal.it/atleta/AMORUSI-Matteo/f6yRkpOjaWg%3D,https://www.fidal.it/societa/ATL--STUDENTESCA-CA-RI-RI/RI223
9.12,9.12,e,FANTINI Gabriele,1994,JM,ATLETICA VALSESIA,3 se- 2,Ancona,2012-01-29,https://www.fidal.it/atleta/FANTINI-Gabriele/dKAAARlJKfamw%3D,https://www.fidal.it/societa/ATLETICA-VALSESIA/VC045
9.13,9.13,e,CAMILLI Federico,1993,JM,A.S.D. FRANCESCO FRANCIA,6 se- 1,Ancona,2012-01-29,https://www.fidal.it/atleta/CAMILLI-Federico/eqiRlZWncWw%3D,https://www.fidal.it/societa/A-S-D--FRANCESCO-FRANCIA/BO015
9.14,9.14,e,CAMILLI Federico,1993,JM,A.S.D. FRANCESCO FRANCIA,2 fi- 1,Ancona,2012-01-08,https://www.fidal.it/atleta/CAMILLI-Federico/eqiRlZWncWw%3D,https://www.fidal.it/societa/A-S-D--FRANCESCO-FRANCIA/BO015
9.14,9.14,e,DEL GIUDICE Filippo,1994,JM,ATLETICA UDINESE MALIGNANI,3 se- 1,Pordenone,2012-01-28,https://www.fidal.it/atleta/DEL-GIUDICE-Filippo/eayRkpuoa2w%3D,https://www.fidal.it/societa/ATLETICA-UDINESE-MALIGNANI/UD030
9.14,9.14,e,CALAON Davide,1994,JM,C.U.S. TORINO,4 ba- 1,Aosta,2012-02-05,https://www.fidal.it/atleta/CALAON-Davide/dK6RlZqibWc%3D,https://www.fidal.it/societa/C-U-S--TORINO/TO001
9.14,9.14,e,CALAON Davide,1994,JM,C.U.S. TORINO,2 ba- 1,Bra,2012-02-11,https://www.fidal.it/atleta/CALAON-Davide/dK6RlZqibWc%3D,https://www.fidal.it/societa/C-U-S--TORINO/TO001
9.14,9.14,e,VERGINER Alex,1994,JM,ATLETICA GHERDEINA RAIFFEISEN,2 se- 1,Muenchen,2012-02-11,https://www.fidal.it/atleta/VERGINER-Alex/iaiRkpmfamQ%3D,https://www.fidal.it/societa/ATLETICA-GHERDEINA-RAIFFEISEN/BZ050
9.15,9.15,e,MALMUSI Luca,1994,JM,MODENA ATLETICA,4 ba- 1,Modena,2012-01-14,https://www.fidal.it/atleta/MALMUSI-Luca/eqiRlZmnamo%3D,https://www.fidal.it/societa/MODENA-ATLETICA/MO497
9.15,9.15,e,AMORUSI Matteo,1994,JM,ATL. STUDENTESCA CA.RI.RI,5 fi- 1,Roma,2012-01-29,https://www.fidal.it/atleta/AMORUSI-Matteo/f6yRkpOjaWg%3D,https://www.fidal.it/societa/ATL--STUDENTESCA-CA-RI-RI/RI223
9.15,9.15,e,PAROVEL Andrea,1993,JM,PENTA SPORT TRIESTE,6 ba- 1,Udine,2012-02-05,https://www.fidal.it/atleta/PAROVEL-Andrea/eauRkpmlaGw%3D,https://www.fidal.it/societa/PENTA-SPORT-TRIESTE/TS095
9.16,9.16,e,ZANATO Samir,1994,JM,ASSOCIAZIONE ATLETICA N.E.VI.,3 ba- 1,Padova,2012-01-14,https://www.fidal.it/atleta/ZANATO-Samir/eK6RkpKkbmo%3D,https://www.fidal.it/societa/ASSOCIAZIONE-ATLETICA-N-E-VI-/VI623
9.17,9.17,e,CAMILLI Federico,1993,JM,A.S.D. FRANCESCO FRANCIA,2 ba- 1,Ancona,2012-01-08,https://www.fidal.it/atleta/CAMILLI-Federico/eqiRlZWncWw%3D,https://www.fidal.it/societa/A-S-D--FRANCESCO-FRANCIA/BO015
9.21,9.21,e,GASPARI Edoardo,1994,JM,EDERA ATL. FORLI,1 su- 1,Ancona,2012-01-15,https://www.fidal.it/atleta/GASPARI-Edoardo/eqiRlZiocGg%3D,https://www.fidal.it/societa/EDERA-ATL--FORLI/FC038
9.21,9.21,e,CALAON Davide,1994,JM,C.U.S. TORINO,1 fi- 1,Aosta,2012-01-28,https://www.fidal.it/atleta/CALAON-Davide/dK6RlZqibWc%3D,https://www.fidal.it/societa/C-U-S--TORINO/TO001
9.21,9.21,e,DEL GIUDICE Filippo,1994,JM,ATLETICA UDINESE MALIGNANI,7 ba- 1,Udine,2012-02-05,https://www.fidal.it/atleta/DEL-GIUDICE-Filippo/eayRkpuoa2w%3D,https://www.fidal.it/societa/ATLETICA-UDINESE-MALIGNANI/UD030
9.21,9.21,e,FOSSO Roberto,1993,JM,ATL. STUDENTESCA CA.RI.RI,1 su- 1,Rieti,2012-02-13,https://www.fidal.it/atleta/FOSSO-Roberto/f6iRmJOib2o%3D,https://www.fidal.it/societa/ATL--STUDENTESCA-CA-RI-RI/RI223
9.22,9.22,e,CAMILLI Federico,1993,JM,A.S.D. FRANCESCO FRANCIA,2 fi- 1,Ancona,2012-01-15,https://www.fidal.it/atleta/CAMILLI-Federico/eqiRlZWncWw%3D,https://www.fidal.it/societa/A-S-D--FRANCESCO-FRANCIA/BO015
9.22,9.22,e,SCORTECCIA Filippo,1994,JM,PROSPORT ATL. FIRENZE,1 su- 1,Firenze,2012-01-22,https://www.fidal.it/atleta/SCORTECCIA-Filippo/faiSkpulbmQ%3D,https://www.fidal.it/societa/PROSPORT-ATL--FIRENZE/FI009
9.22,9.22,e,DELIGIOS Federico,1994,JM,ATLETICA SANDRO CALVESI,5 fi- 1,Aosta,2012-02-05,https://www.fidal.it/atleta/DELIGIOS-Federico/jKiRlJWmaGo%3D,https://www.fidal.it/societa/ATLETICA-SANDRO-CALVESI/AO004
9.24,9.24,e,GHIRARDELLI Nicola,1994,JM,ATL. LECCO-COLOMBO COSTRUZ.,1 se- 2,Saronno,2012-01-14,https://www.fidal.it/atleta/GHIRARDELLI-Nicola/dquRkpWkbms%3D,https://www.fidal.it/societa/ATL--LECCO-COLOMBO-COSTRUZ-/CO208
9.24,9.24,e,AMORUSI Matteo,1994,JM,ATL. STUDENTESCA CA.RI.RI,5 ba- 1,Roma,2012-01-29,https://www.fidal.it/atleta/AMORUSI-Matteo/f6yRkpOjaWg%3D,https://www.fidal.it/societa/ATL--STUDENTESCA-CA-RI-RI/RI223
9.25,9.25,e,AMORUSI Matteo,1994,JM,ATL. STUDENTESCA CA.RI.RI,4 ba- 1,Roma,2012-01-15,https://www.fidal.it/atleta/AMORUSI-Matteo/f6yRkpOjaWg%3D,https://www.fidal.it/societa/ATL--STUDENTESCA-CA-RI-RI/RI223
9.25,9.25,e,CALAON Davide,1994,JM,C.U.S. TORINO,2 fi- 1,Bra,2012-02-11,https://www.fidal.it/atleta/CALAON-Davide/dK6RlZqibWc%3D,https://www.fidal.it/societa/C-U-S--TORINO/TO001
9.25,9.25,e,LELLI Simone,1994,JM,ATL. STUDENTESCA CA.RI.RI,2 su- 1,Rieti,2012-02-13,https://www.fidal.it/atleta/LELLI-Simone/f6iRmZSlamw%3D,https://www.fidal.it/societa/ATL--STUDENTESCA-CA-RI-RI/RI223
9.28,9.28,e,GATTI Mattia,1994,JM,ASSOCIAZIONE ATLETICA N.E.VI.,4 ba- 1,Padova,2012-01-14,https://www.fidal.it/atleta/GATTI-Mattia/eK6RkpSfaWU%3D,https://www.fidal.it/societa/ASSOCIAZIONE-ATLETICA-N-E-VI-/VI623
9.28,9.28,e,SCORTECCIA Filippo,1994,JM,PROSPORT ATL. FIRENZE,2 su- 1,Ancona,2012-01-15,https://www.fidal.it/atleta/SCORTECCIA-Filippo/faiSkpulbmQ%3D,https://www.fidal.it/societa/PROSPORT-ATL--FIRENZE/FI009
9.28,9.28,e,DALLA COSTA Diego,1994,JM,ATLETICA PORDENONE,3 ba- 1,Udine,2012-01-22,https://www.fidal.it/atleta/DALLA-COSTA-Diego/eaqRkpmnbWs%3D,https://www.fidal.it/societa/ATLETICA-PORDENONE/PN021
9.29,9.29,e,ZANATO Samir,1994,JM,ASSOCIAZIONE ATLETICA N.E.VI.,3 ba- 1,Padova,2012-02-11,https://www.fidal.it/atleta/ZANATO-Samir/eK6RkpKkbmo%3D,https://www.fidal.it/societa/ASSOCIAZIONE-ATLETICA-N-E-VI-/VI623
9.31,9.31,e,GATTI Mattia,1994,JM,ASSOCIAZIONE ATLETICA N.E.VI.,2 fi- 1,Padova,2012-01-14,https://www.fidal.it/atleta/GATTI-Mattia/eK6RkpSfaWU%3D,https://www.fidal.it/societa/ASSOCIAZIONE-ATLETICA-N-E-VI-/VI623
9.31,9.31,e,ZANATO Samir,1994,JM,ASSOCIAZIONE ATLETICA N.E.VI.,3 fi- 1,Padova,2012-01-14,https://www.fidal.it/atleta/ZANATO-Samir/eK6RkpKkbmo%3D,https://www.fidal.it/societa/ASSOCIAZIONE-ATLETICA-N-E-VI-/VI623
9.31,9.31,e,SCARABELLO Luca,1994,JM,FONDAZIONE M. BENTEGODI,5 fi- 1,Modena,2012-01-21,https://www.fidal.it/atleta/SCARABELLO-Luca/eKAAARkpSmcWo%3D,https://www.fidal.it/societa/FONDAZIONE-M--BENTEGODI/VR784
9.33,9.33,e,GASPARIN Alberto,1993,JM,ATLETICA BRUGNERA FRIULINTAGLI,2 su- 1,Pordenone,2012-01-15,https://www.fidal.it/atleta/GASPARIN-Alberto/eaqRkpmjaWk%3D,https://www.fidal.it/societa/ATLETICA-BRUGNERA-FRIULINTAGLI/PN039
9.33,9.33,e,SOTTILE Davide,1994,JM,ATLETICA VALSESIA,4 se- 2,Ancona,2012-01-29,https://www.fidal.it/atleta/SOTTILE-Davide/dKAAARk5qga2M%3D,https://www.fidal.it/societa/ATLETICA-VALSESIA/VC045
9.36,9.36,e,D'ANTONIO Mario,1973,SM35,LAGARINA CRUS TEAM,2 se- 9,Ancona,2012-03-09,https://www.fidal.it/atleta/D-ANTONIO-Mario/d6iRkpKgbWw%3D,https://www.fidal.it/societa/LAGARINA-CRUS-TEAM/TN131
9.37,9.37,e,SCARABELLO Luca,1994,JM,FONDAZIONE M. BENTEGODI,4 ba- 2,Modena,2012-01-14,https://www.fidal.it/atleta/SCARABELLO-Luca/eKAAARkpSmcWo%3D,https://www.fidal.it/societa/FONDAZIONE-M--BENTEGODI/VR784
9.38,9.38,e,DELIGIOS Federico,1994,JM,ATLETICA SANDRO CALVESI,5 ba- 1,Aosta,2012-02-05,https://www.fidal.it/atleta/DELIGIOS-Federico/jKiRlJWmaGo%3D,https://www.fidal.it/societa/ATLETICA-SANDRO-CALVESI/AO004
9.39,9.39,e,STRATTA Lorenzo,1994,JM,S.S. VITTORIO ALFIERI ASTI,5 se- 2,Ancona,2012-01-29,https://www.fidal.it/atleta/STRATTA-Lorenzo/dKuRk5efa2U%3D,https://www.fidal.it/societa/S-S--VITTORIO-ALFIERI-ASTI/AT001
9.39,9.39,e,MARAZZI Nicholas,1994,JM,U.S. ALBATESE,6 ba- 1,Saronno,2012-02-04,https://www.fidal.it/atleta/MARAZZI-Nicholas/dquRkpmjaGQ%3D,https://www.fidal.it/societa/U-S--ALBATESE/CO546
9.43,9.43,e,METELLI Giulio,1993,JM,2S ATLETICA SPOLETO,3 ba- 1,Ancona,2012-01-08,https://www.fidal.it/atleta/METELLI-Giulio/fqiRk5uicGo%3D,https://www.fidal.it/societa/2S-ATLETICA-SPOLETO/PG034
9.44,9.44,e,METELLI Giulio,1993,JM,2S ATLETICA SPOLETO,3 fi- 1,Ancona,2012-01-08,https://www.fidal.it/atleta/METELLI-Giulio/fqiRk5uicGo%3D,https://www.fidal.it/societa/2S-ATLETICA-SPOLETO/PG034
9.48,9.48,e,NUGARA Marco,1994,JM,O.S.A. SARONNO LIB.,2 se- 2,Saronno,2012-01-14,https://www.fidal.it/atleta/NUGARA-Marco/drKRkpeia2Q%3D,https://www.fidal.it/societa/O-S-A--SARONNO-LIB-/VA119
9.5,9.50,e,SALIS Andrea ulisse,1994,JM,ATLETICA MONZA,3 se- 2,Saronno,2012-01-14,https://www.fidal.it/atleta/SALIS-Andrea-ulisse/dq2Rk5SgcWw%3D,https://www.fidal.it/societa/ATLETICA-MONZA/MI710
9.5,9.50,e,DI GIOIA Antonio,1994,JM,ASD ENTERPRISE SPORT & SERVICE,3 su- 1,Napoli Ponticelli,2012-01-22,https://www.fidal.it/atleta/DI-GIOIA-Antonio/hKuRkpKfb2o%3D,https://www.fidal.it/societa/ASD-ENTERPRISE-SPORT-&-SERVICE/AV208
9.51,9.51,e,LETIZIA Andrea,1994,JM,C.U.S. TORINO,5 ba- 1,Ancona,2012-02-18,https://www.fidal.it/atleta/LETIZIA-Andrea/dK6RlZKka2w%3D,https://www.fidal.it/societa/C-U-S--TORINO/TO001
9.52,9.52,e,D'ANDREA Arturo,1994,JM,CUS URBINO,3 fi- 1,Ancona,2012-01-15,https://www.fidal.it/atleta/D-ANDREA-Arturo/e6yRkpKlaGw%3D,https://www.fidal.it/societa/CUS-URBINO/PU003
9.62,9.62,e,NUGARA Marco,1994,JM,O.S.A. SARONNO LIB.,4 ba- 1,Saronno,2012-01-28,https://www.fidal.it/atleta/NUGARA-Marco/drKRkpeia2Q%3D,https://www.fidal.it/societa/O-S-A--SARONNO-LIB-/VA119
9.65,9.65,e,PEDRONI Filippo,1993,JM,CREMONA SPORTIVA ATL. ARVEDI,6 ba- 2,Saronno,2012-02-04,https://www.fidal.it/atleta/PEDRONI-Filippo/dqyRlpmha2s%3D,https://www.fidal.it/societa/CREMONA-SPORTIVA-ATL--ARVEDI/CR041
9.66,9.66,e,CATTEL Diego,1994,JM,SISPORT FIAT,4 se- 1,Saronno,2012-01-14,https://www.fidal.it/atleta/CATTEL-Diego/dK6RlZekcGY%3D,https://www.fidal.it/societa/SISPORT-FIAT/TO002
9.79,9.79,e,CAMPELLO Marco,1994,JM,ATLETICA PORDENONE,3 su- 1,Pordenone,2012-01-15,https://www.fidal.it/atleta/CAMPELLO-Marco/eaqRkpmnbmU%3D,https://www.fidal.it/societa/ATLETICA-PORDENONE/PN021
9.8,9.80,e,CALAON Davide,1994,JM,C.U.S. TORINO,1 ba- 1,Aosta,2012-01-28,https://www.fidal.it/atleta/CALAON-Davide/dK6RlZqibWc%3D,https://www.fidal.it/societa/C-U-S--TORINO/TO001
9.81,9.81,e,DI GIOIA Antonio,1994,JM,ASD ENTERPRISE SPORT & SERVICE,1 su- 1,Napoli Ponticelli,2012-01-08,https://www.fidal.it/atleta/DI-GIOIA-Antonio/hKuRkpKfb2o%3D,https://www.fidal.it/societa/ASD-ENTERPRISE-SPORT-&-SERVICE/AV208
9.81,9.81,e,DI GIOIA Antonio,1994,JM,ASD ENTERPRISE SPORT & SERVICE,6 se- 2,Ancona,2012-01-29,https://www.fidal.it/atleta/DI-GIOIA-Antonio/hKuRkpKfb2o%3D,https://www.fidal.it/societa/ASD-ENTERPRISE-SPORT-&-SERVICE/AV208
9.9,9.90,e,D'ANDREA Arturo,1994,JM,CUS URBINO,3 ba- 1,Ancona,2012-01-15,https://www.fidal.it/atleta/D-ANDREA-Arturo/e6yRkpKlaGw%3D,https://www.fidal.it/societa/CUS-URBINO/PU003
9.9,9.90,e,SCARABELLO Luca,1994,JM,FONDAZIONE M. BENTEGODI,6 ba- 1,Modena,2012-01-21,https://www.fidal.it/atleta/SCARABELLO-Luca/eKAAARkpSmcWo%3D,https://www.fidal.it/societa/FONDAZIONE-M--BENTEGODI/VR784
9.98,9.98,e,STRATTA Lorenzo,1994,JM,S.S. VITTORIO ALFIERI ASTI,5 se- 1,Saronno,2012-01-14,https://www.fidal.it/atleta/STRATTA-Lorenzo/dKuRk5efa2U%3D,https://www.fidal.it/societa/S-S--VITTORIO-ALFIERI-ASTI/AT001
10.07,10.07,e,METELLI Giulio,1993,JM,2S ATLETICA SPOLETO,3 su- 1,Ancona,2012-01-15,https://www.fidal.it/atleta/METELLI-Giulio/fqiRk5uicGo%3D,https://www.fidal.it/societa/2S-ATLETICA-SPOLETO/PG034
10.15,10.15,e,MAIZZI Alessandro,1994,JM,TECNO ADRIATLETICA MARCHE,4 ba- 1,Ancona,2012-01-08,https://www.fidal.it/atleta/MAIZZI-Alessandro/e6qRkpOkbGU%3D,https://www.fidal.it/societa/TECNO-ADRIATLETICA-MARCHE/AP050
10.19,10.19,e,DEL GIUDICE Filippo,1994,JM,ATLETICA UDINESE MALIGNANI,4 ba- 1,Udine,2012-01-22,https://www.fidal.it/atleta/DEL-GIUDICE-Filippo/eayRkpuoa2w%3D,https://www.fidal.it/societa/ATLETICA-UDINESE-MALIGNANI/UD030
10.22,10.22,e,SIMONETTI Domenico,1994,JM,A.S.D. AGG. HINNA,2 su- 1,Napoli Ponticelli,2012-01-08,https://www.fidal.it/atleta/SIMONETTI-Domenico/gKyRkpOgamU%3D,https://www.fidal.it/societa/A-S-D--AGG--HINNA/NA014
10.33,10.33,e,PALMAS Marco,1994,JM,C.U.S. CAGLIARI,2 ba- 1,Iglesias,2012-01-22,https://www.fidal.it/atleta/PALMAS-Marco/iKmRkpajbGs%3D,https://www.fidal.it/societa/C-U-S--CAGLIARI/CA001
10.38,10.38,e,FERLAUTO Alberto,1994,JM,S.S. VITTORIO ALFIERI ASTI,4 se- 2,Saronno,2012-01-14,https://www.fidal.it/atleta/FERLAUTO-Alberto/dKuRk5alaWc%3D,https://www.fidal.it/societa/S-S--VITTORIO-ALFIERI-ASTI/AT001
10.63,10.63,e,COLOMBO Patrizio,1994,JM,ASSI GIGLIO ROSSO FIRENZE,2 su- 1,Firenze,2012-01-22,https://www.fidal.it/atleta/COLOMBO-Patrizio/faiSk5OobGU%3D,https://www.fidal.it/societa/ASSI-GIGLIO-ROSSO-FIRENZE/FI001
10.63,10.63,e,VIDA Patrick,1994,JM,POLISPORTIVA TRIVENETO TRIESTE,8 fi- 1,Udine,2012-01-22,https://www.fidal.it/atleta/VIDA-Patrick/eauRkpuhamQ%3D,https://www.fidal.it/societa/POLISPORTIVA-TRIVENETO-TRIESTE/TS099
10.89,10.89,e,FODERA' Gianluca,1994,JM,ASI INTESATLETICA,6 ba- 1,Ancona,2012-02-18,https://www.fidal.it/atleta/FODERA-Gianluca/f6iRmJilbmQ%3D,https://www.fidal.it/societa/ASI-INTESATLETICA/LT260
11.52,11.52,e,GALDI Elia,1994,JM,A.S.D. C.U.S. SALERNO,4 su- 1,Napoli Ponticelli,2012-01-22,https://www.fidal.it/atleta/GALDI-Elia/gK2RkpKgaWY%3D,https://www.fidal.it/societa/A-S-D--C-U-S--SALERNO/SA265
11.63,11.63,e,MALTONI Leonardo,1994,JM,EDERA ATL. FORLI,4 su- 1,Ancona,2012-01-15,https://www.fidal.it/atleta/MALTONI-Leonardo/eqiRlpSocWs%3D,https://www.fidal.it/societa/EDERA-ATL--FORLI/FC038
11.95,11.95,e,TOZZI Stefano,1970,SM40,ACSI CAMPIDOGLIO PALATINO,6 se- 8,Ancona,2012-03-09,https://www.fidal.it/atleta/TOZZI-Stefano/f6iRl5SmbWU%3D,https://www.fidal.it/societa/ACSI-CAMPIDOGLIO-PALATINO/RM046
7.86,7.86,e,PERINI Lorenzo,1994,JM,O.S.A. SARONNO LIB.,2 ex- 1,Ancona,2013-03-02,https://www.fidal.it/atleta/PERINI-Lorenzo/drKRkpSncWk%3D,https://www.fidal.it/societa/O-S-A--SARONNO-LIB-/VA119
7.87,7.87,e,PERINI Lorenzo,1994,JM,O.S.A. SARONNO LIB.,2 su- 1,Ancona,2013-03-02,https://www.fidal.it/atleta/PERINI-Lorenzo/drKRkpSncWk%3D,https://www.fidal.it/societa/O-S-A--SARONNO-LIB-/VA119
7.89,7.89,e,PERINI Lorenzo,1994,JM,O.S.A. SARONNO LIB.,1 fi- 1,Bergamo,2013-02-09,https://www.fidal.it/atleta/PERINI-Lorenzo/drKRkpSncWk%3D,https://www.fidal.it/societa/O-S-A--SARONNO-LIB-/VA119
7.9,7.90,e,PERINI Lorenzo,1994,JM,O.S.A. SARONNO LIB.,1 fi- 1,Ancona,2013-02-23,https://www.fidal.it/atleta/PERINI-Lorenzo/drKRkpSncWk%3D,https://www.fidal.it/societa/O-S-A--SARONNO-LIB-/VA119
7.92,7.92,e,PERINI Lorenzo,1994,JM,O.S.A. SARONNO LIB.,1 fi- 1,Bergamo,2013-01-19,https://www.fidal.it/atleta/PERINI-Lorenzo/drKRkpSncWk%3D,https://www.fidal.it/societa/O-S-A--SARONNO-LIB-/VA119
7.95,7.95,e,PERINI Lorenzo,1994,JM,O.S.A. SARONNO LIB.,1 ba- 1,Bergamo,2013-02-09,https://www.fidal.it/atleta/PERINI-Lorenzo/drKRkpSncWk%3D,https://www.fidal.it/societa/O-S-A--SARONNO-LIB-/VA119
7.95,7.95,e,PERINI Lorenzo,1994,JM,O.S.A. SARONNO LIB.,1 ba- 3,Ancona,2013-02-23,https://www.fidal.it/atleta/PERINI-Lorenzo/drKRkpSncWk%3D,https://www.fidal.it/societa/O-S-A--SARONNO-LIB-/VA119
7.95,7.95,e,DE MARCHI Davide,1994,JM,ATL. BERGAMO 1959 CREBERG,4 ex- 1,Ancona,2013-03-02,https://www.fidal.it/atleta/DE-MARCHI-Davide/dqmRl5WmcGo%3D,https://www.fidal.it/societa/ATL--BERGAMO-1959-CREBERG/BG003
7.95,7.95,e,DE MARCHI Davide,1994,JM,ATL. BERGAMO 1959 CREBERG,4 su- 1,Ancona,2013-03-02,https://www.fidal.it/atleta/DE-MARCHI-Davide/dqmRl5WmcGo%3D,https://www.fidal.it/societa/ATL--BERGAMO-1959-CREBERG/BG003
8.01,8.01,e,CONTINI Mattia,1994,JM,ATL LIBERTAS RUNNERS LIVORNO,1 sf- 2,Ancona,2013-02-23,https://www.fidal.it/atleta/CONTINI-Mattia/faiSkpKjbmo%3D,https://www.fidal.it/societa/ATL-LIBERTAS-RUNNERS-LIVORNO/LI035
8.02,8.02,e,DE MARCHI Davide,1994,JM,ATL. BERGAMO 1959 CREBERG,2 fi- 1,Bergamo,2013-01-19,https://www.fidal.it/atleta/DE-MARCHI-Davide/dqmRl5WmcGo%3D,https://www.fidal.it/societa/ATL--BERGAMO-1959-CREBERG/BG003
8.02,8.02,e,DESALU Eseosa fostine,1994,JM,G.A. FIAMME GIALLE,1 fi- 1,Padova,2013-02-09,https://www.fidal.it/atleta/DESALU-Eseosa-fostine/dqiSl5ehcWo%3D,https://www.fidal.it/societa/G-A--FIAMME-GIALLE/RM056
8.03,8.03,e,DE MARCHI Davide,1994,JM,ATL. BERGAMO 1959 CREBERG,2 fi- 1,Ancona,2013-02-23,https://www.fidal.it/atleta/DE-MARCHI-Davide/dqmRl5WmcGo%3D,https://www.fidal.it/societa/ATL--BERGAMO-1959-CREBERG/BG003
8.06,8.06,e,DESALU Eseosa fostine,1994,JM,G.A. FIAMME GIALLE,1 fi- 1,Modena,2013-02-02,https://www.fidal.it/atleta/DESALU-Eseosa-fostine/dqiSl5ehcWo%3D,https://www.fidal.it/societa/G-A--FIAMME-GIALLE/RM056
8.07,8.07,e,CONTINI Mattia,1994,JM,ATL LIBERTAS RUNNERS LIVORNO,1 fi- 1,Modena,2013-02-10,https://www.fidal.it/atleta/CONTINI-Mattia/faiSkpKjbmo%3D,https://www.fidal.it/societa/ATL-LIBERTAS-RUNNERS-LIVORNO/LI035
8.07,8.07,e,CONTINI Mattia,1994,JM,ATL LIBERTAS RUNNERS LIVORNO,1 ba- 4,Ancona,2013-02-23,https://www.fidal.it/atleta/CONTINI-Mattia/faiSkpKjbmo%3D,https://www.fidal.it/societa/ATL-LIBERTAS-RUNNERS-LIVORNO/LI035
8.1,8.10,e,PERINI Lorenzo,1994,JM,O.S.A. SARONNO LIB.,1 ba- 1,Bergamo,2013-01-19,https://www.fidal.it/atleta/PERINI-Lorenzo/drKRkpSncWk%3D,https://www.fidal.it/societa/O-S-A--SARONNO-LIB-/VA119
8.11,8.11,e,BAIS Simone,1994,JM,LAGARINA CRUS TEAM,3 fi- 1,Ancona,2013-02-23,https://www.fidal.it/atleta/BAIS-Simone/d6iRk5OicWQ%3D,https://www.fidal.it/societa/LAGARINA-CRUS-TEAM/TN131
8.12,8.12,e,PROIETTI Francesco,1995,JM,ATL. STUDENTESCA CA.RI.RI,1 ba- 1,Ancona,2013-02-02,https://www.fidal.it/atleta/PROIETTI-Francesco/f6iRmZijamw%3D,https://www.fidal.it/societa/ATL--STUDENTESCA-CA-RI-RI/RI223
8.13,8.13,e,DALLA COSTA Diego,1994,JM,ATLETICA PORDENONE,1 fi- 1,Udine,2013-02-03,https://www.fidal.it/atleta/DALLA-COSTA-Diego/eaqRkpmnbWs%3D,https://www.fidal.it/societa/ATLETICA-PORDENONE/PN021
8.13,8.13,e,PERINI Lorenzo,1994,JM,O.S.A. SARONNO LIB.,1 sf- 3,Ancona,2013-02-23,https://www.fidal.it/atleta/PERINI-Lorenzo/drKRkpSncWk%3D,https://www.fidal.it/societa/O-S-A--SARONNO-LIB-/VA119
8.14,8.14,e,DESALU Eseosa fostine,1994,JM,G.A. FIAMME GIALLE,1 ba- 1,Modena,2013-02-02,https://www.fidal.it/atleta/DESALU-Eseosa-fostine/dqiSl5ehcWo%3D,https://www.fidal.it/societa/G-A--FIAMME-GIALLE/RM056
8.14,8.14,e,DALLA COSTA Diego,1994,JM,ATLETICA PORDENONE,4 fi- 1,Ancona,2013-02-23,https://www.fidal.it/atleta/DALLA-COSTA-Diego/eaqRkpmnbWs%3D,https://www.fidal.it/societa/ATLETICA-PORDENONE/PN021
8.16,8.16,e,DESALU Eseosa fostine,1994,JM,G.A. FIAMME GIALLE,1 ba- 2,Padova,2013-02-09,https://www.fidal.it/atleta/DESALU-Eseosa-fostine/dqiSl5ehcWo%3D,https://www.fidal.it/societa/G-A--FIAMME-GIALLE/RM056
8.16,8.16,e,DALLA COSTA Diego,1994,JM,ATLETICA PORDENONE,2 sf- 1,Ancona,2013-02-23,https://www.fidal.it/atleta/DALLA-COSTA-Diego/eaqRkpmnbWs%3D,https://www.fidal.it/societa/ATLETICA-PORDENONE/PN021
8.17,8.17,e,BAIS Simone,1994,JM,LAGARINA CRUS TEAM,1 fi- 1,Ancona,2013-02-02,https://www.fidal.it/atleta/BAIS-Simone/d6iRk5OicWQ%3D,https://www.fidal.it/societa/LAGARINA-CRUS-TEAM/TN131
8.17,8.17,e,DALLA COSTA Diego,1994,JM,ATLETICA PORDENONE,2 ba- 1,Udine,2013-02-03,https://www.fidal.it/atleta/DALLA-COSTA-Diego/eaqRkpmnbWs%3D,https://www.fidal.it/societa/ATLETICA-PORDENONE/PN021
8.17,8.17,e,POCCIA Simone,1995,JM,A.S.D. INTESATLETICA,2 sf- 3,Ancona,2013-02-23,https://www.fidal.it/atleta/POCCIA-Simone/f6iRmZioamk%3D,https://www.fidal.it/societa/A-S-D--INTESATLETICA/LT260
8.18,8.18,e,DE MARCHI Davide,1994,JM,ATL. BERGAMO 1959 CREBERG,1 ba- 2,Bergamo,2013-01-19,https://www.fidal.it/atleta/DE-MARCHI-Davide/dqmRl5WmcGo%3D,https://www.fidal.it/societa/ATL--BERGAMO-1959-CREBERG/BG003
8.18,8.18,e,DE MARCHI Davide,1994,JM,ATL. BERGAMO 1959 CREBERG,1 se- 1,Magglingen,2013-02-02,https://www.fidal.it/atleta/DE-MARCHI-Davide/dqmRl5WmcGo%3D,https://www.fidal.it/societa/ATL--BERGAMO-1959-CREBERG/BG003
8.18,8.18,e,CONTINI Mattia,1994,JM,ATL LIBERTAS RUNNERS LIVORNO,1 ba- 2,Modena,2013-02-10,https://www.fidal.it/atleta/CONTINI-Mattia/faiSkpKjbmo%3D,https://www.fidal.it/societa/ATL-LIBERTAS-RUNNERS-LIVORNO/LI035
8.18,8.18,e,POCCIA Simone,1995,JM,A.S.D. INTESATLETICA,2 ba- 3,Ancona,2013-02-23,https://www.fidal.it/atleta/POCCIA-Simone/f6iRmZioamk%3D,https://www.fidal.it/societa/A-S-D--INTESATLETICA/LT260
8.21,8.21,e,CONTINI Mattia,1994,JM,ATL LIBERTAS RUNNERS LIVORNO,1 su- 1,Firenze,2013-02-02,https://www.fidal.it/atleta/CONTINI-Mattia/faiSkpKjbmo%3D,https://www.fidal.it/societa/ATL-LIBERTAS-RUNNERS-LIVORNO/LI035
8.21,8.21,e,BENATI Romolo,1995,JM,N.ATL. FANFULLA LODIGIANA,1 fi- 2,Ancona,2013-02-23,https://www.fidal.it/atleta/BENATI-Romolo/drKRkpiibWM%3D,https://www.fidal.it/societa/N-ATL--FANFULLA-LODIGIANA/MI218
8.22,8.22,e,DALLA COSTA Diego,1994,JM,ATLETICA PORDENONE,1 ba- 2,Ancona,2013-02-23,https://www.fidal.it/atleta/DALLA-COSTA-Diego/eaqRkpmnbWs%3D,https://www.fidal.it/societa/ATLETICA-PORDENONE/PN021
8.23,8.23,e,FARAGONA Alessandro,1995,JM,A.S. LA FRATELLANZA 1874,3 fi- 1,Modena,2013-02-10,https://www.fidal.it/atleta/FARAGONA-Alessandro/eqiRlpaoa2w%3D,https://www.fidal.it/societa/A-S--LA-FRATELLANZA-1874/MO052
8.23,8.23,e,DE MAESTRI Luca,1995,JM,ATLETICA MONZA,2 sf- 2,Ancona,2013-02-23,https://www.fidal.it/atleta/DE-MAESTRI-Luca/dq2Rk5mnbmo%3D,https://www.fidal.it/societa/ATLETICA-MONZA/MI710
8.23,8.23,e,POCCIA Simone,1995,JM,A.S.D. INTESATLETICA,6 fi- 1,Ancona,2013-02-23,https://www.fidal.it/atleta/POCCIA-Simone/f6iRmZioamk%3D,https://www.fidal.it/societa/A-S-D--INTESATLETICA/LT260
8.24,8.24,e,BAIS Simone,1994,JM,LAGARINA CRUS TEAM,2 ba- 1,Ancona,2013-02-02,https://www.fidal.it/atleta/BAIS-Simone/d6iRk5OicWQ%3D,https://www.fidal.it/societa/LAGARINA-CRUS-TEAM/TN131
8.24,8.24,e,DE MARCHI Davide,1994,JM,ATL. BERGAMO 1959 CREBERG,1 ba- 5,Ancona,2013-02-23,https://www.fidal.it/atleta/DE-MARCHI-Davide/dqmRl5WmcGo%3D,https://www.fidal.it/societa/ATL--BERGAMO-1959-CREBERG/BG003
8.24,8.24,e,FARAGONA Alessandro,1995,JM,A.S. LA FRATELLANZA 1874,2 fi- 2,Ancona,2013-02-23,https://www.fidal.it/atleta/FARAGONA-Alessandro/eqiRlpaoa2w%3D,https://www.fidal.it/societa/A-S--LA-FRATELLANZA-1874/MO052
8.24,8.24,e,DE MARCHI Davide,1994,JM,ATL. BERGAMO 1959 CREBERG,3 sf- 2,Ancona,2013-02-23,https://www.fidal.it/atleta/DE-MARCHI-Davide/dqmRl5WmcGo%3D,https://www.fidal.it/societa/ATL--BERGAMO-1959-CREBERG/BG003
8.25,8.25,e,BAIS Simone,1994,JM,LAGARINA CRUS TEAM,2 fi- 1,Udine,2013-01-20,https://www.fidal.it/atleta/BAIS-Simone/d6iRk5OicWQ%3D,https://www.fidal.it/societa/LAGARINA-CRUS-TEAM/TN131
8.25,8.25,e,BAIS Simone,1994,JM,LAGARINA CRUS TEAM,4 fi- 1,Modena,2013-02-10,https://www.fidal.it/atleta/BAIS-Simone/d6iRk5OicWQ%3D,https://www.fidal.it/societa/LAGARINA-CRUS-TEAM/TN131
8.26,8.26,e,BENATI Romolo,1995,JM,N.ATL. FANFULLA LODIGIANA,1 ba- 3,Bergamo,2013-02-09,https://www.fidal.it/atleta/BENATI-Romolo/drKRkpiibWM%3D,https://www.fidal.it/societa/N-ATL--FANFULLA-LODIGIANA/MI218
8.26,8.26,e,BAIS Simone,1994,JM,LAGARINA CRUS TEAM,1 ba- 1,Modena,2013-02-10,https://www.fidal.it/atleta/BAIS-Simone/d6iRk5OicWQ%3D,https://www.fidal.it/societa/LAGARINA-CRUS-TEAM/TN131
8.26,8.26,e,POCCIA Simone,1995,JM,A.S.D. INTESATLETICA,1 se- 1,Napoli,2013-02-16,https://www.fidal.it/atleta/POCCIA-Simone/f6iRmZioamk%3D,https://www.fidal.it/societa/A-S-D--INTESATLETICA/LT260
8.26,8.26,e,BAIS Simone,1994,JM,LAGARINA CRUS TEAM,2 ba- 1,Ancona,2013-02-23,https://www.fidal.it/atleta/BAIS-Simone/d6iRk5OicWQ%3D,https://www.fidal.it/societa/LAGARINA-CRUS-TEAM/TN131
8.26,8.26,e,DE MAESTRI Luca,1995,JM,ATLETICA MONZA,2 ba- 4,Ancona,2013-02-23,https://www.fidal.it/atleta/DE-MAESTRI-Luca/dq2Rk5mnbmo%3D,https://www.fidal.it/societa/ATLETICA-MONZA/MI710
8.26,8.26,e,BAIS Simone,1994,JM,LAGARINA CRUS TEAM,3 sf- 1,Ancona,2013-02-23,https://www.fidal.it/atleta/BAIS-Simone/d6iRk5OicWQ%3D,https://www.fidal.it/societa/LAGARINA-CRUS-TEAM/TN131
8.27,8.27,e,DALLA COSTA Diego,1994,JM,ATLETICA PORDENONE,3 fi- 1,Udine,2013-01-20,https://www.fidal.it/atleta/DALLA-COSTA-Diego/eaqRkpmnbWs%3D,https://www.fidal.it/societa/ATLETICA-PORDENONE/PN021
8.27,8.27,e,TARTAGLIONE Alessandro,1995,JM,A.S.D. INTESATLETICA,1 ba- 1,Roma,2013-02-10,https://www.fidal.it/atleta/TARTAGLIONE-Alessandro/f6iRmJeoamk%3D,https://www.fidal.it/societa/A-S-D--INTESATLETICA/LT260
8.27,8.27,e,TARTAGLIONE Alessandro,1995,JM,A.S.D. INTESATLETICA,3 sf- 3,Ancona,2013-02-23,https://www.fidal.it/atleta/TARTAGLIONE-Alessandro/f6iRmJeoamk%3D,https://www.fidal.it/societa/A-S-D--INTESATLETICA/LT260
8.28,8.28,e,FARAGONA Alessandro,1995,JM,A.S. LA FRATELLANZA 1874,2 ba- 5,Ancona,2013-02-23,https://www.fidal.it/atleta/FARAGONA-Alessandro/eqiRlpaoa2w%3D,https://www.fidal.it/societa/A-S--LA-FRATELLANZA-1874/MO052
8.29,8.29,e,DALLA COSTA Diego,1994,JM,ATLETICA PORDENONE,2 fi- 1,Udine,2013-01-13,https://www.fidal.it/atleta/DALLA-COSTA-Diego/eaqRkpmnbWs%3D,https://www.fidal.it/societa/ATLETICA-PORDENONE/PN021
8.29,8.29,e,DE MAESTRI Luca,1995,JM,ATLETICA MONZA,1 ba- 1,Saronno,2013-01-26,https://www.fidal.it/atleta/DE-MAESTRI-Luca/dq2Rk5mnbmo%3D,https://www.fidal.it/societa/ATLETICA-MONZA/MI710
8.29,8.29,e,DALLA COSTA Diego,1994,JM,ATLETICA PORDENONE,1 se- 1,Pordenone,2013-01-26,https://www.fidal.it/atleta/DALLA-COSTA-Diego/eaqRkpmnbWs%3D,https://www.fidal.it/societa/ATLETICA-PORDENONE/PN021
8.29,8.29,e,DE MAESTRI Luca,1995,JM,ATLETICA MONZA,2 fi- 1,Bergamo,2013-02-09,https://www.fidal.it/atleta/DE-MAESTRI-Luca/dq2Rk5mnbmo%3D,https://www.fidal.it/societa/ATLETICA-MONZA/MI710
8.29,8.29,e,TARTAGLIONE Alessandro,1995,JM,A.S.D. INTESATLETICA,3 fi- 2,Ancona,2013-02-23,https://www.fidal.it/atleta/TARTAGLIONE-Alessandro/f6iRmJeoamk%3D,https://www.fidal.it/societa/A-S-D--INTESATLETICA/LT260
8.29,8.29,e,PETAZZI Andrea,1995,JM,PRO PATRIA A.R.C. BUSTO A.,4 sf- 3,Ancona,2013-02-23,https://www.fidal.it/atleta/PETAZZI-Andrea/drKRkpenaWc%3D,https://www.fidal.it/societa/PRO-PATRIA-A-R-C--BUSTO-A-/VA121
8.3,8.30,e,FARAGONA Alessandro,1995,JM,A.S. LA FRATELLANZA 1874,1 fi- 1,Ancona,2013-01-13,https://www.fidal.it/atleta/FARAGONA-Alessandro/eqiRlpaoa2w%3D,https://www.fidal.it/societa/A-S--LA-FRATELLANZA-1874/MO052
8.3,8.30,e,DE MAESTRI Luca,1995,JM,ATLETICA MONZA,3 fi- 1,Bergamo,2013-01-19,https://www.fidal.it/atleta/DE-MAESTRI-Luca/dq2Rk5mnbmo%3D,https://www.fidal.it/societa/ATLETICA-MONZA/MI710
8.3,8.30,e,BAIS Simone,1994,JM,LAGARINA CRUS TEAM,1 ba- 1,Udine,2013-01-20,https://www.fidal.it/atleta/BAIS-Simone/d6iRk5OicWQ%3D,https://www.fidal.it/societa/LAGARINA-CRUS-TEAM/TN131
8.31,8.31,e,DE MAESTRI Luca,1995,JM,ATLETICA MONZA,1 fi- 1,Saronno,2013-01-26,https://www.fidal.it/atleta/DE-MAESTRI-Luca/dq2Rk5mnbmo%3D,https://www.fidal.it/societa/ATLETICA-MONZA/MI710
8.31,8.31,e,FARAGONA Alessandro,1995,JM,A.S. LA FRATELLANZA 1874,2 ba- 2,Modena,2013-02-10,https://www.fidal.it/atleta/FARAGONA-Alessandro/eqiRlpaoa2w%3D,https://www.fidal.it/societa/A-S--LA-FRATELLANZA-1874/MO052
8.32,8.32,e,PROIETTI Francesco,1995,JM,ATL. STUDENTESCA CA.RI.RI,1 fi- 1,Rieti,2013-01-19,https://www.fidal.it/atleta/PROIETTI-Francesco/f6iRmZijamw%3D,https://www.fidal.it/societa/ATL--STUDENTESCA-CA-RI-RI/RI223
8.33,8.33,e,POCCIA Simone,1995,JM,A.S.D. INTESATLETICA,1 fi- 1,Roma,2013-02-10,https://www.fidal.it/atleta/POCCIA-Simone/f6iRmZioamk%3D,https://www.fidal.it/societa/A-S-D--INTESATLETICA/LT260
8.33,8.33,e,DE MAESTRI Luca,1995,JM,ATLETICA MONZA,7 fi- 1,Ancona,2013-02-23,https://www.fidal.it/atleta/DE-MAESTRI-Luca/dq2Rk5mnbmo%3D,https://www.fidal.it/societa/ATLETICA-MONZA/MI710
8.34,8.34,e,DE MAESTRI Luca,1995,JM,ATLETICA MONZA,1 ba- 2,Bergamo,2013-02-09,https://www.fidal.it/atleta/DE-MAESTRI-Luca/dq2Rk5mnbmo%3D,https://www.fidal.it/societa/ATLETICA-MONZA/MI710
8.34,8.34,e,PETAZZI Andrea,1995,JM,PRO PATRIA A.R.C. BUSTO A.,3 ba- 1,Ancona,2013-02-23,https://www.fidal.it/atleta/PETAZZI-Andrea/drKRkpenaWc%3D,https://www.fidal.it/societa/PRO-PATRIA-A-R-C--BUSTO-A-/VA121
8.36,8.36,e,FARAGONA Alessandro,1995,JM,A.S. LA FRATELLANZA 1874,1 ba- 1,Ancona,2013-01-19,https://www.fidal.it/atleta/FARAGONA-Alessandro/eqiRlpaoa2w%3D,https://www.fidal.it/societa/A-S--LA-FRATELLANZA-1874/MO052
8.37,8.37,e,PROIETTI Francesco,1995,JM,ATL. STUDENTESCA CA.RI.RI,1 ba- 1,Rieti,2013-01-19,https://www.fidal.it/atleta/PROIETTI-Francesco/f6iRmZijamw%3D,https://www.fidal.it/societa/ATL--STUDENTESCA-CA-RI-RI/RI223
8.37,8.37,e,FARAGONA Alessandro,1995,JM,A.S. LA FRATELLANZA 1874,1 fi- 1,Ancona,2013-01-19,https://www.fidal.it/atleta/FARAGONA-Alessandro/eqiRlpaoa2w%3D,https://www.fidal.it/societa/A-S--LA-FRATELLANZA-1874/MO052
8.37,8.37,e,DALLA COSTA Diego,1994,JM,ATLETICA PORDENONE,1 ba- 2,Udine,2013-01-20,https://www.fidal.it/atleta/DALLA-COSTA-Diego/eaqRkpmnbWs%3D,https://www.fidal.it/societa/ATLETICA-PORDENONE/PN021
8.37,8.37,e,CORSINI Iacopo,1995,JM,A.S.D. SPECTEC ATL. CARISPEZIA,1 fi- 2,Modena,2013-02-10,https://www.fidal.it/atleta/CORSINI-Iacopo/daiUlpejbWQ%3D,https://www.fidal.it/societa/A-S-D--SPECTEC-ATL--CARISPEZIA/SP573
8.37,8.37,e,CORSINI Iacopo,1995,JM,A.S.D. SPECTEC ATL. CARISPEZIA,4 fi- 2,Ancona,2013-02-23,https://www.fidal.it/atleta/CORSINI-Iacopo/daiUlpejbWQ%3D,https://www.fidal.it/societa/A-S-D--SPECTEC-ATL--CARISPEZIA/SP573
8.37,8.37,e,FARAGONA Alessandro,1995,JM,A.S. LA FRATELLANZA 1874,4 sf- 1,Ancona,2013-02-23,https://www.fidal.it/atleta/FARAGONA-Alessandro/eqiRlpaoa2w%3D,https://www.fidal.it/societa/A-S--LA-FRATELLANZA-1874/MO052
8.38,8.38,e,TARTAGLIONE Alessandro,1995,JM,A.S.D. INTESATLETICA,2 fi- 1,Roma,2013-02-10,https://www.fidal.it/atleta/TARTAGLIONE-Alessandro/f6iRmJeoamk%3D,https://www.fidal.it/societa/A-S-D--INTESATLETICA/LT260
8.38,8.38,e,PELLISETTI Edoardo,1995,JM,ATLETICA PIEMONTE ASD,3 ba- 2,Modena,2013-02-10,https://www.fidal.it/atleta/PELLISETTI-Edoardo/dKuRk5eobmU%3D,https://www.fidal.it/societa/ATLETICA-PIEMONTE-ASD/TO226
8.38,8.38,e,PELLISETTI Edoardo,1995,JM,ATLETICA PIEMONTE ASD,6 fi- 1,Modena,2013-02-10,https://www.fidal.it/atleta/PELLISETTI-Edoardo/dKuRk5eobmU%3D,https://www.fidal.it/societa/ATLETICA-PIEMONTE-ASD/TO226
8.39,8.39,e,BENATI Romolo,1995,JM,N.ATL. FANFULLA LODIGIANA,4 sf- 2,Ancona,2013-02-23,https://www.fidal.it/atleta/BENATI-Romolo/drKRkpiibWM%3D,https://www.fidal.it/societa/N-ATL--FANFULLA-LODIGIANA/MI218
8.39,8.39,e,SARGENTI Andrea,1994,JM,A.S.ATHLON BASTIA,5 fi- 2,Ancona,2013-02-23,https://www.fidal.it/atleta/SARGENTI-Andrea/fqiRk5umaGU%3D,https://www.fidal.it/societa/A-S-ATHLON-BASTIA/PG003
8.39,8.39,e,CORSINI Iacopo,1995,JM,A.S.D. SPECTEC ATL. CARISPEZIA,5 sf- 1,Ancona,2013-02-23,https://www.fidal.it/atleta/CORSINI-Iacopo/daiUlpejbWQ%3D,https://www.fidal.it/societa/A-S-D--SPECTEC-ATL--CARISPEZIA/SP573
8.4,8.40,e,BENATI Romolo,1995,JM,N.ATL. FANFULLA LODIGIANA,1 se- 3,Saronno,2013-01-13,https://www.fidal.it/atleta/BENATI-Romolo/drKRkpiibWM%3D,https://www.fidal.it/societa/N-ATL--FANFULLA-LODIGIANA/MI218
8.41,8.41,e,FARAGONA Alessandro,1995,JM,A.S. LA FRATELLANZA 1874,1 ba- 1,Ancona,2013-01-13,https://www.fidal.it/atleta/FARAGONA-Alessandro/eqiRlpaoa2w%3D,https://www.fidal.it/societa/A-S--LA-FRATELLANZA-1874/MO052
8.41,8.41,e,SARGENTI Andrea,1994,JM,A.S.ATHLON BASTIA,3 ba- 4,Ancona,2013-02-23,https://www.fidal.it/atleta/SARGENTI-Andrea/fqiRk5umaGU%3D,https://www.fidal.it/societa/A-S-ATHLON-BASTIA/PG003
8.42,8.42,e,BAIS Simone,1994,JM,LAGARINA CRUS TEAM,1 fi- 1,Modena,2013-01-12,https://www.fidal.it/atleta/BAIS-Simone/d6iRk5OicWQ%3D,https://www.fidal.it/societa/LAGARINA-CRUS-TEAM/TN131
8.42,8.42,e,POCCIA Simone,1995,JM,A.S.D. INTESATLETICA,1 fi- 1,Roma,2013-01-27,https://www.fidal.it/atleta/POCCIA-Simone/f6iRmZioamk%3D,https://www.fidal.it/societa/A-S-D--INTESATLETICA/LT260
8.42,8.42,e,MAZZOLA Matteo,1995,JM,LAGARINA CRUS TEAM,2 fi- 1,Ancona,2013-02-02,https://www.fidal.it/atleta/MAZZOLA-Matteo/d6iRkpukbmQ%3D,https://www.fidal.it/societa/LAGARINA-CRUS-TEAM/TN131
8.42,8.42,e,BENATI Romolo,1995,JM,N.ATL. FANFULLA LODIGIANA,2 ba- 2,Ancona,2013-02-23,https://www.fidal.it/atleta/BENATI-Romolo/drKRkpiibWM%3D,https://www.fidal.it/societa/N-ATL--FANFULLA-LODIGIANA/MI218
8.43,8.43,e,POCCIA Simone,1995,JM,A.S.D. INTESATLETICA,1 ba- 1,Roma,2013-01-27,https://www.fidal.it/atleta/POCCIA-Simone/f6iRmZioamk%3D,https://www.fidal.it/societa/A-S-D--INTESATLETICA/LT260
8.43,8.43,e,SARGENTI Andrea,1994,JM,A.S.ATHLON BASTIA,1 fi- 1,Ancona,2013-02-09,https://www.fidal.it/atleta/SARGENTI-Andrea/fqiRk5umaGU%3D,https://www.fidal.it/societa/A-S-ATHLON-BASTIA/PG003
8.44,8.44,e,TARTAGLIONE Alessandro,1995,JM,A.S.D. INTESATLETICA,2 fi- 1,Roma,2013-01-27,https://www.fidal.it/atleta/TARTAGLIONE-Alessandro/f6iRmJeoamk%3D,https://www.fidal.it/societa/A-S-D--INTESATLETICA/LT260
8.45,8.45,e,BENATI Romolo,1995,JM,N.ATL. FANFULLA LODIGIANA,1 se- 1,Ancona,2013-01-27,https://www.fidal.it/atleta/BENATI-Romolo/drKRkpiibWM%3D,https://www.fidal.it/societa/N-ATL--FANFULLA-LODIGIANA/MI218
8.45,8.45,e,MAZZOLA Matteo,1995,JM,LAGARINA CRUS TEAM,2 ba- 3,Modena,2013-02-10,https://www.fidal.it/atleta/MAZZOLA-Matteo/d6iRkpukbmQ%3D,https://www.fidal.it/societa/LAGARINA-CRUS-TEAM/TN131
8.46,8.46,e,BENATI Romolo,1995,JM,N.ATL. FANFULLA LODIGIANA,3 fi- 1,Bergamo,2013-02-09,https://www.fidal.it/atleta/BENATI-Romolo/drKRkpiibWM%3D,https://www.fidal.it/societa/N-ATL--FANFULLA-LODIGIANA/MI218
8.46,8.46,e,POCCIA Simone,1995,JM,A.S.D. INTESATLETICA,1 ba- 2,Roma,2013-02-10,https://www.fidal.it/atleta/POCCIA-Simone/f6iRmZioamk%3D,https://www.fidal.it/societa/A-S-D--INTESATLETICA/LT260
8.46,8.46,e,PETAZZI Andrea,1995,JM,PRO PATRIA A.R.C. BUSTO A.,6 fi- 2,Ancona,2013-02-23,https://www.fidal.it/atleta/PETAZZI-Andrea/drKRkpenaWc%3D,https://www.fidal.it/societa/PRO-PATRIA-A-R-C--BUSTO-A-/VA121
8.47,8.47,e,CORSINI Iacopo,1995,JM,A.S.D. SPECTEC ATL. CARISPEZIA,1 fi- 1,Bergamo,2013-02-16,https://www.fidal.it/atleta/CORSINI-Iacopo/daiUlpejbWQ%3D,https://www.fidal.it/societa/A-S-D--SPECTEC-ATL--CARISPEZIA/SP573
8.48,8.48,e,DALLA COSTA Diego,1994,JM,ATLETICA PORDENONE,2 ba- 1,Udine,2013-01-13,https://www.fidal.it/atleta/DALLA-COSTA-Diego/eaqRkpmnbWs%3D,https://www.fidal.it/societa/ATLETICA-PORDENONE/PN021
8.48,8.48,e,CORSINI Iacopo,1995,JM,A.S.D. SPECTEC ATL. CARISPEZIA,1 fi- 1,Modena,2013-01-19,https://www.fidal.it/atleta/CORSINI-Iacopo/daiUlpejbWQ%3D,https://www.fidal.it/societa/A-S-D--SPECTEC-ATL--CARISPEZIA/SP573
8.48,8.48,e,SARGENTI Andrea,1994,JM,A.S.ATHLON BASTIA,1 ba- 1,Ancona,2013-02-09,https://www.fidal.it/atleta/SARGENTI-Andrea/fqiRk5umaGU%3D,https://www.fidal.it/societa/A-S-ATHLON-BASTIA/PG003
8.48,8.48,e,BRAMBILLA Andrea,1995,JM,ATL. LECCO-COLOMBO COSTRUZ.,4 fi- 1,Bergamo,2013-02-09,https://www.fidal.it/atleta/BRAMBILLA-Andrea/dquRkpWjamk%3D,https://www.fidal.it/societa/ATL--LECCO-COLOMBO-COSTRUZ-/CO208
8.48,8.48,e,PETAZZI Andrea,1995,JM,PRO PATRIA A.R.C. BUSTO A.,1 ba- 2,Bergamo,2013-02-16,https://www.fidal.it/atleta/PETAZZI-Andrea/drKRkpenaWc%3D,https://www.fidal.it/societa/PRO-PATRIA-A-R-C--BUSTO-A-/VA121
8.48,8.48,e,PETAZZI Andrea,1995,JM,PRO PATRIA A.R.C. BUSTO A.,2 fi- 1,Bergamo,2013-02-16,https://www.fidal.it/atleta/PETAZZI-Andrea/drKRkpenaWc%3D,https://www.fidal.it/societa/PRO-PATRIA-A-R-C--BUSTO-A-/VA121
8.49,8.49,e,ROSSI Andrea,1994,JM,ATL. BERGAMO 1959 CREBERG,4 fi- 1,Bergamo,2013-01-19,https://www.fidal.it/atleta/ROSSI-Andrea/dqmRl5Whb2w%3D,https://www.fidal.it/societa/ATL--BERGAMO-1959-CREBERG/BG003
8.49,8.49,e,CORSINI Iacopo,1995,JM,A.S.D. SPECTEC ATL. CARISPEZIA,3 ba- 3,Modena,2013-02-10,https://www.fidal.it/atleta/CORSINI-Iacopo/daiUlpejbWQ%3D,https://www.fidal.it/societa/A-S-D--SPECTEC-ATL--CARISPEZIA/SP573
8.49,8.49,e,CORSINI Iacopo,1995,JM,A.S.D. SPECTEC ATL. CARISPEZIA,1 ba- 1,Bergamo,2013-02-16,https://www.fidal.it/atleta/CORSINI-Iacopo/daiUlpejbWQ%3D,https://www.fidal.it/societa/A-S-D--SPECTEC-ATL--CARISPEZIA/SP573
8.49,8.49,e,ROSSI Andrea,1994,JM,ATL. BERGAMO 1959 CREBERG,2 ba- 2,Bergamo,2013-02-16,https://www.fidal.it/atleta/ROSSI-Andrea/dqmRl5Whb2w%3D,https://www.fidal.it/societa/ATL--BERGAMO-1959-CREBERG/BG003
8.49,8.49,e,CORSINI Iacopo,1995,JM,A.S.D. SPECTEC ATL. CARISPEZIA,3 ba- 3,Ancona,2013-02-23,https://www.fidal.it/atleta/CORSINI-Iacopo/daiUlpejbWQ%3D,https://www.fidal.it/societa/A-S-D--SPECTEC-ATL--CARISPEZIA/SP573
8.52,8.52,e,BAIS Simone,1994,JM,LAGARINA CRUS TEAM,1 ba- 1,Modena,2013-01-12,https://www.fidal.it/atleta/BAIS-Simone/d6iRk5OicWQ%3D,https://www.fidal.it/societa/LAGARINA-CRUS-TEAM/TN131
8.52,8.52,e,CORSINI Iacopo,1995,JM,A.S.D. SPECTEC ATL. CARISPEZIA,1 ba- 1,Modena,2013-01-19,https://www.fidal.it/atleta/CORSINI-Iacopo/daiUlpejbWQ%3D,https://www.fidal.it/societa/A-S-D--SPECTEC-ATL--CARISPEZIA/SP573
8.52,8.52,e,VIGLIOTTI Vincenzo,1994,JM,ATL. STUDENTESCA CA.RI.RI,2 se- 1,Ancona,2013-01-27,https://www.fidal.it/atleta/VIGLIOTTI-Vincenzo/gKqRkpKhaGM%3D,https://www.fidal.it/societa/ATL--STUDENTESCA-CA-RI-RI/RI223
8.53,8.53,e,VIGLIOTTI Vincenzo,1994,JM,ATL. STUDENTESCA CA.RI.RI,1 su- 1,Ancona,2013-01-13,https://www.fidal.it/atleta/VIGLIOTTI-Vincenzo/gKqRkpKhaGM%3D,https://www.fidal.it/societa/ATL--STUDENTESCA-CA-RI-RI/RI223
8.53,8.53,e,CORSINI Iacopo,1995,JM,A.S.D. SPECTEC ATL. CARISPEZIA,1 su- 1,Firenze,2013-01-26,https://www.fidal.it/atleta/CORSINI-Iacopo/daiUlpejbWQ%3D,https://www.fidal.it/societa/A-S-D--SPECTEC-ATL--CARISPEZIA/SP573
8.53,8.53,e,BONOMI Davide,1995,JM,LAGARINA CRUS TEAM,7 fi- 2,Ancona,2013-02-23,https://www.fidal.it/atleta/BONOMI-Davide/d6iRk5SgaWw%3D,https://www.fidal.it/societa/LAGARINA-CRUS-TEAM/TN131
8.54,8.54,e,PETAZZI Andrea,1995,JM,PRO PATRIA A.R.C. BUSTO A.,1 se- 1,Saronno,2013-01-13,https://www.fidal.it/atleta/PETAZZI-Andrea/drKRkpenaWc%3D,https://www.fidal.it/societa/PRO-PATRIA-A-R-C--BUSTO-A-/VA121
8.54,8.54,e,SINISCALCHI Marco,1994,JM,CUS DEI LAGHI - ATL. VARESE,5 fi- 1,Bergamo,2013-02-09,https://www.fidal.it/atleta/SINISCALCHI-Marco/dquRkpSmbWo%3D,https://www.fidal.it/societa/CUS-DEI-LAGHI-ATL--VARESE/VA123
8.54,8.54,e,SARGENTI Andrea,1994,JM,A.S.ATHLON BASTIA,5 sf- 2,Ancona,2013-02-23,https://www.fidal.it/atleta/SARGENTI-Andrea/fqiRk5umaGU%3D,https://www.fidal.it/societa/A-S-ATHLON-BASTIA/PG003
8.55,8.55,e,ROSSI Andrea,1994,JM,ATL. BERGAMO 1959 CREBERG,2 ba- 1,Bergamo,2013-01-19,https://www.fidal.it/atleta/ROSSI-Andrea/dqmRl5Whb2w%3D,https://www.fidal.it/societa/ATL--BERGAMO-1959-CREBERG/BG003
8.55,8.55,e,DI BARI Lorenzo,1995,JM,ATL. ROMA SUD,3 fi- 1,Ancona,2013-02-02,https://www.fidal.it/atleta/DI-BARI-Lorenzo/f62RkpSkcWk%3D,https://www.fidal.it/societa/ATL--ROMA-SUD/RS521
8.55,8.55,e,SINISCALCHI Marco,1994,JM,CUS DEI LAGHI - ATL. VARESE,2 ba- 1,Bergamo,2013-02-09,https://www.fidal.it/atleta/SINISCALCHI-Marco/dquRkpSmbWo%3D,https://www.fidal.it/societa/CUS-DEI-LAGHI-ATL--VARESE/VA123
8.56,8.56,e,CECCHIN Alessandro,1995,JM,ASSOCIAZIONE ATLETICA N.E.VI.,1 fi- 1,Padova,2013-01-12,https://www.fidal.it/atleta/CECCHIN-Alessandro/eK6RkpSkbGw%3D,https://www.fidal.it/societa/ASSOCIAZIONE-ATLETICA-N-E-VI-/VI623
8.57,8.57,e,DE MAESTRI Luca,1995,JM,ATLETICA MONZA,2 ba- 2,Bergamo,2013-01-19,https://www.fidal.it/atleta/DE-MAESTRI-Luca/dq2Rk5mnbmo%3D,https://www.fidal.it/societa/ATLETICA-MONZA/MI710
8.57,8.57,e,BONOMI Davide,1995,JM,LAGARINA CRUS TEAM,6 sf- 1,Ancona,2013-02-23,https://www.fidal.it/atleta/BONOMI-Davide/d6iRk5SgaWw%3D,https://www.fidal.it/societa/LAGARINA-CRUS-TEAM/TN131
8.58,8.58,e,MAZZOLA Matteo,1995,JM,LAGARINA CRUS TEAM,2 fi- 1,Modena,2013-01-19,https://www.fidal.it/atleta/MAZZOLA-Matteo/d6iRkpukbmQ%3D,https://www.fidal.it/societa/LAGARINA-CRUS-TEAM/TN131
8.58,8.58,e,MAZZOLA Matteo,1995,JM,LAGARINA CRUS TEAM,3 ba- 5,Ancona,2013-02-23,https://www.fidal.it/atleta/MAZZOLA-Matteo/d6iRkpukbmQ%3D,https://www.fidal.it/societa/LAGARINA-CRUS-TEAM/TN131
8.58,8.58,e,SINISCALCHI Marco,1994,JM,CUS DEI LAGHI - ATL. VARESE,8 fi- 2,Ancona,2013-02-23,https://www.fidal.it/atleta/SINISCALCHI-Marco/dquRkpSmbWo%3D,https://www.fidal.it/societa/CUS-DEI-LAGHI-ATL--VARESE/VA123
8.59,8.59,e,TARTAGLIONE Alessandro,1995,JM,A.S.D. INTESATLETICA,1 ba- 2,Roma,2013-01-27,https://www.fidal.it/atleta/TARTAGLIONE-Alessandro/f6iRmJeoamk%3D,https://www.fidal.it/societa/A-S-D--INTESATLETICA/LT260
8.59,8.59,e,BRAMBILLA Andrea,1995,JM,ATL. LECCO-COLOMBO COSTRUZ.,2 ba- 2,Bergamo,2013-02-09,https://www.fidal.it/atleta/BRAMBILLA-Andrea/dquRkpWjamk%3D,https://www.fidal.it/societa/ATL--LECCO-COLOMBO-COSTRUZ-/CO208
8.59,8.59,e,TARTAGLIONE Alessandro,1995,JM,A.S.D. INTESATLETICA,1 ba- 6,Ancona,2013-02-23,https://www.fidal.it/atleta/TARTAGLIONE-Alessandro/f6iRmJeoamk%3D,https://www.fidal.it/societa/A-S-D--INTESATLETICA/LT260
8.59,8.59,e,VIDA Patrick,1994,JM,POLISPORTIVA TRIVENETO TRIESTE,4 ba- 3,Ancona,2013-02-23,https://www.fidal.it/atleta/VIDA-Patrick/eauRkpuhamQ%3D,https://www.fidal.it/societa/POLISPORTIVA-TRIVENETO-TRIESTE/TS099
8.6,8.60,e,MASSARO Marco,1994,JM,ASSINDUSTRIA SPORT PADOVA,4 ba- 4,Ancona,2013-02-23,https://www.fidal.it/atleta/MASSARO-Marco/eKqRkpSjamg%3D,https://www.fidal.it/societa/ASSINDUSTRIA-SPORT-PADOVA/PD140
8.61,8.61,e,MAZZOLA Matteo,1995,JM,LAGARINA CRUS TEAM,2 ba- 1,Modena,2013-01-19,https://www.fidal.it/atleta/MAZZOLA-Matteo/d6iRkpukbmQ%3D,https://www.fidal.it/societa/LAGARINA-CRUS-TEAM/TN131
8.61,8.61,e,DI BARI Lorenzo,1995,JM,ATL. ROMA SUD,3 ba- 1,Ancona,2013-02-02,https://www.fidal.it/atleta/DI-BARI-Lorenzo/f62RkpSkcWk%3D,https://www.fidal.it/societa/ATL--ROMA-SUD/RS521
8.61,8.61,e,SINISCALCHI Marco,1994,JM,CUS DEI LAGHI - ATL. VARESE,3 ba- 2,Ancona,2013-02-23,https://www.fidal.it/atleta/SINISCALCHI-Marco/dquRkpSmbWo%3D,https://www.fidal.it/societa/CUS-DEI-LAGHI-ATL--VARESE/VA123
8.62,8.62,e,CECCHIN Alessandro,1995,JM,ASSOCIAZIONE ATLETICA N.E.VI.,1 ba- 1,Padova,2013-01-12,https://www.fidal.it/atleta/CECCHIN-Alessandro/eK6RkpSkbGw%3D,https://www.fidal.it/societa/ASSOCIAZIONE-ATLETICA-N-E-VI-/VI623
8.62,8.62,e,MARCONI Francesco,1995,JM,TREVISATLETICA,1 ba- 2,Padova,2013-01-12,https://www.fidal.it/atleta/MARCONI-Francesco/eKyRkpSnamM%3D,https://www.fidal.it/societa/TREVISATLETICA/TV354
8.62,8.62,e,VARIOLA Mattia,1995,JM,ATLETICA BRUGNERA FRIULINTAGLI,3 ba- 1,Udine,2013-01-20,https://www.fidal.it/atleta/VARIOLA-Mattia/eaqRkpqhcWo%3D,https://www.fidal.it/societa/ATLETICA-BRUGNERA-FRIULINTAGLI/PN039
8.62,8.62,e,DI PRIMA Matteo,1995,JM,PRO SESTO ATL.,3 se- 1,Ancona,2013-01-27,https://www.fidal.it/atleta/DI-PRIMA-Matteo/dq2Rk5uha2U%3D,https://www.fidal.it/societa/PRO-SESTO-ATL-/MI089
8.62,8.62,e,VIDA Patrick,1994,JM,POLISPORTIVA TRIVENETO TRIESTE,3 fi- 1,Udine,2013-02-03,https://www.fidal.it/atleta/VIDA-Patrick/eauRkpuhamQ%3D,https://www.fidal.it/societa/POLISPORTIVA-TRIVENETO-TRIESTE/TS099
8.63,8.63,e,MASSARO Marco,1994,JM,ASSINDUSTRIA SPORT PADOVA,4 ba- 3,Modena,2013-02-10,https://www.fidal.it/atleta/MASSARO-Marco/eKqRkpSjamg%3D,https://www.fidal.it/societa/ASSINDUSTRIA-SPORT-PADOVA/PD140
8.63,8.63,e,FANTINI Gabriele,1994,JM,ATLETICA VALSESIA,4 ba- 2,Ancona,2013-02-23,https://www.fidal.it/atleta/FANTINI-Gabriele/dKAAARlJKfamw%3D,https://www.fidal.it/societa/ATLETICA-VALSESIA/VC045
8.64,8.64,e,PELLISETTI Edoardo,1995,JM,ATLETICA PIEMONTE ASD,1 se- 4,Ancona,2013-01-27,https://www.fidal.it/atleta/PELLISETTI-Edoardo/dKuRk5eobmU%3D,https://www.fidal.it/societa/ATLETICA-PIEMONTE-ASD/TO226
8.64,8.64,e,BONORA Matteo,1994,JM,SILCA ULTRALITE VITTORIO V.TO,2 fi- 1,Padova,2013-02-09,https://www.fidal.it/atleta/BONORA-Matteo/eKyRkpeocGc%3D,https://www.fidal.it/societa/SILCA-ULTRALITE-VITTORIO-V-TO/TV348
8.65,8.65,e,VARIOLA Mattia,1995,JM,ATLETICA BRUGNERA FRIULINTAGLI,1 fi- 1,Pordenone,2013-02-09,https://www.fidal.it/atleta/VARIOLA-Mattia/eaqRkpqhcWo%3D,https://www.fidal.it/societa/ATLETICA-BRUGNERA-FRIULINTAGLI/PN039
8.65,8.65,e,MASSARO Marco,1994,JM,ASSINDUSTRIA SPORT PADOVA,2 fi- 2,Modena,2013-02-10,https://www.fidal.it/atleta/MASSARO-Marco/eKqRkpSjamg%3D,https://www.fidal.it/societa/ASSINDUSTRIA-SPORT-PADOVA/PD140
8.65,8.65,e,ROSSI Andrea,1994,JM,ATL. BERGAMO 1959 CREBERG,3 fi- 1,Bergamo,2013-02-16,https://www.fidal.it/atleta/ROSSI-Andrea/dqmRl5Whb2w%3D,https://www.fidal.it/societa/ATL--BERGAMO-1959-CREBERG/BG003
8.66,8.66,e,BONOMI Davide,1995,JM,LAGARINA CRUS TEAM,2 fi- 1,Modena,2013-01-12,https://www.fidal.it/atleta/BONOMI-Davide/d6iRk5SgaWw%3D,https://www.fidal.it/societa/LAGARINA-CRUS-TEAM/TN131
8.66,8.66,e,SOTTILE Davide,1994,JM,ATLETICA VALSESIA,1 fi- 1,Aosta,2013-01-20,https://www.fidal.it/atleta/SOTTILE-Davide/dKAAARk5qga2M%3D,https://www.fidal.it/societa/ATLETICA-VALSESIA/VC045
8.66,8.66,e,BONOMI Davide,1995,JM,LAGARINA CRUS TEAM,5 fi- 1,Udine,2013-01-20,https://www.fidal.it/atleta/BONOMI-Davide/d6iRk5SgaWw%3D,https://www.fidal.it/societa/LAGARINA-CRUS-TEAM/TN131
8.66,8.66,e,GANDINI Mattia,1994,JM,ATL. RICCARDI MILANO,1 fi- 2,Bergamo,2013-02-09,https://www.fidal.it/atleta/GANDINI-Mattia/dq2Rk5ilbWU%3D,https://www.fidal.it/societa/ATL--RICCARDI-MILANO/MI080
8.66,8.66,e,SOTTILE Davide,1994,JM,ATLETICA VALSESIA,3 fi- 2,Modena,2013-02-10,https://www.fidal.it/atleta/SOTTILE-Davide/dKAAARk5qga2M%3D,https://www.fidal.it/societa/ATLETICA-VALSESIA/VC045
8.66,8.66,e,BONOMI Davide,1995,JM,LAGARINA CRUS TEAM,4 ba- 1,Ancona,2013-02-23,https://www.fidal.it/atleta/BONOMI-Davide/d6iRk5SgaWw%3D,https://www.fidal.it/societa/LAGARINA-CRUS-TEAM/TN131
8.67,8.67,e,VARIOLA Mattia,1995,JM,ATLETICA BRUGNERA FRIULINTAGLI,4 fi- 1,Udine,2013-02-03,https://www.fidal.it/atleta/VARIOLA-Mattia/eaqRkpqhcWo%3D,https://www.fidal.it/societa/ATLETICA-BRUGNERA-FRIULINTAGLI/PN039
8.67,8.67,e,DI PRIMA Matteo,1995,JM,PRO SESTO ATL.,6 fi- 1,Bergamo,2013-02-09,https://www.fidal.it/atleta/DI-PRIMA-Matteo/dq2Rk5uha2U%3D,https://www.fidal.it/societa/PRO-SESTO-ATL-/MI089
8.67,8.67,e,SANTORI Vittorio,1995,JM,TECNO ADRIATLETICA MARCHE,4 ba- 5,Ancona,2013-02-23,https://www.fidal.it/atleta/SANTORI-Vittorio/e6qRkpKjcWQ%3D,https://www.fidal.it/societa/TECNO-ADRIATLETICA-MARCHE/AP050
8.67,8.67,e,BACCI Andrea,1995,JM,ATLETICA LIVORNO,5 ba- 5,Ancona,2013-02-23,https://www.fidal.it/atleta/BACCI-Andrea/faiRm5ujcGU%3D,https://www.fidal.it/societa/ATLETICA-LIVORNO/LI036
8.67,8.67,e,SINISCALCHI Marco,1994,JM,CUS DEI LAGHI - ATL. VARESE,6 sf- 2,Ancona,2013-02-23,https://www.fidal.it/atleta/SINISCALCHI-Marco/dquRkpSmbWo%3D,https://www.fidal.it/societa/CUS-DEI-LAGHI-ATL--VARESE/VA123
8.68,8.68,e,VARIOLA Mattia,1995,JM,ATLETICA BRUGNERA FRIULINTAGLI,6 fi- 1,Udine,2013-01-20,https://www.fidal.it/atleta/VARIOLA-Mattia/eaqRkpqhcWo%3D,https://www.fidal.it/societa/ATLETICA-BRUGNERA-FRIULINTAGLI/PN039
8.68,8.68,e,VARIOLA Mattia,1995,JM,ATLETICA BRUGNERA FRIULINTAGLI,3 ba- 1,Udine,2013-02-03,https://www.fidal.it/atleta/VARIOLA-Mattia/eaqRkpqhcWo%3D,https://www.fidal.it/societa/ATLETICA-BRUGNERA-FRIULINTAGLI/PN039
8.68,8.68,e,VARIOLA Mattia,1995,JM,ATLETICA BRUGNERA FRIULINTAGLI,1 ba- 1,Pordenone,2013-02-09,https://www.fidal.it/atleta/VARIOLA-Mattia/eaqRkpqhcWo%3D,https://www.fidal.it/societa/ATLETICA-BRUGNERA-FRIULINTAGLI/PN039
8.68,8.68,e,VIDA Patrick,1994,JM,POLISPORTIVA TRIVENETO TRIESTE,4 ba- 2,Modena,2013-02-10,https://www.fidal.it/atleta/VIDA-Patrick/eauRkpuhamQ%3D,https://www.fidal.it/societa/POLISPORTIVA-TRIVENETO-TRIESTE/TS099
8.68,8.68,e,BRAMBILLA Andrea,1995,JM,ATL. LECCO-COLOMBO COSTRUZ.,5 sf- 3,Ancona,2013-02-23,https://www.fidal.it/atleta/BRAMBILLA-Andrea/dquRkpWjamk%3D,https://www.fidal.it/societa/ATL--LECCO-COLOMBO-COSTRUZ-/CO208
8.69,8.69,e,BRAMBILLA Andrea,1995,JM,ATL. LECCO-COLOMBO COSTRUZ.,4 se- 1,Ancona,2013-01-27,https://www.fidal.it/atleta/BRAMBILLA-Andrea/dquRkpWjamk%3D,https://www.fidal.it/societa/ATL--LECCO-COLOMBO-COSTRUZ-/CO208
8.69,8.69,e,MASSARO Marco,1994,JM,ASSINDUSTRIA SPORT PADOVA,2 ba- 2,Padova,2013-02-09,https://www.fidal.it/atleta/MASSARO-Marco/eKqRkpSjamg%3D,https://www.fidal.it/societa/ASSINDUSTRIA-SPORT-PADOVA/PD140
8.69,8.69,e,VARIOLA Mattia,1995,JM,ATLETICA BRUGNERA FRIULINTAGLI,5 ba- 3,Ancona,2013-02-23,https://www.fidal.it/atleta/VARIOLA-Mattia/eaqRkpqhcWo%3D,https://www.fidal.it/societa/ATLETICA-BRUGNERA-FRIULINTAGLI/PN039
8.69,8.69,e,LETIZIA Andrea,1994,JM,C.U.S. TORINO,5 ba- 4,Ancona,2013-02-23,https://www.fidal.it/atleta/LETIZIA-Andrea/dK6RlZKka2w%3D,https://www.fidal.it/societa/C-U-S--TORINO/TO001
8.69,8.69,e,DI PRIMA Matteo,1995,JM,PRO SESTO ATL.,6 ba- 5,Ancona,2013-02-23,https://www.fidal.it/atleta/DI-PRIMA-Matteo/dq2Rk5uha2U%3D,https://www.fidal.it/societa/PRO-SESTO-ATL-/MI089
8.7,8.70,e,DI BARI Lorenzo,1995,JM,ATL. ROMA SUD,2 fi- 1,Ancona,2013-01-19,https://www.fidal.it/atleta/DI-BARI-Lorenzo/f62RkpSkcWk%3D,https://www.fidal.it/societa/ATL--ROMA-SUD/RS521
8.7,8.70,e,GANDINI Mattia,1994,JM,ATL. RICCARDI MILANO,2 fi- 1,Aosta,2013-01-20,https://www.fidal.it/atleta/GANDINI-Mattia/dq2Rk5ilbWU%3D,https://www.fidal.it/societa/ATL--RICCARDI-MILANO/MI080
8.71,8.71,e,MASSARO Marco,1994,JM,ASSINDUSTRIA SPORT PADOVA,7 sf- 2,Ancona,2013-02-23,https://www.fidal.it/atleta/MASSARO-Marco/eKqRkpSjamg%3D,https://www.fidal.it/societa/ASSINDUSTRIA-SPORT-PADOVA/PD140
8.72,8.72,e,GANDINI Mattia,1994,JM,ATL. RICCARDI MILANO,3 ba- 1,Bergamo,2013-02-09,https://www.fidal.it/atleta/GANDINI-Mattia/dq2Rk5ilbWU%3D,https://www.fidal.it/societa/ATL--RICCARDI-MILANO/MI080
8.72,8.72,e,GATTI Andrea,1995,JM,ASSOCIAZIONE ATLETICA N.E.VI.,3 fi- 1,Padova,2013-02-09,https://www.fidal.it/atleta/GATTI-Andrea/eK6RkpSibGk%3D,https://www.fidal.it/societa/ASSOCIAZIONE-ATLETICA-N-E-VI-/VI623
8.72,8.72,e,BESOZZI DI CASTELBESOZZO Josiah omero,1994,JM,ATL. STUDENTESCA CA.RI.RI,3 fi- 1,Roma,2013-02-10,https://www.fidal.it/atleta/BESOZZI-DI-CASTELBESOZZO-Josiah-omero/f6yRkpOmbWs%3D,https://www.fidal.it/societa/ATL--STUDENTESCA-CA-RI-RI/RI223
8.72,8.72,e,MAZZOLA Matteo,1995,JM,LAGARINA CRUS TEAM,4 fi- 2,Modena,2013-02-10,https://www.fidal.it/atleta/MAZZOLA-Matteo/d6iRkpukbmQ%3D,https://www.fidal.it/societa/LAGARINA-CRUS-TEAM/TN131
8.72,8.72,e,VIDA Patrick,1994,JM,POLISPORTIVA TRIVENETO TRIESTE,5 fi- 2,Modena,2013-02-10,https://www.fidal.it/atleta/VIDA-Patrick/eauRkpuhamQ%3D,https://www.fidal.it/societa/POLISPORTIVA-TRIVENETO-TRIESTE/TS099
8.72,8.72,e,SIGNORILE Davide,1995,JM,A.S. ATLETICA TRICASE,5 ba- 1,Ancona,2013-02-23,https://www.fidal.it/atleta/SIGNORILE-Davide/hKyRkpKiamM%3D,https://www.fidal.it/societa/A-S--ATLETICA-TRICASE/LE602
8.73,8.73,e,SOTTILE Davide,1994,JM,ATLETICA VALSESIA,1 ba- 1,Aosta,2013-01-20,https://www.fidal.it/atleta/SOTTILE-Davide/dKAAARk5qga2M%3D,https://www.fidal.it/societa/ATLETICA-VALSESIA/VC045
8.73,8.73,e,DALLAI Daniele,1994,JM,ASD ATLETICA  PRATO,2 su- 1,Firenze,2013-01-26,https://www.fidal.it/atleta/DALLAI-Daniele/faiSkpSlcGM%3D,https://www.fidal.it/societa/ASD-ATLETICA-PRATO/PO149
8.73,8.73,e,DELL'ACQUA Luca,1995,JM,N.ATL. FANFULLA LODIGIANA,1 se- 2,Ancona,2013-01-27,https://www.fidal.it/atleta/DELL-ACQUA-Luca/drKRkpWfaGs%3D,https://www.fidal.it/societa/N-ATL--FANFULLA-LODIGIANA/MI218
8.73,8.73,e,DI BARI Lorenzo,1995,JM,ATL. ROMA SUD,3 fi- 1,Roma,2013-01-27,https://www.fidal.it/atleta/DI-BARI-Lorenzo/f62RkpSkcWk%3D,https://www.fidal.it/societa/ATL--ROMA-SUD/RS521
8.73,8.73,e,MASSARO Marco,1994,JM,ASSINDUSTRIA SPORT PADOVA,4 fi- 1,Padova,2013-02-09,https://www.fidal.it/atleta/MASSARO-Marco/eKqRkpSjamg%3D,https://www.fidal.it/societa/ASSINDUSTRIA-SPORT-PADOVA/PD140
8.74,8.74,e,NEMO Manuel,1995,JM,TECNO ADRIATLETICA MARCHE,1 ba- 1,Ancona,2013-01-05,https://www.fidal.it/atleta/NEMO-Manuel/e6iRk5WiaWU%3D,https://www.fidal.it/societa/TECNO-ADRIATLETICA-MARCHE/AP050
8.74,8.74,e,MASSARO Marco,1994,JM,ASSINDUSTRIA SPORT PADOVA,2 fi- 1,Padova,2013-01-12,https://www.fidal.it/atleta/MASSARO-Marco/eKqRkpSjamg%3D,https://www.fidal.it/societa/ASSINDUSTRIA-SPORT-PADOVA/PD140
8.74,8.74,e,MAZZOLA Matteo,1995,JM,LAGARINA CRUS TEAM,3 fi- 1,Modena,2013-01-12,https://www.fidal.it/atleta/MAZZOLA-Matteo/d6iRkpukbmQ%3D,https://www.fidal.it/societa/LAGARINA-CRUS-TEAM/TN131
8.74,8.74,e,DI BARI Lorenzo,1995,JM,ATL. ROMA SUD,2 ba- 6,Ancona,2013-02-23,https://www.fidal.it/atleta/DI-BARI-Lorenzo/f62RkpSkcWk%3D,https://www.fidal.it/societa/ATL--ROMA-SUD/RS521
8.74,8.74,e,BESOZZI DI CASTELBESOZZO Josiah omero,1994,JM,ATL. STUDENTESCA CA.RI.RI,5 ba- 2,Ancona,2013-02-23,https://www.fidal.it/atleta/BESOZZI-DI-CASTELBESOZZO-Josiah-omero/f6yRkpOmbWs%3D,https://www.fidal.it/societa/ATL--STUDENTESCA-CA-RI-RI/RI223
8.75,8.75,e,SANTORI Vittorio,1995,JM,TECNO ADRIATLETICA MARCHE,2 su- 1,Ancona,2013-01-13,https://www.fidal.it/atleta/SANTORI-Vittorio/e6qRkpKjcWQ%3D,https://www.fidal.it/societa/TECNO-ADRIATLETICA-MARCHE/AP050
8.75,8.75,e,VARIOLA Mattia,1995,JM,ATLETICA BRUGNERA FRIULINTAGLI,3 se- 1,Pordenone,2013-01-26,https://www.fidal.it/atleta/VARIOLA-Mattia/eaqRkpqhcWo%3D,https://www.fidal.it/societa/ATLETICA-BRUGNERA-FRIULINTAGLI/PN039
8.75,8.75,e,SANTORI Vittorio,1995,JM,TECNO ADRIATLETICA MARCHE,8 sf- 2,Ancona,2013-02-23,https://www.fidal.it/atleta/SANTORI-Vittorio/e6qRkpKjcWQ%3D,https://www.fidal.it/societa/TECNO-ADRIATLETICA-MARCHE/AP050
8.76,8.76,e,DI PRIMA Matteo,1995,JM,PRO SESTO ATL.,1 se- 2,Saronno,2013-01-13,https://www.fidal.it/atleta/DI-PRIMA-Matteo/dq2Rk5uha2U%3D,https://www.fidal.it/societa/PRO-SESTO-ATL-/MI089
8.76,8.76,e,BRAMBILLA Andrea,1995,JM,ATL. LECCO-COLOMBO COSTRUZ.,2 se- 1,Saronno,2013-01-13,https://www.fidal.it/atleta/BRAMBILLA-Andrea/dquRkpWjamk%3D,https://www.fidal.it/societa/ATL--LECCO-COLOMBO-COSTRUZ-/CO208
8.76,8.76,e,SANTORI Vittorio,1995,JM,TECNO ADRIATLETICA MARCHE,1 ba- 2,Ancona,2013-02-02,https://www.fidal.it/atleta/SANTORI-Vittorio/e6qRkpKjcWQ%3D,https://www.fidal.it/societa/TECNO-ADRIATLETICA-MARCHE/AP050
8.76,8.76,e,SANTORI Vittorio,1995,JM,TECNO ADRIATLETICA MARCHE,4 fi- 1,Ancona,2013-02-02,https://www.fidal.it/atleta/SANTORI-Vittorio/e6qRkpKjcWQ%3D,https://www.fidal.it/societa/TECNO-ADRIATLETICA-MARCHE/AP050
8.76,8.76,e,PARLANTE Andrea,1994,JM,MARATHON TRIESTE,4 ba- 1,Udine,2013-02-03,https://www.fidal.it/atleta/PARLANTE-Andrea/eauRkpmncGo%3D,https://www.fidal.it/societa/MARATHON-TRIESTE/TS044
8.76,8.76,e,DI PRIMA Matteo,1995,JM,PRO SESTO ATL.,2 ba- 3,Bergamo,2013-02-09,https://www.fidal.it/atleta/DI-PRIMA-Matteo/dq2Rk5uha2U%3D,https://www.fidal.it/societa/PRO-SESTO-ATL-/MI089
8.76,8.76,e,BRAMBILLA Andrea,1995,JM,ATL. LECCO-COLOMBO COSTRUZ.,3 ba- 6,Ancona,2013-02-23,https://www.fidal.it/atleta/BRAMBILLA-Andrea/dquRkpWjamk%3D,https://www.fidal.it/societa/ATL--LECCO-COLOMBO-COSTRUZ-/CO208
8.77,8.77,e,MAZZOLA Matteo,1995,JM,LAGARINA CRUS TEAM,2 ba- 1,Modena,2013-01-12,https://www.fidal.it/atleta/MAZZOLA-Matteo/d6iRkpukbmQ%3D,https://www.fidal.it/societa/LAGARINA-CRUS-TEAM/TN131
8.77,8.77,e,BONOMI Davide,1995,JM,LAGARINA CRUS TEAM,3 ba- 1,Modena,2013-01-12,https://www.fidal.it/atleta/BONOMI-Davide/d6iRk5SgaWw%3D,https://www.fidal.it/societa/LAGARINA-CRUS-TEAM/TN131
8.77,8.77,e,NEMO Manuel,1995,JM,TECNO ADRIATLETICA MARCHE,3 su- 1,Ancona,2013-01-13,https://www.fidal.it/atleta/NEMO-Manuel/e6iRk5WiaWU%3D,https://www.fidal.it/societa/TECNO-ADRIATLETICA-MARCHE/AP050
8.77,8.77,e,SINISCALCHI Marco,1994,JM,CUS DEI LAGHI - ATL. VARESE,2 fi- 1,Saronno,2013-01-26,https://www.fidal.it/atleta/SINISCALCHI-Marco/dquRkpSmbWo%3D,https://www.fidal.it/societa/CUS-DEI-LAGHI-ATL--VARESE/VA123
8.77,8.77,e,BONORA Matteo,1994,JM,SILCA ULTRALITE VITTORIO V.TO,3 ba- 2,Padova,2013-02-09,https://www.fidal.it/atleta/BONORA-Matteo/eKyRkpeocGc%3D,https://www.fidal.it/societa/SILCA-ULTRALITE-VITTORIO-V-TO/TV348
8.78,8.78,e,LETIZIA Andrea,1994,JM,C.U.S. TORINO,2 ba- 1,Aosta,2013-01-20,https://www.fidal.it/atleta/LETIZIA-Andrea/dK6RlZKka2w%3D,https://www.fidal.it/societa/C-U-S--TORINO/TO001
8.78,8.78,e,VIDA Patrick,1994,JM,POLISPORTIVA TRIVENETO TRIESTE,1 se- 2,Pordenone,2013-01-26,https://www.fidal.it/atleta/VIDA-Patrick/eauRkpuhamQ%3D,https://www.fidal.it/societa/POLISPORTIVA-TRIVENETO-TRIESTE/TS099
8.78,8.78,e,DI BARI Lorenzo,1995,JM,ATL. ROMA SUD,4 fi- 1,Roma,2013-02-10,https://www.fidal.it/atleta/DI-BARI-Lorenzo/f62RkpSkcWk%3D,https://www.fidal.it/societa/ATL--ROMA-SUD/RS521
8.79,8.79,e,VARIOLA Mattia,1995,JM,ATLETICA BRUGNERA FRIULINTAGLI,3 ba- 1,Udine,2013-01-13,https://www.fidal.it/atleta/VARIOLA-Mattia/eaqRkpqhcWo%3D,https://www.fidal.it/societa/ATLETICA-BRUGNERA-FRIULINTAGLI/PN039
8.79,8.79,e,FODERA' Gianluca,1994,JM,A.S.D. INTESATLETICA,4 fi- 1,Roma,2013-01-27,https://www.fidal.it/atleta/FODERA-Gianluca/f6iRmJilbmQ%3D,https://www.fidal.it/societa/A-S-D--INTESATLETICA/LT260
8.79,8.79,e,SOTTILE Davide,1994,JM,ATLETICA VALSESIA,5 se- 1,Ancona,2013-01-27,https://www.fidal.it/atleta/SOTTILE-Davide/dKAAARk5qga2M%3D,https://www.fidal.it/societa/ATLETICA-VALSESIA/VC045
8.8,8.80,e,BACCI Andrea,1995,JM,ATLETICA LIVORNO,3 su- 1,Firenze,2013-01-26,https://www.fidal.it/atleta/BACCI-Andrea/faiRm5ujcGU%3D,https://www.fidal.it/societa/ATLETICA-LIVORNO/LI036
8.8,8.80,e,SCORTECCIA Filippo,1994,JM,PROSPORT ATL. FIRENZE,3 su- 1,Firenze,2013-02-02,https://www.fidal.it/atleta/SCORTECCIA-Filippo/faiSkpulbmQ%3D,https://www.fidal.it/societa/PROSPORT-ATL--FIRENZE/FI009
8.8,8.80,e,MAZZOLA Matteo,1995,JM,LAGARINA CRUS TEAM,4 ba- 1,Ancona,2013-02-02,https://www.fidal.it/atleta/MAZZOLA-Matteo/d6iRkpukbmQ%3D,https://www.fidal.it/societa/LAGARINA-CRUS-TEAM/TN131
8.8,8.80,e,BONOMI Davide,1995,JM,LAGARINA CRUS TEAM,5 fi- 1,Padova,2013-02-09,https://www.fidal.it/atleta/BONOMI-Davide/d6iRk5SgaWw%3D,https://www.fidal.it/societa/LAGARINA-CRUS-TEAM/TN131
8.8,8.80,e,SOTTILE Davide,1994,JM,ATLETICA VALSESIA,3 ba- 1,Modena,2013-02-10,https://www.fidal.it/atleta/SOTTILE-Davide/dKAAARk5qga2M%3D,https://www.fidal.it/societa/ATLETICA-VALSESIA/VC045
8.8,8.80,e,PERTILE Guido,1995,JM,S.S. ROBUR BARBARANO,4 fi- 1,Bergamo,2013-02-16,https://www.fidal.it/atleta/PERTILE-Guido/dqqRl5OibGM%3D,https://www.fidal.it/societa/S-S--ROBUR-BARBARANO/BS178
8.8,8.80,e,DELIGIOS Federico,1994,JM,ATLETICA SANDRO CALVESI,4 ba- 6,Ancona,2013-02-23,https://www.fidal.it/atleta/DELIGIOS-Federico/jKiRlJWmaGo%3D,https://www.fidal.it/societa/ATLETICA-SANDRO-CALVESI/AO004
8.8,8.80,e,GANDINI Mattia,1994,JM,ATL. RICCARDI MILANO,6 ba- 1,Ancona,2013-02-23,https://www.fidal.it/atleta/GANDINI-Mattia/dq2Rk5ilbWU%3D,https://www.fidal.it/societa/ATL--RICCARDI-MILANO/MI080
8.81,8.81,e,SIGNORILE Davide,1995,JM,A.S. ATLETICA TRICASE,3 fi- 1,Ancona,2013-01-19,https://www.fidal.it/atleta/SIGNORILE-Davide/hKyRkpKiamM%3D,https://www.fidal.it/societa/A-S--ATLETICA-TRICASE/LE602
8.81,8.81,e,FANTINI Gabriele,1994,JM,ATLETICA VALSESIA,3 fi- 1,Aosta,2013-01-20,https://www.fidal.it/atleta/FANTINI-Gabriele/dKAAARlJKfamw%3D,https://www.fidal.it/societa/ATLETICA-VALSESIA/VC045
8.81,8.81,e,BONOMI Davide,1995,JM,LAGARINA CRUS TEAM,4 ba- 1,Udine,2013-01-20,https://www.fidal.it/atleta/BONOMI-Davide/d6iRk5SgaWw%3D,https://www.fidal.it/societa/LAGARINA-CRUS-TEAM/TN131
8.81,8.81,e,VIANELLO Stefano,1995,JM,ATLETICA MONZA,2 se- 4,Ancona,2013-01-27,https://www.fidal.it/atleta/VIANELLO-Stefano/dq2RlJSgcGQ%3D,https://www.fidal.it/societa/ATLETICA-MONZA/MI710
8.81,8.81,e,GANDINI Mattia,1994,JM,ATL. RICCARDI MILANO,5 se- 1,Magglingen,2013-02-02,https://www.fidal.it/atleta/GANDINI-Mattia/dq2Rk5ilbWU%3D,https://www.fidal.it/societa/ATL--RICCARDI-MILANO/MI080
8.81,8.81,e,GATTI Andrea,1995,JM,ASSOCIAZIONE ATLETICA N.E.VI.,1 ba- 1,Padova,2013-02-09,https://www.fidal.it/atleta/GATTI-Andrea/eK6RkpSibGk%3D,https://www.fidal.it/societa/ASSOCIAZIONE-ATLETICA-N-E-VI-/VI623
8.81,8.81,e,DELIGIOS Federico,1994,JM,ATLETICA SANDRO CALVESI,5 fi- 1,Bergamo,2013-02-16,https://www.fidal.it/atleta/DELIGIOS-Federico/jKiRlJWmaGo%3D,https://www.fidal.it/societa/ATLETICA-SANDRO-CALVESI/AO004
8.81,8.81,e,BONORA Matteo,1994,JM,SILCA ULTRALITE VITTORIO V.TO,5 ba- 6,Ancona,2013-02-23,https://www.fidal.it/atleta/BONORA-Matteo/eKyRkpeocGc%3D,https://www.fidal.it/societa/SILCA-ULTRALITE-VITTORIO-V-TO/TV348
8.82,8.82,e,VIDA Patrick,1994,JM,POLISPORTIVA TRIVENETO TRIESTE,5 ba- 1,Udine,2013-02-03,https://www.fidal.it/atleta/VIDA-Patrick/eauRkpuhamQ%3D,https://www.fidal.it/societa/POLISPORTIVA-TRIVENETO-TRIESTE/TS099
8.82,8.82,e,DI BARI Lorenzo,1995,JM,ATL. ROMA SUD,2 ba- 1,Roma,2013-02-10,https://www.fidal.it/atleta/DI-BARI-Lorenzo/f62RkpSkcWk%3D,https://www.fidal.it/societa/ATL--ROMA-SUD/RS521
8.82,8.82,e,PERTILE Guido,1995,JM,S.S. ROBUR BARBARANO,6 ba- 3,Ancona,2013-02-23,https://www.fidal.it/atleta/PERTILE-Guido/dqqRl5OibGM%3D,https://www.fidal.it/societa/S-S--ROBUR-BARBARANO/BS178
8.82,8.82,e,DI BARI Lorenzo,1995,JM,ATL. ROMA SUD,6 sf- 3,Ancona,2013-02-23,https://www.fidal.it/atleta/DI-BARI-Lorenzo/f62RkpSkcWk%3D,https://www.fidal.it/societa/ATL--ROMA-SUD/RS521
8.82,8.82,e,NETTUNO Federico,1975,SM35,N.ATL. FANFULLA LODIGIANA,5 se- 3,San Sebastian,2013-03-22,https://www.fidal.it/atleta/NETTUNO-Federico/dqiRkpahamo%3D,https://www.fidal.it/societa/N-ATL--FANFULLA-LODIGIANA/MI218
8.83,8.83,e,VIDA Patrick,1994,JM,POLISPORTIVA TRIVENETO TRIESTE,4 ba- 1,Udine,2013-01-13,https://www.fidal.it/atleta/VIDA-Patrick/eauRkpuhamQ%3D,https://www.fidal.it/societa/POLISPORTIVA-TRIVENETO-TRIESTE/TS099
8.84,8.84,e,GANDINI Mattia,1994,JM,ATL. RICCARDI MILANO,3 ba- 1,Aosta,2013-01-20,https://www.fidal.it/atleta/GANDINI-Mattia/dq2Rk5ilbWU%3D,https://www.fidal.it/societa/ATL--RICCARDI-MILANO/MI080
8.84,8.84,e,SANTORI Vittorio,1995,JM,TECNO ADRIATLETICA MARCHE,2 ba- 1,Ancona,2013-02-09,https://www.fidal.it/atleta/SANTORI-Vittorio/e6qRkpKjcWQ%3D,https://www.fidal.it/societa/TECNO-ADRIATLETICA-MARCHE/AP050
8.84,8.84,e,BONOMI Davide,1995,JM,LAGARINA CRUS TEAM,4 ba- 2,Padova,2013-02-09,https://www.fidal.it/atleta/BONOMI-Davide/d6iRk5SgaWw%3D,https://www.fidal.it/societa/LAGARINA-CRUS-TEAM/TN131
8.85,8.85,e,NEMO Manuel,1995,JM,TECNO ADRIATLETICA MARCHE,1 fi- 1,Ancona,2013-01-05,https://www.fidal.it/atleta/NEMO-Manuel/e6iRk5WiaWU%3D,https://www.fidal.it/societa/TECNO-ADRIATLETICA-MARCHE/AP050
8.85,8.85,e,MASSARO Marco,1994,JM,ASSINDUSTRIA SPORT PADOVA,2 ba- 1,Padova,2013-01-12,https://www.fidal.it/atleta/MASSARO-Marco/eKqRkpSjamg%3D,https://www.fidal.it/societa/ASSINDUSTRIA-SPORT-PADOVA/PD140
8.85,8.85,e,VARIOLA Mattia,1995,JM,ATLETICA BRUGNERA FRIULINTAGLI,3 fi- 1,Udine,2013-01-13,https://www.fidal.it/atleta/VARIOLA-Mattia/eaqRkpqhcWo%3D,https://www.fidal.it/societa/ATLETICA-BRUGNERA-FRIULINTAGLI/PN039
8.85,8.85,e,PARLANTE Andrea,1994,JM,MARATHON TRIESTE,2 se- 2,Pordenone,2013-01-26,https://www.fidal.it/atleta/PARLANTE-Andrea/eauRkpmncGo%3D,https://www.fidal.it/societa/MARATHON-TRIESTE/TS044
8.85,8.85,e,FERRIGHETTO Ivan,1995,JM,ANA ATL.FELTRE,5 ba- 2,Padova,2013-02-09,https://www.fidal.it/atleta/FERRIGHETTO-Ivan/eKmRlJKkaGU%3D,https://www.fidal.it/societa/ANA-ATL-FELTRE/BL012
8.85,8.85,e,FANTINI Gabriele,1994,JM,ATLETICA VALSESIA,7 sf- 1,Ancona,2013-02-23,https://www.fidal.it/atleta/FANTINI-Gabriele/dKAAARlJKfamw%3D,https://www.fidal.it/societa/ATLETICA-VALSESIA/VC045
8.86,8.86,e,DELL'ACQUA Luca,1995,JM,N.ATL. FANFULLA LODIGIANA,3 se- 1,Saronno,2013-01-13,https://www.fidal.it/atleta/DELL-ACQUA-Luca/drKRkpWfaGs%3D,https://www.fidal.it/societa/N-ATL--FANFULLA-LODIGIANA/MI218
8.86,8.86,e,VIDA Patrick,1994,JM,POLISPORTIVA TRIVENETO TRIESTE,4 fi- 1,Udine,2013-01-13,https://www.fidal.it/atleta/VIDA-Patrick/eauRkpuhamQ%3D,https://www.fidal.it/societa/POLISPORTIVA-TRIVENETO-TRIESTE/TS099
8.86,8.86,e,CAMPELLO Marco,1994,JM,ATLETICA PORDENONE,7 fi- 1,Udine,2013-01-20,https://www.fidal.it/atleta/CAMPELLO-Marco/eaqRkpmnbmU%3D,https://www.fidal.it/societa/ATLETICA-PORDENONE/PN021
8.86,8.86,e,CAMPELLO Marco,1994,JM,ATLETICA PORDENONE,3 se- 2,Pordenone,2013-01-26,https://www.fidal.it/atleta/CAMPELLO-Marco/eaqRkpmnbmU%3D,https://www.fidal.it/societa/ATLETICA-PORDENONE/PN021
8.86,8.86,e,PERULLI Leandro,1995,JM,S.E.F. VIRTUS EMILSIDER BO,2 ba- 1,Modena,2013-02-02,https://www.fidal.it/atleta/PERULLI-Leandro/eqmRkpOobmQ%3D,https://www.fidal.it/societa/S-E-F--VIRTUS-EMILSIDER-BO/BO007
8.87,8.87,e,CAMPELLO Marco,1994,JM,ATLETICA PORDENONE,5 ba- 1,Udine,2013-01-20,https://www.fidal.it/atleta/CAMPELLO-Marco/eaqRkpmnbmU%3D,https://www.fidal.it/societa/ATLETICA-PORDENONE/PN021
8.87,8.87,e,PERULLI Leandro,1995,JM,S.E.F. VIRTUS EMILSIDER BO,2 fi- 1,Modena,2013-02-02,https://www.fidal.it/atleta/PERULLI-Leandro/eqmRkpOobmQ%3D,https://www.fidal.it/societa/S-E-F--VIRTUS-EMILSIDER-BO/BO007
8.87,8.87,e,SANTORI Vittorio,1995,JM,TECNO ADRIATLETICA MARCHE,2 fi- 1,Ancona,2013-02-09,https://www.fidal.it/atleta/SANTORI-Vittorio/e6qRkpKjcWQ%3D,https://www.fidal.it/societa/TECNO-ADRIATLETICA-MARCHE/AP050
8.87,8.87,e,GATTI Andrea,1995,JM,ASSOCIAZIONE ATLETICA N.E.VI.,6 ba- 6,Ancona,2013-02-23,https://www.fidal.it/atleta/GATTI-Andrea/eK6RkpSibGk%3D,https://www.fidal.it/societa/ASSOCIAZIONE-ATLETICA-N-E-VI-/VI623
8.87,8.87,e,DELIGIOS Federico,1994,JM,ATLETICA SANDRO CALVESI,1 su- 1,Aosta,2013-03-24,https://www.fidal.it/atleta/DELIGIOS-Federico/jKiRlJWmaGo%3D,https://www.fidal.it/societa/ATLETICA-SANDRO-CALVESI/AO004
8.89,8.89,e,FERRIGHETTO Ivan,1995,JM,ANA ATL.FELTRE,3 fi- 1,Padova,2013-01-12,https://www.fidal.it/atleta/FERRIGHETTO-Ivan/eKmRlJKkaGU%3D,https://www.fidal.it/societa/ANA-ATL-FELTRE/BL012
8.89,8.89,e,NETTUNO Federico,1975,SM35,N.ATL. FANFULLA LODIGIANA,5 sf- 1,San Sebastian,2013-03-23,https://www.fidal.it/atleta/NETTUNO-Federico/dqiRkpahamo%3D,https://www.fidal.it/societa/N-ATL--FANFULLA-LODIGIANA/MI218
8.9,8.90,e,SIGNORILE Davide,1995,JM,A.S. ATLETICA TRICASE,2 ba- 1,Ancona,2013-01-19,https://www.fidal.it/atleta/SIGNORILE-Davide/hKyRkpKiamM%3D,https://www.fidal.it/societa/A-S--ATLETICA-TRICASE/LE602
8.9,8.90,e,MASSARO Marco,1994,JM,ASSINDUSTRIA SPORT PADOVA,4 se- 1,Pordenone,2013-01-26,https://www.fidal.it/atleta/MASSARO-Marco/eKqRkpSjamg%3D,https://www.fidal.it/societa/ASSINDUSTRIA-SPORT-PADOVA/PD140
8.9,8.90,e,BRUJA Angelo,1995,JM,A.S.D. ARU  TERNI,3 fi- 1,Ancona,2013-02-09,https://www.fidal.it/atleta/BRUJA-Angelo/fqqRkpKfcGg%3D,https://www.fidal.it/societa/A-S-D--ARU-TERNI/TR002
8.91,8.91,e,DELIGIOS Federico,1994,JM,ATLETICA SANDRO CALVESI,3 ba- 2,Bergamo,2013-02-09,https://www.fidal.it/atleta/DELIGIOS-Federico/jKiRlJWmaGo%3D,https://www.fidal.it/societa/ATLETICA-SANDRO-CALVESI/AO004
8.91,8.91,e,DALLAI Daniele,1994,JM,ASD ATLETICA  PRATO,6 ba- 4,Ancona,2013-02-23,https://www.fidal.it/atleta/DALLAI-Daniele/faiSkpSlcGM%3D,https://www.fidal.it/societa/ASD-ATLETICA-PRATO/PO149
8.92,8.92,e,CECCHIN Alessandro,1995,JM,ASSOCIAZIONE ATLETICA N.E.VI.,6 se- 1,Ancona,2013-01-27,https://www.fidal.it/atleta/CECCHIN-Alessandro/eK6RkpSkbGw%3D,https://www.fidal.it/societa/ASSOCIAZIONE-ATLETICA-N-E-VI-/VI623
8.92,8.92,e,BARTOLETTI Andrea,1995,JM,ASD U.S. ATERNO PESCARA,4 fi- 1,Ancona,2013-02-09,https://www.fidal.it/atleta/BARTOLETTI-Andrea/gaqRkpKicGc%3D,https://www.fidal.it/societa/ASD-U-S--ATERNO-PESCARA/PE001
8.92,8.92,e,BESOZZI DI CASTELBESOZZO Josiah omero,1994,JM,ATL. STUDENTESCA CA.RI.RI,3 ba- 1,Roma,2013-02-10,https://www.fidal.it/atleta/BESOZZI-DI-CASTELBESOZZO-Josiah-omero/f6yRkpOmbWs%3D,https://www.fidal.it/societa/ATL--STUDENTESCA-CA-RI-RI/RI223
8.92,8.92,e,MARCONI Francesco,1995,JM,TREVISATLETICA,4 ba- 1,Modena,2013-02-10,https://www.fidal.it/atleta/MARCONI-Francesco/eKyRkpSnamM%3D,https://www.fidal.it/societa/TREVISATLETICA/TV354
8.92,8.92,e,RIGHETTINI Giacomo,1995,JM,S.S. ROBUR BARBARANO,1 fi- 2,Bergamo,2013-02-16,https://www.fidal.it/atleta/RIGHETTINI-Giacomo/dqqRlpuncWU%3D,https://www.fidal.it/societa/S-S--ROBUR-BARBARANO/BS178
8.93,8.93,e,BARTOLETTI Andrea,1995,JM,ASD U.S. ATERNO PESCARA,4 fi- 1,Ancona,2013-01-19,https://www.fidal.it/atleta/BARTOLETTI-Andrea/gaqRkpKicGc%3D,https://www.fidal.it/societa/ASD-U-S--ATERNO-PESCARA/PE001
8.93,8.93,e,SINISCALCHI Marco,1994,JM,CUS DEI LAGHI - ATL. VARESE,2 ba- 1,Saronno,2013-01-26,https://www.fidal.it/atleta/SINISCALCHI-Marco/dquRkpSmbWo%3D,https://www.fidal.it/societa/CUS-DEI-LAGHI-ATL--VARESE/VA123
8.94,8.94,e,LO VERME Marco,1995,JM,PRO PATRIA A.R.C. BUSTO A.,2 se- 3,Saronno,2013-01-13,https://www.fidal.it/atleta/LO-VERME-Marco/drKRkpWkamQ%3D,https://www.fidal.it/societa/PRO-PATRIA-A-R-C--BUSTO-A-/VA121
8.94,8.94,e,FODERA' Gianluca,1994,JM,A.S.D. INTESATLETICA,2 ba- 1,Roma,2013-01-27,https://www.fidal.it/atleta/FODERA-Gianluca/f6iRmJilbmQ%3D,https://www.fidal.it/societa/A-S-D--INTESATLETICA/LT260
8.94,8.94,e,NEMO Manuel,1995,JM,TECNO ADRIATLETICA MARCHE,7 se- 1,Ancona,2013-01-27,https://www.fidal.it/atleta/NEMO-Manuel/e6iRk5WiaWU%3D,https://www.fidal.it/societa/TECNO-ADRIATLETICA-MARCHE/AP050
8.94,8.94,e,PERTILE Guido,1995,JM,S.S. ROBUR BARBARANO,2 ba- 1,Bergamo,2013-02-16,https://www.fidal.it/atleta/PERTILE-Guido/dqqRl5OibGM%3D,https://www.fidal.it/societa/S-S--ROBUR-BARBARANO/BS178
8.95,8.95,e,VIGLIANESE Giorgio,1995,JM,E.SERVIZI ATL. FUTURA ROMA,1 fi- 1,Roma,2013-01-13,https://www.fidal.it/atleta/VIGLIANESE-Giorgio/f6iRmZinbmQ%3D,https://www.fidal.it/societa/E-SERVIZI-ATL--FUTURA-ROMA/RM555
8.95,8.95,e,DELIGIOS Federico,1994,JM,ATLETICA SANDRO CALVESI,1 su- 1,Aosta,2013-02-03,https://www.fidal.it/atleta/DELIGIOS-Federico/jKiRlJWmaGo%3D,https://www.fidal.it/societa/ATLETICA-SANDRO-CALVESI/AO004
8.95,8.95,e,BENAGLIA Giuliano,1994,JM,UNIONE SPORTIVA ALBATESE ASD,2 fi- 2,Bergamo,2013-02-09,https://www.fidal.it/atleta/BENAGLIA-Giuliano/dquRkpSla2o%3D,https://www.fidal.it/societa/UNIONE-SPORTIVA-ALBATESE-ASD/CO546
8.95,8.95,e,DELIGIOS Federico,1994,JM,ATLETICA SANDRO CALVESI,3 ba- 1,Bergamo,2013-02-16,https://www.fidal.it/atleta/DELIGIOS-Federico/jKiRlJWmaGo%3D,https://www.fidal.it/societa/ATLETICA-SANDRO-CALVESI/AO004
8.95,8.95,e,FODERA' Gianluca,1994,JM,A.S.D. INTESATLETICA,7 ba- 4,Ancona,2013-02-23,https://www.fidal.it/atleta/FODERA-Gianluca/f6iRmJilbmQ%3D,https://www.fidal.it/societa/A-S-D--INTESATLETICA/LT260
8.96,8.96,e,DI BARI Lorenzo,1995,JM,ATL. ROMA SUD,3 ba- 1,Roma,2013-01-27,https://www.fidal.it/atleta/DI-BARI-Lorenzo/f62RkpSkcWk%3D,https://www.fidal.it/societa/ATL--ROMA-SUD/RS521
8.96,8.96,e,COME' Andre',1995,JM,ATLETICA SANDRO CALVESI,2 su- 1,Aosta,2013-02-03,https://www.fidal.it/atleta/COME-Andre-/jKiRlJWobGo%3D,https://www.fidal.it/societa/ATLETICA-SANDRO-CALVESI/AO004
8.97,8.97,e,DELIGIOS Federico,1994,JM,ATLETICA SANDRO CALVESI,4 fi- 1,Aosta,2013-01-20,https://www.fidal.it/atleta/DELIGIOS-Federico/jKiRlJWmaGo%3D,https://www.fidal.it/societa/ATLETICA-SANDRO-CALVESI/AO004
8.97,8.97,e,RIGHETTINI Giacomo,1995,JM,S.S. ROBUR BARBARANO,2 se- 2,Ancona,2013-01-27,https://www.fidal.it/atleta/RIGHETTINI-Giacomo/dqqRlpuncWU%3D,https://www.fidal.it/societa/S-S--ROBUR-BARBARANO/BS178
8.98,8.98,e,DI BARI Lorenzo,1995,JM,ATL. ROMA SUD,3 ba- 1,Ancona,2013-01-19,https://www.fidal.it/atleta/DI-BARI-Lorenzo/f62RkpSkcWk%3D,https://www.fidal.it/societa/ATL--ROMA-SUD/RS521
8.98,8.98,e,BARTOLETTI Andrea,1995,JM,ASD U.S. ATERNO PESCARA,4 ba- 1,Ancona,2013-01-19,https://www.fidal.it/atleta/BARTOLETTI-Andrea/gaqRkpKicGc%3D,https://www.fidal.it/societa/ASD-U-S--ATERNO-PESCARA/PE001
8.98,8.98,e,FANTINI Gabriele,1994,JM,ATLETICA VALSESIA,4 ba- 1,Aosta,2013-01-20,https://www.fidal.it/atleta/FANTINI-Gabriele/dKAAARlJKfamw%3D,https://www.fidal.it/societa/ATLETICA-VALSESIA/VC045
8.98,8.98,e,COME' Andre',1995,JM,ATLETICA SANDRO CALVESI,5 fi- 1,Aosta,2013-01-20,https://www.fidal.it/atleta/COME-Andre-/jKiRlJWobGo%3D,https://www.fidal.it/societa/ATLETICA-SANDRO-CALVESI/AO004
8.98,8.98,e,VIDA Patrick,1994,JM,POLISPORTIVA TRIVENETO TRIESTE,8 fi- 1,Udine,2013-01-20,https://www.fidal.it/atleta/VIDA-Patrick/eauRkpuhamQ%3D,https://www.fidal.it/societa/POLISPORTIVA-TRIVENETO-TRIESTE/TS099
8.98,8.98,e,BARTOLETTI Andrea,1995,JM,ASD U.S. ATERNO PESCARA,5 fi- 1,Ancona,2013-02-02,https://www.fidal.it/atleta/BARTOLETTI-Andrea/gaqRkpKicGc%3D,https://www.fidal.it/societa/ASD-U-S--ATERNO-PESCARA/PE001
8.98,8.98,e,CREMONINI Simone,1995,JM,MODENA ATLETICA,5 ba- 3,Modena,2013-02-10,https://www.fidal.it/atleta/CREMONINI-Simone/eqiRlZmna2Q%3D,https://www.fidal.it/societa/MODENA-ATLETICA/MO497
8.98,8.98,e,FODERA' Gianluca,1994,JM,A.S.D. INTESATLETICA,1 se- 2,Napoli,2013-02-16,https://www.fidal.it/atleta/FODERA-Gianluca/f6iRmJilbmQ%3D,https://www.fidal.it/societa/A-S-D--INTESATLETICA/LT260
8.99,8.99,e,PARLANTE Andrea,1994,JM,MARATHON TRIESTE,5 ba- 1,Udine,2013-01-13,https://www.fidal.it/atleta/PARLANTE-Andrea/eauRkpmncGo%3D,https://www.fidal.it/societa/MARATHON-TRIESTE/TS044
8.99,8.99,e,DELIGIOS Federico,1994,JM,ATLETICA SANDRO CALVESI,5 ba- 1,Aosta,2013-01-20,https://www.fidal.it/atleta/DELIGIOS-Federico/jKiRlJWmaGo%3D,https://www.fidal.it/societa/ATLETICA-SANDRO-CALVESI/AO004
8.99,8.99,e,TIRABASSI Sasha,1995,JM,TECNO ADRIATLETICA MARCHE,2 ba- 2,Ancona,2013-02-02,https://www.fidal.it/atleta/TIRABASSI-Sasha/e6iRk5ehaGw%3D,https://www.fidal.it/societa/TECNO-ADRIATLETICA-MARCHE/AP050
8.99,8.99,e,BACCI Andrea,1995,JM,ATLETICA LIVORNO,7 sf- 3,Ancona,2013-02-23,https://www.fidal.it/atleta/BACCI-Andrea/faiRm5ujcGU%3D,https://www.fidal.it/societa/ATLETICA-LIVORNO/LI036
9.0,9.00,e,RIGHETTINI Giacomo,1995,JM,S.S. ROBUR BARBARANO,2 se- 2,Saronno,2013-01-13,https://www.fidal.it/atleta/RIGHETTINI-Giacomo/dqqRlpuncWU%3D,https://www.fidal.it/societa/S-S--ROBUR-BARBARANO/BS178
9.0,9.00,e,GHIRARDELLI Nicola,1994,JM,ATL. LECCO-COLOMBO COSTRUZ.,1 se- 3,Ancona,2013-01-27,https://www.fidal.it/atleta/GHIRARDELLI-Nicola/dquRkpWkbms%3D,https://www.fidal.it/societa/ATL--LECCO-COLOMBO-COSTRUZ-/CO208
9.0,9.00,e,PARLANTE Andrea,1994,JM,MARATHON TRIESTE,5 fi- 1,Udine,2013-02-03,https://www.fidal.it/atleta/PARLANTE-Andrea/eauRkpmncGo%3D,https://www.fidal.it/societa/MARATHON-TRIESTE/TS044
9.01,9.01,e,BARTOLETTI Andrea,1995,JM,ASD U.S. ATERNO PESCARA,3 ba- 2,Ancona,2013-02-02,https://www.fidal.it/atleta/BARTOLETTI-Andrea/gaqRkpKicGc%3D,https://www.fidal.it/societa/ASD-U-S--ATERNO-PESCARA/PE001
9.02,9.02,e,PERULLI Leandro,1995,JM,S.E.F. VIRTUS EMILSIDER BO,3 ba- 1,Modena,2013-01-19,https://www.fidal.it/atleta/PERULLI-Leandro/eqmRkpOobmQ%3D,https://www.fidal.it/societa/S-E-F--VIRTUS-EMILSIDER-BO/BO007
9.02,9.02,e,VIDA Patrick,1994,JM,POLISPORTIVA TRIVENETO TRIESTE,3 ba- 2,Udine,2013-01-20,https://www.fidal.it/atleta/VIDA-Patrick/eauRkpuhamQ%3D,https://www.fidal.it/societa/POLISPORTIVA-TRIVENETO-TRIESTE/TS099
9.02,9.02,e,SCHEMBRI Alessio,1995,JM,N.ATL. FANFULLA LODIGIANA,3 fi- 2,Bergamo,2013-02-09,https://www.fidal.it/atleta/SCHEMBRI-Alessio/drKRkpWobGc%3D,https://www.fidal.it/societa/N-ATL--FANFULLA-LODIGIANA/MI218
9.02,9.02,e,MARAZZI Nicholas,1994,JM,UNIONE SPORTIVA ALBATESE ASD,2 fi- 2,Bergamo,2013-02-16,https://www.fidal.it/atleta/MARAZZI-Nicholas/dquRkpmjaGQ%3D,https://www.fidal.it/societa/UNIONE-SPORTIVA-ALBATESE-ASD/CO546
9.03,9.03,e,FERRIGHETTO Ivan,1995,JM,ANA ATL.FELTRE,2 ba- 2,Padova,2013-01-12,https://www.fidal.it/atleta/FERRIGHETTO-Ivan/eKmRlJKkaGU%3D,https://www.fidal.it/societa/ANA-ATL-FELTRE/BL012
9.03,9.03,e,PARLANTE Andrea,1994,JM,MARATHON TRIESTE,4 ba- 2,Udine,2013-01-20,https://www.fidal.it/atleta/PARLANTE-Andrea/eauRkpmncGo%3D,https://www.fidal.it/societa/MARATHON-TRIESTE/TS044
9.03,9.03,e,SCARABELLO Luca,1994,JM,FONDAZIONE M. BENTEGODI,3 fi- 1,Modena,2013-02-02,https://www.fidal.it/atleta/SCARABELLO-Luca/eKAAARkpSmcWo%3D,https://www.fidal.it/societa/FONDAZIONE-M--BENTEGODI/VR784
9.03,9.03,e,BARTOLETTI Andrea,1995,JM,ASD U.S. ATERNO PESCARA,3 ba- 1,Ancona,2013-02-09,https://www.fidal.it/atleta/BARTOLETTI-Andrea/gaqRkpKicGc%3D,https://www.fidal.it/societa/ASD-U-S--ATERNO-PESCARA/PE001
9.03,9.03,e,COME' Andre',1995,JM,ATLETICA SANDRO CALVESI,3 ba- 3,Bergamo,2013-02-09,https://www.fidal.it/atleta/COME-Andre-/jKiRlJWobGo%3D,https://www.fidal.it/societa/ATLETICA-SANDRO-CALVESI/AO004
9.03,9.03,e,BENAGLIA Giuliano,1994,JM,UNIONE SPORTIVA ALBATESE ASD,4 ba- 2,Bergamo,2013-02-09,https://www.fidal.it/atleta/BENAGLIA-Giuliano/dquRkpSla2o%3D,https://www.fidal.it/societa/UNIONE-SPORTIVA-ALBATESE-ASD/CO546
9.04,9.04,e,MARAZZI Nicholas,1994,JM,UNIONE SPORTIVA ALBATESE ASD,4 ba- 1,Bergamo,2013-02-16,https://www.fidal.it/atleta/MARAZZI-Nicholas/dquRkpmjaGQ%3D,https://www.fidal.it/societa/UNIONE-SPORTIVA-ALBATESE-ASD/CO546
9.04,9.04,e,BENAGLIA Giuliano,1994,JM,UNIONE SPORTIVA ALBATESE ASD,4 ba- 1,Bergamo,2013-02-16,https://www.fidal.it/atleta/BENAGLIA-Giuliano/dquRkpSla2o%3D,https://www.fidal.it/societa/UNIONE-SPORTIVA-ALBATESE-ASD/CO546
9.05,9.05,e,PARLANTE Andrea,1994,JM,MARATHON TRIESTE,5 fi- 1,Udine,2013-01-13,https://www.fidal.it/atleta/PARLANTE-Andrea/eauRkpmncGo%3D,https://www.fidal.it/societa/MARATHON-TRIESTE/TS044
9.05,9.05,e,PERULLI Leandro,1995,JM,S.E.F. VIRTUS EMILSIDER BO,3 fi- 1,Modena,2013-01-19,https://www.fidal.it/atleta/PERULLI-Leandro/eqmRkpOobmQ%3D,https://www.fidal.it/societa/S-E-F--VIRTUS-EMILSIDER-BO/BO007
9.05,9.05,e,SCORTECCIA Filippo,1994,JM,PROSPORT ATL. FIRENZE,3 se- 2,Ancona,2013-01-27,https://www.fidal.it/atleta/SCORTECCIA-Filippo/faiSkpulbmQ%3D,https://www.fidal.it/societa/PROSPORT-ATL--FIRENZE/FI009
9.05,9.05,e,BRUJA Angelo,1995,JM,A.S.D. ARU  TERNI,4 ba- 1,Ancona,2013-02-09,https://www.fidal.it/atleta/BRUJA-Angelo/fqqRkpKfcGg%3D,https://www.fidal.it/societa/A-S-D--ARU-TERNI/TR002
9.05,9.05,e,COME' Andre',1995,JM,ATLETICA SANDRO CALVESI,4 fi- 2,Bergamo,2013-02-09,https://www.fidal.it/atleta/COME-Andre-/jKiRlJWobGo%3D,https://www.fidal.it/societa/ATLETICA-SANDRO-CALVESI/AO004
9.06,9.06,e,DI GIOIA Antonio,1994,JM,ASD ENTERPRISE SPORT & SERVICE,2 se- 3,Ancona,2013-01-27,https://www.fidal.it/atleta/DI-GIOIA-Antonio/hKuRkpKfb2o%3D,https://www.fidal.it/societa/ASD-ENTERPRISE-SPORT-&-SERVICE/AV208
9.06,9.06,e,COME' Andre',1995,JM,ATLETICA SANDRO CALVESI,4 se- 2,Ancona,2013-01-27,https://www.fidal.it/atleta/COME-Andre-/jKiRlJWobGo%3D,https://www.fidal.it/societa/ATLETICA-SANDRO-CALVESI/AO004
9.06,9.06,e,SCARABELLO Luca,1994,JM,FONDAZIONE M. BENTEGODI,2 ba- 1,Padova,2013-02-09,https://www.fidal.it/atleta/SCARABELLO-Luca/eKAAARkpSmcWo%3D,https://www.fidal.it/societa/FONDAZIONE-M--BENTEGODI/VR784
9.06,9.06,e,VIGLIANESE Giorgio,1995,JM,E.SERVIZI ATL. FUTURA ROMA,5 fi- 1,Roma,2013-02-10,https://www.fidal.it/atleta/VIGLIANESE-Giorgio/f6iRmZinbmQ%3D,https://www.fidal.it/societa/E-SERVIZI-ATL--FUTURA-ROMA/RM555
9.06,9.06,e,COME' Andre',1995,JM,ATLETICA SANDRO CALVESI,3 ba- 2,Bergamo,2013-02-16,https://www.fidal.it/atleta/COME-Andre-/jKiRlJWobGo%3D,https://www.fidal.it/societa/ATLETICA-SANDRO-CALVESI/AO004
9.06,9.06,e,COME' Andre',1995,JM,ATLETICA SANDRO CALVESI,3 fi- 2,Bergamo,2013-02-16,https://www.fidal.it/atleta/COME-Andre-/jKiRlJWobGo%3D,https://www.fidal.it/societa/ATLETICA-SANDRO-CALVESI/AO004
9.07,9.07,e,AMORUSI Matteo,1994,JM,ATL. STUDENTESCA CA.RI.RI,2 fi- 1,Roma,2013-01-13,https://www.fidal.it/atleta/AMORUSI-Matteo/f6yRkpOjaWg%3D,https://www.fidal.it/societa/ATL--STUDENTESCA-CA-RI-RI/RI223
9.07,9.07,e,BENAGLIA Giuliano,1994,JM,UNIONE SPORTIVA ALBATESE ASD,4 fi- 2,Bergamo,2013-02-16,https://www.fidal.it/atleta/BENAGLIA-Giuliano/dquRkpSla2o%3D,https://www.fidal.it/societa/UNIONE-SPORTIVA-ALBATESE-ASD/CO546
9.08,9.08,e,GATTI Mattia,1994,JM,ASSOCIAZIONE ATLETICA N.E.VI.,1 fi- 2,Padova,2013-01-12,https://www.fidal.it/atleta/GATTI-Mattia/eK6RkpSfaWU%3D,https://www.fidal.it/societa/ASSOCIAZIONE-ATLETICA-N-E-VI-/VI623
9.08,9.08,e,COME' Andre',1995,JM,ATLETICA SANDRO CALVESI,6 ba- 1,Aosta,2013-01-20,https://www.fidal.it/atleta/COME-Andre-/jKiRlJWobGo%3D,https://www.fidal.it/societa/ATLETICA-SANDRO-CALVESI/AO004
9.08,9.08,e,VIGLIANESE Giorgio,1995,JM,E.SERVIZI ATL. FUTURA ROMA,4 ba- 1,Roma,2013-01-27,https://www.fidal.it/atleta/VIGLIANESE-Giorgio/f6iRmZinbmQ%3D,https://www.fidal.it/societa/E-SERVIZI-ATL--FUTURA-ROMA/RM555
9.1,9.10,e,RAMAGLIA Andrea,1994,JM,PRO PATRIA A.R.C. BUSTO A.,4 se- 1,Saronno,2013-01-13,https://www.fidal.it/atleta/RAMAGLIA-Andrea/drKRkpSjbGs%3D,https://www.fidal.it/societa/PRO-PATRIA-A-R-C--BUSTO-A-/VA121
9.1,9.10,e,ZANATO Samir,1994,JM,ASSOCIAZIONE ATLETICA N.E.VI.,3 ba- 1,Padova,2013-02-09,https://www.fidal.it/atleta/ZANATO-Samir/eK6RkpKkbmo%3D,https://www.fidal.it/societa/ASSOCIAZIONE-ATLETICA-N-E-VI-/VI623
9.11,9.11,e,CAMPELLO Marco,1994,JM,ATLETICA PORDENONE,6 ba- 1,Udine,2013-02-03,https://www.fidal.it/atleta/CAMPELLO-Marco/eaqRkpmnbmU%3D,https://www.fidal.it/societa/ATLETICA-PORDENONE/PN021
9.11,9.11,e,MARAZZI Nicholas,1994,JM,UNIONE SPORTIVA ALBATESE ASD,5 fi- 2,Bergamo,2013-02-09,https://www.fidal.it/atleta/MARAZZI-Nicholas/dquRkpmjaGQ%3D,https://www.fidal.it/societa/UNIONE-SPORTIVA-ALBATESE-ASD/CO546
9.11,9.11,e,MARCONI Francesco,1995,JM,TREVISATLETICA,7 ba- 5,Ancona,2013-02-23,https://www.fidal.it/atleta/MARCONI-Francesco/eKyRkpSnamM%3D,https://www.fidal.it/societa/TREVISATLETICA/TV354
9.12,9.12,e,SCHEMBRI Alessio,1995,JM,N.ATL. FANFULLA LODIGIANA,4 ba- 1,Bergamo,2013-02-09,https://www.fidal.it/atleta/SCHEMBRI-Alessio/drKRkpWobGc%3D,https://www.fidal.it/societa/N-ATL--FANFULLA-LODIGIANA/MI218
9.12,9.12,e,BADIN Giorgio,1971,SM40,POLISPORTIVA TRIVENETO TRIESTE,1 se- 2,Ancona,2013-03-09,https://www.fidal.it/atleta/BADIN-Giorgio/eauRk5OjbWY%3D,https://www.fidal.it/societa/POLISPORTIVA-TRIVENETO-TRIESTE/TS099
9.13,9.13,e,GATTI Mattia,1994,JM,ASSOCIAZIONE ATLETICA N.E.VI.,3 ba- 2,Padova,2013-01-12,https://www.fidal.it/atleta/GATTI-Mattia/eK6RkpSfaWU%3D,https://www.fidal.it/societa/ASSOCIAZIONE-ATLETICA-N-E-VI-/VI623
9.13,9.13,e,TIRABASSI Sasha,1995,JM,TECNO ADRIATLETICA MARCHE,3 se- 3,Ancona,2013-01-27,https://www.fidal.it/atleta/TIRABASSI-Sasha/e6iRk5ehaGw%3D,https://www.fidal.it/societa/TECNO-ADRIATLETICA-MARCHE/AP050
9.13,9.13,e,DELIGIOS Federico,1994,JM,ATLETICA SANDRO CALVESI,6 fi- 2,Bergamo,2013-02-09,https://www.fidal.it/atleta/DELIGIOS-Federico/jKiRlJWmaGo%3D,https://www.fidal.it/societa/ATLETICA-SANDRO-CALVESI/AO004
9.14,9.14,e,BRUJA Angelo,1995,JM,A.S.D. ARU  TERNI,5 fi- 1,Roma,2013-01-27,https://www.fidal.it/atleta/BRUJA-Angelo/fqqRkpKfcGg%3D,https://www.fidal.it/societa/A-S-D--ARU-TERNI/TR002
9.14,9.14,e,RAMAGLIA Andrea,1994,JM,PRO PATRIA A.R.C. BUSTO A.,5 se- 2,Ancona,2013-01-27,https://www.fidal.it/atleta/RAMAGLIA-Andrea/drKRkpSjbGs%3D,https://www.fidal.it/societa/PRO-PATRIA-A-R-C--BUSTO-A-/VA121
9.15,9.15,e,SCHEMBRI Alessio,1995,JM,N.ATL. FANFULLA LODIGIANA,4 se- 3,Ancona,2013-01-27,https://www.fidal.it/atleta/SCHEMBRI-Alessio/drKRkpWobGc%3D,https://www.fidal.it/societa/N-ATL--FANFULLA-LODIGIANA/MI218
9.15,9.15,e,VIGLIANESE Giorgio,1995,JM,E.SERVIZI ATL. FUTURA ROMA,2 ba- 2,Roma,2013-02-10,https://www.fidal.it/atleta/VIGLIANESE-Giorgio/f6iRmZinbmQ%3D,https://www.fidal.it/societa/E-SERVIZI-ATL--FUTURA-ROMA/RM555
9.16,9.16,e,PETAZZI Andrea,1995,JM,PRO PATRIA A.R.C. BUSTO A.,8 se- 1,Ancona,2013-01-27,https://www.fidal.it/atleta/PETAZZI-Andrea/drKRkpenaWc%3D,https://www.fidal.it/societa/PRO-PATRIA-A-R-C--BUSTO-A-/VA121
9.16,9.16,e,RIGHETTINI Giacomo,1995,JM,S.S. ROBUR BARBARANO,4 ba- 2,Bergamo,2013-02-16,https://www.fidal.it/atleta/RIGHETTINI-Giacomo/dqqRlpuncWU%3D,https://www.fidal.it/societa/S-S--ROBUR-BARBARANO/BS178
9.17,9.17,e,AMORUSI Matteo,1994,JM,ATL. STUDENTESCA CA.RI.RI,1 ba- 1,Roma,2013-01-13,https://www.fidal.it/atleta/AMORUSI-Matteo/f6yRkpOjaWg%3D,https://www.fidal.it/societa/ATL--STUDENTESCA-CA-RI-RI/RI223
9.17,9.17,e,PISANESCHI Lorenzo,1995,JM,TOSCANA ATLETICA CARIPL,4 su- 1,Firenze,2013-02-02,https://www.fidal.it/atleta/PISANESCHI-Lorenzo/faiSkpioa2Y%3D,https://www.fidal.it/societa/TOSCANA-ATLETICA-CARIPL/FI018
9.2,9.20,e,GASPARI Edoardo,1994,JM,EDERA ATL. FORLI,4 su- 1,Ancona,2013-01-13,https://www.fidal.it/atleta/GASPARI-Edoardo/eqiRlZiocGg%3D,https://www.fidal.it/societa/EDERA-ATL--FORLI/FC038
9.2,9.20,e,CREMONINI Simone,1995,JM,MODENA ATLETICA,4 fi- 1,Modena,2013-02-02,https://www.fidal.it/atleta/CREMONINI-Simone/eqiRlZmna2Q%3D,https://www.fidal.it/societa/MODENA-ATLETICA/MO497
9.21,9.21,e,CAMPELLO Marco,1994,JM,ATLETICA PORDENONE,6 ba- 1,Udine,2013-01-13,https://www.fidal.it/atleta/CAMPELLO-Marco/eaqRkpmnbmU%3D,https://www.fidal.it/societa/ATLETICA-PORDENONE/PN021
9.21,9.21,e,SCARABELLO Luca,1994,JM,FONDAZIONE M. BENTEGODI,3 ba- 1,Modena,2013-02-02,https://www.fidal.it/atleta/SCARABELLO-Luca/eKAAARkpSmcWo%3D,https://www.fidal.it/societa/FONDAZIONE-M--BENTEGODI/VR784
9.21,9.21,e,FELDERER Andreas,1995,JM,ASV L.C. BOZEN RAIFFEISEN,5 ba- 2,Modena,2013-02-10,https://www.fidal.it/atleta/FELDERER-Andreas/iaiRkpmkbWw%3D,https://www.fidal.it/societa/ASV-L-C--BOZEN-RAIFFEISEN/BZ023
9.22,9.22,e,LETIZIA Andrea,1994,JM,C.U.S. TORINO,6 fi- 1,Aosta,2013-01-20,https://www.fidal.it/atleta/LETIZIA-Andrea/dK6RlZKka2w%3D,https://www.fidal.it/societa/C-U-S--TORINO/TO001
9.23,9.23,e,CENTOLA Filippo,1994,JM,A.S.D. INTESATLETICA,6 fi- 1,Roma,2013-02-10,https://www.fidal.it/atleta/CENTOLA-Filippo/f6iRmZWfbWY%3D,https://www.fidal.it/societa/A-S-D--INTESATLETICA/LT260
9.24,9.24,e,TIRABASSI Sasha,1995,JM,TECNO ADRIATLETICA MARCHE,5 ba- 1,Ancona,2013-01-19,https://www.fidal.it/atleta/TIRABASSI-Sasha/e6iRk5ehaGw%3D,https://www.fidal.it/societa/TECNO-ADRIATLETICA-MARCHE/AP050
9.26,9.26,e,TIRABASSI Sasha,1995,JM,TECNO ADRIATLETICA MARCHE,6 fi- 1,Ancona,2013-02-02,https://www.fidal.it/atleta/TIRABASSI-Sasha/e6iRk5ehaGw%3D,https://www.fidal.it/societa/TECNO-ADRIATLETICA-MARCHE/AP050
9.26,9.26,e,CENTOLA Filippo,1994,JM,A.S.D. INTESATLETICA,4 ba- 1,Roma,2013-02-10,https://www.fidal.it/atleta/CENTOLA-Filippo/f6iRmZWfbWY%3D,https://www.fidal.it/societa/A-S-D--INTESATLETICA/LT260
9.26,9.26,e,CENTOLA Filippo,1994,JM,A.S.D. INTESATLETICA,2 se- 2,Napoli,2013-02-16,https://www.fidal.it/atleta/CENTOLA-Filippo/f6iRmZWfbWY%3D,https://www.fidal.it/societa/A-S-D--INTESATLETICA/LT260
9.26,9.26,e,PARLANTE Andrea,1994,JM,MARATHON TRIESTE,7 ba- 3,Ancona,2013-02-23,https://www.fidal.it/atleta/PARLANTE-Andrea/eauRkpmncGo%3D,https://www.fidal.it/societa/MARATHON-TRIESTE/TS044
9.27,9.27,e,VERGINER Alex,1994,JM,ATLETICA GHERDEINA RAIFFEISEN,5 se- 3,Ancona,2013-01-27,https://www.fidal.it/atleta/VERGINER-Alex/iaiRkpmfamQ%3D,https://www.fidal.it/societa/ATLETICA-GHERDEINA-RAIFFEISEN/BZ050
9.28,9.28,e,VIGLIANESE Giorgio,1995,JM,E.SERVIZI ATL. FUTURA ROMA,2 ba- 1,Roma,2013-01-13,https://www.fidal.it/atleta/VIGLIANESE-Giorgio/f6iRmZinbmQ%3D,https://www.fidal.it/societa/E-SERVIZI-ATL--FUTURA-ROMA/RM555
9.28,9.28,e,FANTINI Gabriele,1994,JM,ATLETICA VALSESIA,3 se- 2,Saronno,2013-01-13,https://www.fidal.it/atleta/FANTINI-Gabriele/dKAAARlJKfamw%3D,https://www.fidal.it/societa/ATLETICA-VALSESIA/VC045
9.3,9.30,e,ZANATO Samir,1994,JM,ASSOCIAZIONE ATLETICA N.E.VI.,2 fi- 2,Padova,2013-01-12,https://www.fidal.it/atleta/ZANATO-Samir/eK6RkpKkbmo%3D,https://www.fidal.it/societa/ASSOCIAZIONE-ATLETICA-N-E-VI-/VI623
9.3,9.30,e,ZANATO Samir,1994,JM,ASSOCIAZIONE ATLETICA N.E.VI.,4 ba- 2,Padova,2013-01-12,https://www.fidal.it/atleta/ZANATO-Samir/eK6RkpKkbmo%3D,https://www.fidal.it/societa/ASSOCIAZIONE-ATLETICA-N-E-VI-/VI623
9.3,9.30,e,SINIGAGLIA Federico,1994,JM,ATL.  CENTO TORRI PAVIA,3 se- 3,Saronno,2013-01-13,https://www.fidal.it/atleta/SINIGAGLIA-Federico/dq2RlJumbmw%3D,https://www.fidal.it/societa/ATL--CENTO-TORRI-PAVIA/PV110
9.31,9.31,e,GASPARI Edoardo,1994,JM,EDERA ATL. FORLI,5 ba- 1,Modena,2013-02-10,https://www.fidal.it/atleta/GASPARI-Edoardo/eqiRlZiocGg%3D,https://www.fidal.it/societa/EDERA-ATL--FORLI/FC038
9.32,9.32,e,SINIGAGLIA Davide,1995,JM,ATL.VICENTINA,4 se- 4,Ancona,2013-01-27,https://www.fidal.it/atleta/SINIGAGLIA-Davide/eK6RkpWmaGk%3D,https://www.fidal.it/societa/ATL-VICENTINA/VI626
9.33,9.33,e,CAMPELLO Marco,1994,JM,ATLETICA PORDENONE,6 fi- 1,Udine,2013-01-13,https://www.fidal.it/atleta/CAMPELLO-Marco/eaqRkpmnbmU%3D,https://www.fidal.it/societa/ATLETICA-PORDENONE/PN021
9.33,9.33,e,TIRABASSI Sasha,1995,JM,TECNO ADRIATLETICA MARCHE,5 fi- 1,Ancona,2013-01-19,https://www.fidal.it/atleta/TIRABASSI-Sasha/e6iRk5ehaGw%3D,https://www.fidal.it/societa/TECNO-ADRIATLETICA-MARCHE/AP050
9.33,9.33,e,MARAZZI Nicholas,1994,JM,UNIONE SPORTIVA ALBATESE ASD,5 ba- 2,Bergamo,2013-02-09,https://www.fidal.it/atleta/MARAZZI-Nicholas/dquRkpmjaGQ%3D,https://www.fidal.it/societa/UNIONE-SPORTIVA-ALBATESE-ASD/CO546
9.34,9.34,e,CREMONINI Simone,1995,JM,MODENA ATLETICA,4 ba- 1,Modena,2013-02-02,https://www.fidal.it/atleta/CREMONINI-Simone/eqiRlZmna2Q%3D,https://www.fidal.it/societa/MODENA-ATLETICA/MO497
9.35,9.35,e,FRIGERIO Riccardo,1995,JM,POL. LIB. CERNUSCHESE,5 fi- 1,Bergamo,2013-01-19,https://www.fidal.it/atleta/FRIGERIO-Riccardo/dquRkpefcWU%3D,https://www.fidal.it/societa/POL--LIB--CERNUSCHESE/CO039
9.36,9.36,e,GHIRARDELLI Nicola,1994,JM,ATL. LECCO-COLOMBO COSTRUZ.,4 se- 3,Saronno,2013-01-13,https://www.fidal.it/atleta/GHIRARDELLI-Nicola/dquRkpWkbms%3D,https://www.fidal.it/societa/ATL--LECCO-COLOMBO-COSTRUZ-/CO208
9.36,9.36,e,NOLLI Alessandro,1995,JM,CREMONA SPORTIVA ATL. ARVEDI,6 ba- 1,Ancona,2013-01-19,https://www.fidal.it/atleta/NOLLI-Alessandro/dqyRlpmnbmY%3D,https://www.fidal.it/societa/CREMONA-SPORTIVA-ATL--ARVEDI/CR041
9.36,9.36,e,PINNA Edoardo,1995,JM,U.S. MAURINA OLIO CARLI,6 ba- 2,Modena,2013-02-10,https://www.fidal.it/atleta/PINNA-Edoardo/daiUlpSoamg%3D,https://www.fidal.it/societa/U-S--MAURINA-OLIO-CARLI/IM029
9.37,9.37,e,DI GIOIA Antonio,1994,JM,ASD ENTERPRISE SPORT & SERVICE,1 su- 1,Napoli Ponticelli,2013-01-13,https://www.fidal.it/atleta/DI-GIOIA-Antonio/hKuRkpKfb2o%3D,https://www.fidal.it/societa/ASD-ENTERPRISE-SPORT-&-SERVICE/AV208
9.37,9.37,e,TIRABASSI Sasha,1995,JM,TECNO ADRIATLETICA MARCHE,5 su- 1,Ancona,2013-01-13,https://www.fidal.it/atleta/TIRABASSI-Sasha/e6iRk5ehaGw%3D,https://www.fidal.it/societa/TECNO-ADRIATLETICA-MARCHE/AP050
9.38,9.38,e,BERENGO Raju,1994,JM,ATL. VIRTUS CASTENEDOLO,3 ba- 1,Saronno,2013-01-26,https://www.fidal.it/atleta/BERENGO-Raju/dqqRl5Kob2M%3D,https://www.fidal.it/societa/ATL--VIRTUS-CASTENEDOLO/BS575
9.39,9.39,e,PELLECCHIA Francesco,1995,JM,TOSCANA ATLETICA CARIPL,4 su- 1,Firenze,2013-01-26,https://www.fidal.it/atleta/PELLECCHIA-Francesco/faiSkpmlb2g%3D,https://www.fidal.it/societa/TOSCANA-ATLETICA-CARIPL/FI018
9.39,9.39,e,BRUJA Angelo,1995,JM,A.S.D. ARU  TERNI,2 ba- 2,Roma,2013-01-27,https://www.fidal.it/atleta/BRUJA-Angelo/fqqRkpKfcGg%3D,https://www.fidal.it/societa/A-S-D--ARU-TERNI/TR002
9.4,9.40,e,SCHEMBRI Alessio,1995,JM,N.ATL. FANFULLA LODIGIANA,4 se- 2,Saronno,2013-01-13,https://www.fidal.it/atleta/SCHEMBRI-Alessio/drKRkpWobGc%3D,https://www.fidal.it/societa/N-ATL--FANFULLA-LODIGIANA/MI218
9.41,9.41,e,PISANESCHI Lorenzo,1995,JM,TOSCANA ATLETICA CARIPL,5 su- 1,Firenze,2013-01-26,https://www.fidal.it/atleta/PISANESCHI-Lorenzo/faiSkpioa2Y%3D,https://www.fidal.it/societa/TOSCANA-ATLETICA-CARIPL/FI018
9.42,9.42,e,BENAGLIA Giuliano,1994,JM,UNIONE SPORTIVA ALBATESE ASD,5 se- 1,Saronno,2013-01-13,https://www.fidal.it/atleta/BENAGLIA-Giuliano/dquRkpSla2o%3D,https://www.fidal.it/societa/UNIONE-SPORTIVA-ALBATESE-ASD/CO546
9.43,9.43,e,BERENGO Raju,1994,JM,ATL. VIRTUS CASTENEDOLO,5 ba- 1,Bergamo,2013-02-09,https://www.fidal.it/atleta/BERENGO-Raju/dqqRl5Kob2M%3D,https://www.fidal.it/societa/ATL--VIRTUS-CASTENEDOLO/BS575
9.44,9.44,e,NOLLI Alessandro,1995,JM,CREMONA SPORTIVA ATL. ARVEDI,6 fi- 1,Ancona,2013-01-19,https://www.fidal.it/atleta/NOLLI-Alessandro/dqyRlpmnbmY%3D,https://www.fidal.it/societa/CREMONA-SPORTIVA-ATL--ARVEDI/CR041
9.44,9.44,e,STRATTA Lorenzo,1994,JM,S.S. VITTORIO ALFIERI ASTI,6 se- 3,Ancona,2013-01-27,https://www.fidal.it/atleta/STRATTA-Lorenzo/dKuRk5efa2U%3D,https://www.fidal.it/societa/S-S--VITTORIO-ALFIERI-ASTI/AT001
9.45,9.45,e,MAIZZI Alessandro,1994,JM,TECNO ADRIATLETICA MARCHE,6 su- 1,Ancona,2013-01-13,https://www.fidal.it/atleta/MAIZZI-Alessandro/e6qRkpOkbGU%3D,https://www.fidal.it/societa/TECNO-ADRIATLETICA-MARCHE/AP050
9.46,9.46,e,BERENGO Raju,1994,JM,ATL. VIRTUS CASTENEDOLO,3 fi- 1,Saronno,2013-01-26,https://www.fidal.it/atleta/BERENGO-Raju/dqqRl5Kob2M%3D,https://www.fidal.it/societa/ATL--VIRTUS-CASTENEDOLO/BS575
9.47,9.47,e,AROSIO Matteo,1995,JM,U.S. ATL. VEDANO,4 ba- 1,Saronno,2013-01-26,https://www.fidal.it/atleta/AROSIO-Matteo/dq2Rk5Ooa2Q%3D,https://www.fidal.it/societa/U-S--ATL--VEDANO/MI054
9.55,9.55,e,CENTOLA Filippo,1994,JM,A.S.D. INTESATLETICA,3 ba- 2,Roma,2013-01-27,https://www.fidal.it/atleta/CENTOLA-Filippo/f6iRmZWfbWY%3D,https://www.fidal.it/societa/A-S-D--INTESATLETICA/LT260
9.58,9.58,e,POLLIS Riccardo,1994,JM,C.U.S. PADOVA,4 ba- 1,Padova,2013-02-09,https://www.fidal.it/atleta/POLLIS-Riccardo/eKqRkpWobmQ%3D,https://www.fidal.it/societa/C-U-S--PADOVA/PD143
9.6,9.60,e,MAIZZI Alessandro,1994,JM,TECNO ADRIATLETICA MARCHE,2 fi- 1,Ancona,2013-01-05,https://www.fidal.it/atleta/MAIZZI-Alessandro/e6qRkpOkbGU%3D,https://www.fidal.it/societa/TECNO-ADRIATLETICA-MARCHE/AP050
9.61,9.61,e,DEMETZ Alexander,1994,JM,ATLETICA GHERDEINA RAIFFEISEN,5 se- 4,Ancona,2013-01-27,https://www.fidal.it/atleta/DEMETZ-Alexander/iaiRkpmgbGs%3D,https://www.fidal.it/societa/ATLETICA-GHERDEINA-RAIFFEISEN/BZ050
9.63,9.63,e,MAIZZI Alessandro,1994,JM,TECNO ADRIATLETICA MARCHE,2 ba- 1,Ancona,2013-01-05,https://www.fidal.it/atleta/MAIZZI-Alessandro/e6qRkpOkbGU%3D,https://www.fidal.it/societa/TECNO-ADRIATLETICA-MARCHE/AP050
9.63,9.63,e,GENTILI Andrea,1995,JM,LAGARINA CRUS TEAM,4 ba- 1,Modena,2013-01-19,https://www.fidal.it/atleta/GENTILI-Andrea/d6iRk5elb2o%3D,https://www.fidal.it/societa/LAGARINA-CRUS-TEAM/TN131
9.63,9.63,e,AROSIO Matteo,1995,JM,U.S. ATL. VEDANO,4 ba- 3,Bergamo,2013-02-09,https://www.fidal.it/atleta/AROSIO-Matteo/dq2Rk5Ooa2Q%3D,https://www.fidal.it/societa/U-S--ATL--VEDANO/MI054
9.64,9.64,e,GENTILI Andrea,1995,JM,LAGARINA CRUS TEAM,4 fi- 1,Modena,2013-01-19,https://www.fidal.it/atleta/GENTILI-Andrea/d6iRk5elb2o%3D,https://www.fidal.it/societa/LAGARINA-CRUS-TEAM/TN131
9.65,9.65,e,FODERA' Gianluca,1994,JM,A.S.D. INTESATLETICA,3 ba- 2,Roma,2013-02-10,https://www.fidal.it/atleta/FODERA-Gianluca/f6iRmJilbmQ%3D,https://www.fidal.it/societa/A-S-D--INTESATLETICA/LT260
9.66,9.66,e,COMINATO Enrico,1994,JM,G.A. ASSINDUSTRIA ROVIGO,3 ba- 1,Padova,2013-01-12,https://www.fidal.it/atleta/COMINATO-Enrico/eKuRkpKgaWs%3D,https://www.fidal.it/societa/G-A--ASSINDUSTRIA-ROVIGO/RO281
9.72,9.72,e,COMIZZOLI Alberto,1995,JM,N.ATL. FANFULLA LODIGIANA,1 su- 1,Firenze,2013-01-12,https://www.fidal.it/atleta/COMIZZOLI-Alberto/dq2RlZegamM%3D,https://www.fidal.it/societa/N-ATL--FANFULLA-LODIGIANA/MI218
9.76,9.76,e,FRIGERIO Riccardo,1995,JM,POL. LIB. CERNUSCHESE,3 ba- 2,Bergamo,2013-01-19,https://www.fidal.it/atleta/FRIGERIO-Riccardo/dquRkpefcWU%3D,https://www.fidal.it/societa/POL--LIB--CERNUSCHESE/CO039
9.77,9.77,e,SALAK Youness,1995,JM,ATLETICA SANDRO CALVESI,3 su- 1,Aosta,2013-02-03,https://www.fidal.it/atleta/SALAK-Youness/dKqRkpOhamc%3D,https://www.fidal.it/societa/ATLETICA-SANDRO-CALVESI/AO004
9.79,9.79,e,FESTA Antonio,1994,JM,ATLETICA BARBAS,1 su- 1,Napoli Ponticelli,2013-01-26,https://www.fidal.it/atleta/FESTA-Antonio/hqiRk5ilbGM%3D,https://www.fidal.it/societa/ATLETICA-BARBAS/RC366
9.81,9.81,e,SALAK Youness,1995,JM,ATLETICA SANDRO CALVESI,2 su- 1,Aosta,2013-03-24,https://www.fidal.it/atleta/SALAK-Youness/dKqRkpOhamc%3D,https://www.fidal.it/societa/ATLETICA-SANDRO-CALVESI/AO004
9.83,9.83,e,PAZZAGLIA Giacomo,1995,JM,RICCIONE SESSANTADUE,5 ba- 1,Ancona,2013-02-09,https://www.fidal.it/atleta/PAZZAGLIA-Giacomo/erORkpOncWw%3D,https://www.fidal.it/societa/RICCIONE-SESSANTADUE/RN035
9.84,9.84,e,ZAVAGNO Matteo,1995,JM,POL. TRIVIUM SPILIMBERGO,1 su- 1,Pordenone,2013-01-13,https://www.fidal.it/atleta/ZAVAGNO-Matteo/eaqRkpukamk%3D,https://www.fidal.it/societa/POL--TRIVIUM-SPILIMBERGO/PN019
9.85,9.85,e,GUASCONI Tomas,1995,JM,MODENA ATLETICA,5 fi- 1,Modena,2013-02-02,https://www.fidal.it/atleta/GUASCONI-Tomas/eqiRlpmjb2M%3D,https://www.fidal.it/societa/MODENA-ATLETICA/MO497
9.86,9.86,e,GUASCONI Tomas,1995,JM,MODENA ATLETICA,5 ba- 1,Modena,2013-02-02,https://www.fidal.it/atleta/GUASCONI-Tomas/eqiRlpmjb2M%3D,https://www.fidal.it/societa/MODENA-ATLETICA/MO497
9.95,9.95,e,SIMONETTI Domenico,1994,JM,A.S.D. ARCHEOATLETICA VESUVIO,2 su- 1,Napoli Ponticelli,2013-01-13,https://www.fidal.it/atleta/SIMONETTI-Domenico/gKyRkpOgamU%3D,https://www.fidal.it/societa/A-S-D--ARCHEOATLETICA-VESUVIO/NA063
9.96,9.96,e,COMINATO Enrico,1994,JM,G.A. ASSINDUSTRIA ROVIGO,5 ba- 1,Padova,2013-02-09,https://www.fidal.it/atleta/COMINATO-Enrico/eKuRkpKgaWs%3D,https://www.fidal.it/societa/G-A--ASSINDUSTRIA-ROVIGO/RO281
10.02,10.02,e,SALAK Youness,1995,JM,ATLETICA SANDRO CALVESI,7 ba- 1,Aosta,2013-01-20,https://www.fidal.it/atleta/SALAK-Youness/dKqRkpOhamc%3D,https://www.fidal.it/societa/ATLETICA-SANDRO-CALVESI/AO004
10.04,10.04,e,SALAK Youness,1995,JM,ATLETICA SANDRO CALVESI,7 fi- 1,Aosta,2013-01-20,https://www.fidal.it/atleta/SALAK-Youness/dKqRkpOhamc%3D,https://www.fidal.it/societa/ATLETICA-SANDRO-CALVESI/AO004
10.06,10.06,e,BERGUERAND Francesco,1995,JM,ATLETICA SANDRO CALVESI,4 su- 1,Aosta,2013-02-03,https://www.fidal.it/atleta/BERGUERAND-Francesco/jKiRlJafbWk%3D,https://www.fidal.it/societa/ATLETICA-SANDRO-CALVESI/AO004
10.09,10.09,e,COLOMBO Patrizio,1994,JM,ASSI GIGLIO ROSSO FIRENZE,2 su- 1,Firenze,2013-01-12,https://www.fidal.it/atleta/COLOMBO-Patrizio/faiSk5OobGU%3D,https://www.fidal.it/societa/ASSI-GIGLIO-ROSSO-FIRENZE/FI001
10.27,10.27,e,PAZZAGLIA Giacomo,1995,JM,RICCIONE SESSANTADUE,5 fi- 1,Ancona,2013-02-09,https://www.fidal.it/atleta/PAZZAGLIA-Giacomo/erORkpOncWw%3D,https://www.fidal.it/societa/RICCIONE-SESSANTADUE/RN035
10.29,10.29,e,AROSIO Matteo,1995,JM,U.S. ATL. VEDANO,4 fi- 1,Saronno,2013-01-26,https://www.fidal.it/atleta/AROSIO-Matteo/dq2Rk5Ooa2Q%3D,https://www.fidal.it/societa/U-S--ATL--VEDANO/MI054
10.32,10.32,e,FAGIOLI Carlo,1995,JM,ATL LIBERTAS RUNNERS LIVORNO,5 su- 1,Firenze,2013-02-02,https://www.fidal.it/atleta/FAGIOLI-Carlo/faiSkpKjbGo%3D,https://www.fidal.it/societa/ATL-LIBERTAS-RUNNERS-LIVORNO/LI035
10.32,10.32,e,GOBBATO Davide,1994,JM,MODENA ATLETICA,6 ba- 1,Modena,2013-02-02,https://www.fidal.it/atleta/GOBBATO-Davide/eqiRlpSkaGs%3D,https://www.fidal.it/societa/MODENA-ATLETICA/MO497
10.37,10.37,e,MAIZZI Alessandro,1994,JM,TECNO ADRIATLETICA MARCHE,4 ba- 2,Ancona,2013-02-02,https://www.fidal.it/atleta/MAIZZI-Alessandro/e6qRkpOkbGU%3D,https://www.fidal.it/societa/TECNO-ADRIATLETICA-MARCHE/AP050
10.49,10.49,e,ARA Nicolo',1994,JM,ATLETICA STRONESE-ZANI SRL,5 su- 1,Aosta,2013-02-03,https://www.fidal.it/atleta/ARA-Nicolo-/dKAAARk5mlbmU%3D,https://www.fidal.it/societa/ATLETICA-STRONESE-ZANI-SRL/VC019
10.52,10.52,e,SPINA Andrea,1994,JM,ATL. IRIENSE VOGHERA,5 ba- 3,Bergamo,2013-02-09,https://www.fidal.it/atleta/SPINA-Andrea/dqAAARl5OicWo%3D,https://www.fidal.it/societa/ATL--IRIENSE-VOGHERA/PV245
11.23,11.23,e,MALTONI Leonardo,1994,JM,EDERA ATL. FORLI,7 su- 1,Ancona,2013-01-13,https://www.fidal.it/atleta/MALTONI-Leonardo/eqiRlpSocWs%3D,https://www.fidal.it/societa/EDERA-ATL--FORLI/FC038
11.7,11.70,e,MANSANI Lorenzo,1995,JM,CENTRO ATLETICA PIOMBINO,3 su- 1,Firenze,2013-01-12,https://www.fidal.it/atleta/MANSANI-Lorenzo/faiRm5qnbWQ%3D,https://www.fidal.it/societa/CENTRO-ATLETICA-PIOMBINO/LI038
7.88,7.88,e,POCCIA Simone,1995,JM,ATL. STUDENTESCA CA.RI.RI,1 sf- 2,Ancona,2014-02-09,https://www.fidal.it/atleta/POCCIA-Simone/f6iRmZioamk%3D,https://www.fidal.it/societa/ATL--STUDENTESCA-CA-RI-RI/RI223
7.9,7.90,e,POCCIA Simone,1995,JM,ATL. STUDENTESCA CA.RI.RI,2 se- 1,Halle,2014-03-01,https://www.fidal.it/atleta/POCCIA-Simone/f6iRmZioamk%3D,https://www.fidal.it/societa/ATL--STUDENTESCA-CA-RI-RI/RI223
7.94,7.94,e,POCCIA Simone,1995,JM,ATL. STUDENTESCA CA.RI.RI,1 fi- 1,Ancona,2014-01-19,https://www.fidal.it/atleta/POCCIA-Simone/f6iRmZioamk%3D,https://www.fidal.it/societa/ATL--STUDENTESCA-CA-RI-RI/RI223
7.94,7.94,e,POCCIA Simone,1995,JM,ATL. STUDENTESCA CA.RI.RI,1 fi- 1,Ancona,2014-02-09,https://www.fidal.it/atleta/POCCIA-Simone/f6iRmZioamk%3D,https://www.fidal.it/societa/ATL--STUDENTESCA-CA-RI-RI/RI223
7.95,7.95,e,DE MAESTRI Luca,1995,JM,ATLETICA MONZA,3 ex- 1,Halle,2014-03-01,https://www.fidal.it/atleta/DE-MAESTRI-Luca/dq2Rk5mnbmo%3D,https://www.fidal.it/societa/ATLETICA-MONZA/MI710
7.99,7.99,e,POCCIA Simone,1995,JM,ATL. STUDENTESCA CA.RI.RI,1 ba- 1,Roma,2014-02-02,https://www.fidal.it/atleta/POCCIA-Simone/f6iRmZioamk%3D,https://www.fidal.it/societa/ATL--STUDENTESCA-CA-RI-RI/RI223
8.03,8.03,e,POCCIA Simone,1995,JM,ATL. STUDENTESCA CA.RI.RI,1 fi- 1,Roma,2014-02-02,https://www.fidal.it/atleta/POCCIA-Simone/f6iRmZioamk%3D,https://www.fidal.it/societa/ATL--STUDENTESCA-CA-RI-RI/RI223
8.03,8.03,e,DE MAESTRI Luca,1995,JM,ATLETICA MONZA,4 se- 1,Halle,2014-03-01,https://www.fidal.it/atleta/DE-MAESTRI-Luca/dq2Rk5mnbmo%3D,https://www.fidal.it/societa/ATLETICA-MONZA/MI710
8.04,8.04,e,POCCIA Simone,1995,JM,ATL. STUDENTESCA CA.RI.RI,1 ba- 1,Ancona,2014-01-19,https://www.fidal.it/atleta/POCCIA-Simone/f6iRmZioamk%3D,https://www.fidal.it/societa/ATL--STUDENTESCA-CA-RI-RI/RI223
8.08,8.08,e,SHTYLLA Xhonaldo,1995,JM,ATLETICA MALIGNANI LIBERTAS UD,1 fi- 1,Udine,2014-02-01,https://www.fidal.it/atleta/SHTYLLA-Xhonaldo/eayRk5SobmY%3D,https://www.fidal.it/societa/ATLETICA-MALIGNANI-LIBERTAS-UD/UD030
8.09,8.09,e,DE MAESTRI Luca,1995,JM,ATLETICA MONZA,1 fi- 1,Saronno,2014-02-01,https://www.fidal.it/atleta/DE-MAESTRI-Luca/dq2Rk5mnbmo%3D,https://www.fidal.it/societa/ATLETICA-MONZA/MI710
8.09,8.09,e,TARTAGLIONE Alessandro,1995,JM,A.S.D. INTESATLETICA,2 ba- 1,Roma,2014-02-02,https://www.fidal.it/atleta/TARTAGLIONE-Alessandro/f6iRmJeoamk%3D,https://www.fidal.it/societa/A-S-D--INTESATLETICA/LT260
8.1,8.10,e,POCCIA Simone,1995,JM,ATL. STUDENTESCA CA.RI.RI,1 ba- 5,Ancona,2014-02-09,https://www.fidal.it/atleta/POCCIA-Simone/f6iRmZioamk%3D,https://www.fidal.it/societa/ATL--STUDENTESCA-CA-RI-RI/RI223
8.11,8.11,e,DE MAESTRI Luca,1995,JM,ATLETICA MONZA,1 ba- 2,Saronno,2014-02-01,https://www.fidal.it/atleta/DE-MAESTRI-Luca/dq2Rk5mnbmo%3D,https://www.fidal.it/societa/ATLETICA-MONZA/MI710
8.11,8.11,e,TARTAGLIONE Alessandro,1995,JM,A.S.D. INTESATLETICA,2 fi- 1,Ancona,2014-02-09,https://www.fidal.it/atleta/TARTAGLIONE-Alessandro/f6iRmJeoamk%3D,https://www.fidal.it/societa/A-S-D--INTESATLETICA/LT260
8.12,8.12,e,TARTAGLIONE Alessandro,1995,JM,A.S.D. INTESATLETICA,1 sf- 1,Ancona,2014-02-09,https://www.fidal.it/atleta/TARTAGLIONE-Alessandro/f6iRmJeoamk%3D,https://www.fidal.it/societa/A-S-D--INTESATLETICA/LT260
8.13,8.13,e,DE MAESTRI Luca,1995,JM,ATLETICA MONZA,3 fi- 1,Ancona,2014-02-09,https://www.fidal.it/atleta/DE-MAESTRI-Luca/dq2Rk5mnbmo%3D,https://www.fidal.it/societa/ATLETICA-MONZA/MI710
8.14,8.14,e,FARAGONA Alessandro,1995,JM,A.S. LA FRATELLANZA 1874,1 fi- 1,Ancona,2014-01-25,https://www.fidal.it/atleta/FARAGONA-Alessandro/eqiRlpaoa2w%3D,https://www.fidal.it/societa/A-S--LA-FRATELLANZA-1874/MO052
8.14,8.14,e,FARAGONA Alessandro,1995,JM,A.S. LA FRATELLANZA 1874,4 fi- 1,Ancona,2014-02-09,https://www.fidal.it/atleta/FARAGONA-Alessandro/eqiRlpaoa2w%3D,https://www.fidal.it/societa/A-S--LA-FRATELLANZA-1874/MO052
8.15,8.15,e,BATTISTINI Pier francesco,1996,JM,EDERA ATL. FORLI,2 fi- 1,Ancona,2014-01-25,https://www.fidal.it/atleta/BATTISTINI-Pier-francesco/eqiRlZumbmk%3D,https://www.fidal.it/societa/EDERA-ATL--FORLI/FC038
8.16,8.16,e,FARAGONA Alessandro,1995,JM,A.S. LA FRATELLANZA 1874,2 fi- 1,Ancona,2014-01-19,https://www.fidal.it/atleta/FARAGONA-Alessandro/eqiRlpaoa2w%3D,https://www.fidal.it/societa/A-S--LA-FRATELLANZA-1874/MO052
8.16,8.16,e,TARTAGLIONE Alessandro,1995,JM,A.S.D. INTESATLETICA,1 ba- 4,Ancona,2014-02-09,https://www.fidal.it/atleta/TARTAGLIONE-Alessandro/f6iRmJeoamk%3D,https://www.fidal.it/societa/A-S-D--INTESATLETICA/LT260
8.16,8.16,e,FARAGONA Alessandro,1995,JM,A.S. LA FRATELLANZA 1874,1 sf- 3,Ancona,2014-02-09,https://www.fidal.it/atleta/FARAGONA-Alessandro/eqiRlpaoa2w%3D,https://www.fidal.it/societa/A-S--LA-FRATELLANZA-1874/MO052
8.16,8.16,e,SHTYLLA Xhonaldo,1995,JM,ATLETICA MALIGNANI LIBERTAS UD,1 ba- 3,Modena,2014-03-02,https://www.fidal.it/atleta/SHTYLLA-Xhonaldo/eayRk5SobmY%3D,https://www.fidal.it/societa/ATLETICA-MALIGNANI-LIBERTAS-UD/UD030
8.17,8.17,e,FARAGONA Alessandro,1995,JM,A.S. LA FRATELLANZA 1874,2 ba- 1,Ancona,2014-01-19,https://www.fidal.it/atleta/FARAGONA-Alessandro/eqiRlpaoa2w%3D,https://www.fidal.it/societa/A-S--LA-FRATELLANZA-1874/MO052
8.17,8.17,e,MARCONI Francesco,1995,JM,TREVISATLETICA,2 sf- 1,Ancona,2014-02-09,https://www.fidal.it/atleta/MARCONI-Francesco/eKyRkpSnamM%3D,https://www.fidal.it/societa/TREVISATLETICA/TV354
8.18,8.18,e,TARTAGLIONE Alessandro,1995,JM,A.S.D. INTESATLETICA,1 fi- 1,Roma,2014-01-19,https://www.fidal.it/atleta/TARTAGLIONE-Alessandro/f6iRmJeoamk%3D,https://www.fidal.it/societa/A-S-D--INTESATLETICA/LT260
8.18,8.18,e,DE MAESTRI Luca,1995,JM,ATLETICA MONZA,2 sf- 3,Ancona,2014-02-09,https://www.fidal.it/atleta/DE-MAESTRI-Luca/dq2Rk5mnbmo%3D,https://www.fidal.it/societa/ATLETICA-MONZA/MI710
8.18,8.18,e,MARCONI Francesco,1995,JM,TREVISATLETICA,1 fi- 1,Modena,2014-03-02,https://www.fidal.it/atleta/MARCONI-Francesco/eKyRkpSnamM%3D,https://www.fidal.it/societa/TREVISATLETICA/TV354
8.19,8.19,e,TARTAGLIONE Alessandro,1995,JM,A.S.D. INTESATLETICA,2 fi- 1,Roma,2014-02-02,https://www.fidal.it/atleta/TARTAGLIONE-Alessandro/f6iRmJeoamk%3D,https://www.fidal.it/societa/A-S-D--INTESATLETICA/LT260
8.19,8.19,e,FARAGONA Alessandro,1995,JM,A.S. LA FRATELLANZA 1874,1 ba- 1,Ancona,2014-02-12,https://www.fidal.it/atleta/FARAGONA-Alessandro/eqiRlpaoa2w%3D,https://www.fidal.it/societa/A-S--LA-FRATELLANZA-1874/MO052
8.19,8.19,e,FARAGONA Alessandro,1995,JM,A.S. LA FRATELLANZA 1874,1 fi- 1,Ancona,2014-02-12,https://www.fidal.it/atleta/FARAGONA-Alessandro/eqiRlpaoa2w%3D,https://www.fidal.it/societa/A-S--LA-FRATELLANZA-1874/MO052
8.19,8.19,e,FERRANTE Francesco,1996,JM,ATLETICA FIRENZE MARATHON S.S.,1 ba- 2,Modena,2014-03-02,https://www.fidal.it/atleta/FERRANTE-Francesco/faiSkpenbGM%3D,https://www.fidal.it/societa/ATLETICA-FIRENZE-MARATHON-S-S-/FI002
8.2,8.20,e,BATTISTINI Pier francesco,1996,JM,EDERA ATL. FORLI,1 fi- 1,Modena,2014-01-18,https://www.fidal.it/atleta/BATTISTINI-Pier-francesco/eqiRlZumbmk%3D,https://www.fidal.it/societa/EDERA-ATL--FORLI/FC038
8.21,8.21,e,PROIETTI Francesco,1995,JM,ATL. STUDENTESCA CA.RI.RI,3 fi- 1,Ancona,2014-01-19,https://www.fidal.it/atleta/PROIETTI-Francesco/f6iRmZijamw%3D,https://www.fidal.it/societa/ATL--STUDENTESCA-CA-RI-RI/RI223
8.21,8.21,e,BATTISTINI Pier francesco,1996,JM,EDERA ATL. FORLI,1 ba- 1,Ancona,2014-01-25,https://www.fidal.it/atleta/BATTISTINI-Pier-francesco/eqiRlZumbmk%3D,https://www.fidal.it/societa/EDERA-ATL--FORLI/FC038
8.21,8.21,e,SHTYLLA Xhonaldo,1995,JM,ATLETICA MALIGNANI LIBERTAS UD,3 sf- 1,Ancona,2014-02-09,https://www.fidal.it/atleta/SHTYLLA-Xhonaldo/eayRk5SobmY%3D,https://www.fidal.it/societa/ATLETICA-MALIGNANI-LIBERTAS-UD/UD030
8.22,8.22,e,FERRANTE Francesco,1996,JM,ATLETICA FIRENZE MARATHON S.S.,2 fi- 1,Modena,2014-03-02,https://www.fidal.it/atleta/FERRANTE-Francesco/faiSkpenbGM%3D,https://www.fidal.it/societa/ATLETICA-FIRENZE-MARATHON-S-S-/FI002
8.23,8.23,e,PROIETTI Francesco,1995,JM,ATL. STUDENTESCA CA.RI.RI,3 ba- 1,Ancona,2014-01-19,https://www.fidal.it/atleta/PROIETTI-Francesco/f6iRmZijamw%3D,https://www.fidal.it/societa/ATL--STUDENTESCA-CA-RI-RI/RI223
8.23,8.23,e,BRAMBILLA Andrea,1995,JM,ATL. LECCO-COLOMBO COSTRUZ.,4 sf- 1,Ancona,2014-02-09,https://www.fidal.it/atleta/BRAMBILLA-Andrea/dquRkpWjamk%3D,https://www.fidal.it/societa/ATL--LECCO-COLOMBO-COSTRUZ-/CO208
8.24,8.24,e,DE MAESTRI Luca,1995,JM,ATLETICA MONZA,1 ba- 1,Saronno,2014-01-25,https://www.fidal.it/atleta/DE-MAESTRI-Luca/dq2Rk5mnbmo%3D,https://www.fidal.it/societa/ATLETICA-MONZA/MI710
8.24,8.24,e,DE MAESTRI Luca,1995,JM,ATLETICA MONZA,1 fi- 1,Saronno,2014-01-25,https://www.fidal.it/atleta/DE-MAESTRI-Luca/dq2Rk5mnbmo%3D,https://www.fidal.it/societa/ATLETICA-MONZA/MI710
8.24,8.24,e,SHTYLLA Xhonaldo,1995,JM,ATLETICA MALIGNANI LIBERTAS UD,1 ba- 1,Udine,2014-02-01,https://www.fidal.it/atleta/SHTYLLA-Xhonaldo/eayRk5SobmY%3D,https://www.fidal.it/societa/ATLETICA-MALIGNANI-LIBERTAS-UD/UD030
8.25,8.25,e,FARAGONA Alessandro,1995,JM,A.S. LA FRATELLANZA 1874,2 ba- 1,Ancona,2014-01-25,https://www.fidal.it/atleta/FARAGONA-Alessandro/eqiRlpaoa2w%3D,https://www.fidal.it/societa/A-S--LA-FRATELLANZA-1874/MO052
8.25,8.25,e,FARAGONA Alessandro,1995,JM,A.S. LA FRATELLANZA 1874,1 ba- 2,Ancona,2014-02-09,https://www.fidal.it/atleta/FARAGONA-Alessandro/eqiRlpaoa2w%3D,https://www.fidal.it/societa/A-S--LA-FRATELLANZA-1874/MO052
8.26,8.26,e,DE MAESTRI Luca,1995,JM,ATLETICA MONZA,1 fi- 1,Saronno,2014-01-12,https://www.fidal.it/atleta/DE-MAESTRI-Luca/dq2Rk5mnbmo%3D,https://www.fidal.it/societa/ATLETICA-MONZA/MI710
8.26,8.26,e,TARTAGLIONE Alessandro,1995,JM,A.S.D. INTESATLETICA,1 ba- 1,Roma,2014-01-19,https://www.fidal.it/atleta/TARTAGLIONE-Alessandro/f6iRmJeoamk%3D,https://www.fidal.it/societa/A-S-D--INTESATLETICA/LT260
8.27,8.27,e,DE MAESTRI Luca,1995,JM,ATLETICA MONZA,1 ba- 1,Saronno,2014-01-12,https://www.fidal.it/atleta/DE-MAESTRI-Luca/dq2Rk5mnbmo%3D,https://www.fidal.it/societa/ATLETICA-MONZA/MI710
8.27,8.27,e,BATTISTINI Pier francesco,1996,JM,EDERA ATL. FORLI,1 ba- 1,Modena,2014-01-18,https://www.fidal.it/atleta/BATTISTINI-Pier-francesco/eqiRlZumbmk%3D,https://www.fidal.it/societa/EDERA-ATL--FORLI/FC038
8.27,8.27,e,BATTISTINI Pier francesco,1996,JM,EDERA ATL. FORLI,2 ba- 2,Ancona,2014-02-09,https://www.fidal.it/atleta/BATTISTINI-Pier-francesco/eqiRlZumbmk%3D,https://www.fidal.it/societa/EDERA-ATL--FORLI/FC038
8.28,8.28,e,BRAMBILLA Andrea,1995,JM,ATL. LECCO-COLOMBO COSTRUZ.,5 fi- 1,Ancona,2014-02-09,https://www.fidal.it/atleta/BRAMBILLA-Andrea/dquRkpWjamk%3D,https://www.fidal.it/societa/ATL--LECCO-COLOMBO-COSTRUZ-/CO208
8.29,8.29,e,MARCONI Francesco,1995,JM,TREVISATLETICA,1 ba- 1,Modena,2014-03-02,https://www.fidal.it/atleta/MARCONI-Francesco/eKyRkpSnamM%3D,https://www.fidal.it/societa/TREVISATLETICA/TV354
8.31,8.31,e,PETAZZI Andrea,1995,JM,PRO PATRIA A.R.C. BUSTO A.,1 se- 3,Padova,2014-01-26,https://www.fidal.it/atleta/PETAZZI-Andrea/drKRkpenaWc%3D,https://www.fidal.it/societa/PRO-PATRIA-A-R-C--BUSTO-A-/VA121
8.31,8.31,e,PETAZZI Andrea,1995,JM,PRO PATRIA A.R.C. BUSTO A.,3 sf- 3,Ancona,2014-02-09,https://www.fidal.it/atleta/PETAZZI-Andrea/drKRkpenaWc%3D,https://www.fidal.it/societa/PRO-PATRIA-A-R-C--BUSTO-A-/VA121
8.31,8.31,e,PACITTO Andrea,1996,JM,COLLECTION ATLETICA SAMBENEDET,5 sf- 1,Ancona,2014-02-09,https://www.fidal.it/atleta/PACITTO-Andrea/e6qRkpKgcWw%3D,https://www.fidal.it/societa/COLLECTION-ATLETICA-SAMBENEDET/AP034
8.31,8.31,e,SHTYLLA Xhonaldo,1995,JM,ATLETICA MALIGNANI LIBERTAS UD,6 fi- 1,Ancona,2014-02-09,https://www.fidal.it/atleta/SHTYLLA-Xhonaldo/eayRk5SobmY%3D,https://www.fidal.it/societa/ATLETICA-MALIGNANI-LIBERTAS-UD/UD030
8.32,8.32,e,CORSINI Iacopo,1995,JM,ASD SPECTEC DUFERCO CARISPEZIA,2 sf- 2,Ancona,2014-02-09,https://www.fidal.it/atleta/CORSINI-Iacopo/daiUlpejbWQ%3D,https://www.fidal.it/societa/ASD-SPECTEC-DUFERCO-CARISPEZIA/SP573
8.33,8.33,e,FERRANTE Francesco,1996,JM,ATLETICA FIRENZE MARATHON S.S.,2 ba- 4,Ancona,2014-02-09,https://www.fidal.it/atleta/FERRANTE-Francesco/faiSkpenbGM%3D,https://www.fidal.it/societa/ATLETICA-FIRENZE-MARATHON-S-S-/FI002
8.34,8.34,e,FARAGONA Alessandro,1995,JM,A.S. LA FRATELLANZA 1874,1 fi- 1,Ancona,2014-01-11,https://www.fidal.it/atleta/FARAGONA-Alessandro/eqiRlpaoa2w%3D,https://www.fidal.it/societa/A-S--LA-FRATELLANZA-1874/MO052
8.34,8.34,e,MARCONI Francesco,1995,JM,TREVISATLETICA,2 ba- 5,Ancona,2014-02-09,https://www.fidal.it/atleta/MARCONI-Francesco/eKyRkpSnamM%3D,https://www.fidal.it/societa/TREVISATLETICA/TV354
8.34,8.34,e,BENATI Romolo,1995,JM,N.ATL. FANFULLA LODIGIANA,3 sf- 2,Ancona,2014-02-09,https://www.fidal.it/atleta/BENATI-Romolo/drKRkpiibWM%3D,https://www.fidal.it/societa/N-ATL--FANFULLA-LODIGIANA/MI218
8.35,8.35,e,PETAZZI Andrea,1995,JM,PRO PATRIA A.R.C. BUSTO A.,1 ba- 3,Ancona,2014-02-09,https://www.fidal.it/atleta/PETAZZI-Andrea/drKRkpenaWc%3D,https://www.fidal.it/societa/PRO-PATRIA-A-R-C--BUSTO-A-/VA121
8.35,8.35,e,FERRANTE Francesco,1996,JM,ATLETICA FIRENZE MARATHON S.S.,4 sf- 2,Ancona,2014-02-09,https://www.fidal.it/atleta/FERRANTE-Francesco/faiSkpenbGM%3D,https://www.fidal.it/societa/ATLETICA-FIRENZE-MARATHON-S-S-/FI002
8.35,8.35,e,BIZZONI Leonardo,1996,JM,ATL. STUDENTESCA CA.RI.RI,4 sf- 3,Ancona,2014-02-09,https://www.fidal.it/atleta/BIZZONI-Leonardo/f6iRmZqgaWs%3D,https://www.fidal.it/societa/ATL--STUDENTESCA-CA-RI-RI/RI223
8.35,8.35,e,CORSINI Iacopo,1995,JM,ASD SPECTEC DUFERCO CARISPEZIA,7 fi- 1,Ancona,2014-02-09,https://www.fidal.it/atleta/CORSINI-Iacopo/daiUlpejbWQ%3D,https://www.fidal.it/societa/ASD-SPECTEC-DUFERCO-CARISPEZIA/SP573
8.36,8.36,e,FARAGONA Alessandro,1995,JM,A.S. LA FRATELLANZA 1874,1 ba- 1,Ancona,2014-01-11,https://www.fidal.it/atleta/FARAGONA-Alessandro/eqiRlpaoa2w%3D,https://www.fidal.it/societa/A-S--LA-FRATELLANZA-1874/MO052
8.36,8.36,e,PACITTO Andrea,1996,JM,COLLECTION ATLETICA SAMBENEDET,3 ba- 2,Ancona,2014-02-09,https://www.fidal.it/atleta/PACITTO-Andrea/e6qRkpKgcWw%3D,https://www.fidal.it/societa/COLLECTION-ATLETICA-SAMBENEDET/AP034
8.36,8.36,e,BATTISTINI Pier francesco,1996,JM,EDERA ATL. FORLI,5 sf- 2,Ancona,2014-02-09,https://www.fidal.it/atleta/BATTISTINI-Pier-francesco/eqiRlZumbmk%3D,https://www.fidal.it/societa/EDERA-ATL--FORLI/FC038
8.37,8.37,e,BENATI Romolo,1995,JM,N.ATL. FANFULLA LODIGIANA,3 ba- 4,Ancona,2014-02-09,https://www.fidal.it/atleta/BENATI-Romolo/drKRkpiibWM%3D,https://www.fidal.it/societa/N-ATL--FANFULLA-LODIGIANA/MI218
8.37,8.37,e,BONOMI Davide,1995,JM,LAGARINA CRUS TEAM,3 fi- 1,Modena,2014-03-02,https://www.fidal.it/atleta/BONOMI-Davide/d6iRk5SgaWw%3D,https://www.fidal.it/societa/LAGARINA-CRUS-TEAM/TN131
8.38,8.38,e,BATTISTINI Pier francesco,1996,JM,EDERA ATL. FORLI,1 fi- 1,Modena,2014-01-11,https://www.fidal.it/atleta/BATTISTINI-Pier-francesco/eqiRlZumbmk%3D,https://www.fidal.it/societa/EDERA-ATL--FORLI/FC038
8.38,8.38,e,DE MAESTRI Luca,1995,JM,ATLETICA MONZA,2 ba- 3,Ancona,2014-02-09,https://www.fidal.it/atleta/DE-MAESTRI-Luca/dq2Rk5mnbmo%3D,https://www.fidal.it/societa/ATLETICA-MONZA/MI710
8.38,8.38,e,ZUCCON Giacomo,1996,JM,TREVISATLETICA,5 sf- 3,Ancona,2014-02-09,https://www.fidal.it/atleta/ZUCCON-Giacomo/eKyRkpWfcWc%3D,https://www.fidal.it/societa/TREVISATLETICA/TV354
8.39,8.39,e,FASSINA Simone,1996,JM,TEAM-A LOMBARDIA,4 ba- 4,Ancona,2014-02-09,https://www.fidal.it/atleta/FASSINA-Simone/dq2Rk5iibms%3D,https://www.fidal.it/societa/TEAM-A-LOMBARDIA/MI774
8.39,8.39,e,BONOMI Davide,1995,JM,LAGARINA CRUS TEAM,6 sf- 2,Ancona,2014-02-09,https://www.fidal.it/atleta/BONOMI-Davide/d6iRk5SgaWw%3D,https://www.fidal.it/societa/LAGARINA-CRUS-TEAM/TN131
8.39,8.39,e,PACITTO Andrea,1996,JM,COLLECTION ATLETICA SAMBENEDET,4 fi- 1,Modena,2014-03-02,https://www.fidal.it/atleta/PACITTO-Andrea/e6qRkpKgcWw%3D,https://www.fidal.it/societa/COLLECTION-ATLETICA-SAMBENEDET/AP034
8.4,8.40,e,SHTYLLA Xhonaldo,1995,JM,ATLETICA MALIGNANI LIBERTAS UD,1 ba- 1,Ancona,2014-02-09,https://www.fidal.it/atleta/SHTYLLA-Xhonaldo/eayRk5SobmY%3D,https://www.fidal.it/societa/ATLETICA-MALIGNANI-LIBERTAS-UD/UD030
8.41,8.41,e,BATTISTINI Pier francesco,1996,JM,EDERA ATL. FORLI,1 ba- 1,Modena,2014-01-11,https://www.fidal.it/atleta/BATTISTINI-Pier-francesco/eqiRlZumbmk%3D,https://www.fidal.it/societa/EDERA-ATL--FORLI/FC038
8.41,8.41,e,MARCONI Francesco,1995,JM,TREVISATLETICA,1 fi- 1,Padova,2014-01-12,https://www.fidal.it/atleta/MARCONI-Francesco/eKyRkpSnamM%3D,https://www.fidal.it/societa/TREVISATLETICA/TV354
8.41,8.41,e,BRAMBILLA Andrea,1995,JM,ATL. LECCO-COLOMBO COSTRUZ.,4 ba- 2,Ancona,2014-02-09,https://www.fidal.it/atleta/BRAMBILLA-Andrea/dquRkpWjamk%3D,https://www.fidal.it/societa/ATL--LECCO-COLOMBO-COSTRUZ-/CO208
8.42,8.42,e,DODON Marcel,1995,JM,ATL. VIRTUS  CR LUCCA,2 fi- 1,Modena,2014-01-11,https://www.fidal.it/atleta/DODON-Marcel/fbGRkpKgbmg%3D,https://www.fidal.it/societa/ATL--VIRTUS-CR-LUCCA/LU100
8.42,8.42,e,BIZZONI Leonardo,1996,JM,ATL. STUDENTESCA CA.RI.RI,4 fi- 1,Ancona,2014-01-19,https://www.fidal.it/atleta/BIZZONI-Leonardo/f6iRmZqgaWs%3D,https://www.fidal.it/societa/ATL--STUDENTESCA-CA-RI-RI/RI223
8.42,8.42,e,BIZZONI Leonardo,1996,JM,ATL. STUDENTESCA CA.RI.RI,3 ba- 1,Ancona,2014-01-25,https://www.fidal.it/atleta/BIZZONI-Leonardo/f6iRmZqgaWs%3D,https://www.fidal.it/societa/ATL--STUDENTESCA-CA-RI-RI/RI223
8.42,8.42,e,LONGONI Stefano,1975,SM35,ATL. LECCO-COLOMBO COSTRUZ.,2 sf- 3,Budapest,2014-03-28,https://www.fidal.it/atleta/LONGONI-Stefano/dqiRkpagaGo%3D,https://www.fidal.it/societa/ATL--LECCO-COLOMBO-COSTRUZ-/CO208
8.43,8.43,e,DODON Marcel,1995,JM,ATL. VIRTUS  CR LUCCA,1 fi- 1,Firenze,2014-01-18,https://www.fidal.it/atleta/DODON-Marcel/fbGRkpKgbmg%3D,https://www.fidal.it/societa/ATL--VIRTUS-CR-LUCCA/LU100
8.43,8.43,e,FERRANTE Francesco,1996,JM,ATLETICA FIRENZE MARATHON S.S.,1 fi- 1,Genova,2014-01-25,https://www.fidal.it/atleta/FERRANTE-Francesco/faiSkpenbGM%3D,https://www.fidal.it/societa/ATLETICA-FIRENZE-MARATHON-S-S-/FI002
8.43,8.43,e,BRAMBILLA Andrea,1995,JM,ATL. LECCO-COLOMBO COSTRUZ.,2 fi- 1,Saronno,2014-01-25,https://www.fidal.it/atleta/BRAMBILLA-Andrea/dquRkpWjamk%3D,https://www.fidal.it/societa/ATL--LECCO-COLOMBO-COSTRUZ-/CO208
8.43,8.43,e,PACITTO Andrea,1996,JM,COLLECTION ATLETICA SAMBENEDET,1 ba- 1,Ancona,2014-02-02,https://www.fidal.it/atleta/PACITTO-Andrea/e6qRkpKgcWw%3D,https://www.fidal.it/societa/COLLECTION-ATLETICA-SAMBENEDET/AP034
8.43,8.43,e,BIZZONI Leonardo,1996,JM,ATL. STUDENTESCA CA.RI.RI,2 ba- 1,Ancona,2014-02-09,https://www.fidal.it/atleta/BIZZONI-Leonardo/f6iRmZqgaWs%3D,https://www.fidal.it/societa/ATL--STUDENTESCA-CA-RI-RI/RI223
8.44,8.44,e,BRAMBILLA Andrea,1995,JM,ATL. LECCO-COLOMBO COSTRUZ.,2 ba- 1,Saronno,2014-01-25,https://www.fidal.it/atleta/BRAMBILLA-Andrea/dquRkpWjamk%3D,https://www.fidal.it/societa/ATL--LECCO-COLOMBO-COSTRUZ-/CO208
8.44,8.44,e,PACITTO Andrea,1996,JM,COLLECTION ATLETICA SAMBENEDET,4 ba- 1,Ancona,2014-01-25,https://www.fidal.it/atleta/PACITTO-Andrea/e6qRkpKgcWw%3D,https://www.fidal.it/societa/COLLECTION-ATLETICA-SAMBENEDET/AP034
8.44,8.44,e,PACITTO Andrea,1996,JM,COLLECTION ATLETICA SAMBENEDET,1 fi- 1,Ancona,2014-02-02,https://www.fidal.it/atleta/PACITTO-Andrea/e6qRkpKgcWw%3D,https://www.fidal.it/societa/COLLECTION-ATLETICA-SAMBENEDET/AP034
8.45,8.45,e,FERRANTE Francesco,1996,JM,ATLETICA FIRENZE MARATHON S.S.,2 ba- 1,Modena,2014-01-11,https://www.fidal.it/atleta/FERRANTE-Francesco/faiSkpenbGM%3D,https://www.fidal.it/societa/ATLETICA-FIRENZE-MARATHON-S-S-/FI002
8.45,8.45,e,BONOMI Davide,1995,JM,LAGARINA CRUS TEAM,3 ba- 1,Ancona,2014-02-09,https://www.fidal.it/atleta/BONOMI-Davide/d6iRk5SgaWw%3D,https://www.fidal.it/societa/LAGARINA-CRUS-TEAM/TN131
8.45,8.45,e,SANTORI Vittorio,1995,JM,COLLECTION ATLETICA SAMBENEDET,3 ba- 5,Ancona,2014-02-09,https://www.fidal.it/atleta/SANTORI-Vittorio/e6qRkpKjcWQ%3D,https://www.fidal.it/societa/COLLECTION-ATLETICA-SAMBENEDET/AP034
8.45,8.45,e,DI BARI Lorenzo,1995,JM,RCF ROMA SUD,6 sf- 1,Ancona,2014-02-09,https://www.fidal.it/atleta/DI-BARI-Lorenzo/f62RkpSkcWk%3D,https://www.fidal.it/societa/RCF-ROMA-SUD/RS195
8.46,8.46,e,FASSINA Simone,1996,JM,TEAM-A LOMBARDIA,2 fi- 1,Saronno,2014-01-12,https://www.fidal.it/atleta/FASSINA-Simone/dq2Rk5iibms%3D,https://www.fidal.it/societa/TEAM-A-LOMBARDIA/MI774
8.46,8.46,e,PACITTO Andrea,1996,JM,COLLECTION ATLETICA SAMBENEDET,5 fi- 1,Ancona,2014-01-19,https://www.fidal.it/atleta/PACITTO-Andrea/e6qRkpKgcWw%3D,https://www.fidal.it/societa/COLLECTION-ATLETICA-SAMBENEDET/AP034
8.46,8.46,e,BRAMBILLA Andrea,1995,JM,ATL. LECCO-COLOMBO COSTRUZ.,1 ba- 1,Saronno,2014-02-01,https://www.fidal.it/atleta/BRAMBILLA-Andrea/dquRkpWjamk%3D,https://www.fidal.it/societa/ATL--LECCO-COLOMBO-COSTRUZ-/CO208
8.46,8.46,e,CORSINI Iacopo,1995,JM,ASD SPECTEC DUFERCO CARISPEZIA,4 ba- 5,Ancona,2014-02-09,https://www.fidal.it/atleta/CORSINI-Iacopo/daiUlpejbWQ%3D,https://www.fidal.it/societa/ASD-SPECTEC-DUFERCO-CARISPEZIA/SP573
8.46,8.46,e,FARAGONA Alessandro,1995,JM,A.S. LA FRATELLANZA 1874,1 fi- 2,Modena,2014-03-02,https://www.fidal.it/atleta/FARAGONA-Alessandro/eqiRlpaoa2w%3D,https://www.fidal.it/societa/A-S--LA-FRATELLANZA-1874/MO052
8.47,8.47,e,MARCONI Francesco,1995,JM,TREVISATLETICA,1 ba- 1,Padova,2014-01-12,https://www.fidal.it/atleta/MARCONI-Francesco/eKyRkpSnamM%3D,https://www.fidal.it/societa/TREVISATLETICA/TV354
8.47,8.47,e,SANTORI Vittorio,1995,JM,COLLECTION ATLETICA SAMBENEDET,4 ba- 1,Ancona,2014-01-19,https://www.fidal.it/atleta/SANTORI-Vittorio/e6qRkpKjcWQ%3D,https://www.fidal.it/societa/COLLECTION-ATLETICA-SAMBENEDET/AP034
8.47,8.47,e,BIZZONI Leonardo,1996,JM,ATL. STUDENTESCA CA.RI.RI,3 fi- 1,Ancona,2014-01-25,https://www.fidal.it/atleta/BIZZONI-Leonardo/f6iRmZqgaWs%3D,https://www.fidal.it/societa/ATL--STUDENTESCA-CA-RI-RI/RI223
8.47,8.47,e,PACITTO Andrea,1996,JM,COLLECTION ATLETICA SAMBENEDET,4 fi- 1,Ancona,2014-01-25,https://www.fidal.it/atleta/PACITTO-Andrea/e6qRkpKgcWw%3D,https://www.fidal.it/societa/COLLECTION-ATLETICA-SAMBENEDET/AP034
8.47,8.47,e,ZUCCON Giacomo,1996,JM,TREVISATLETICA,1 ba- 1,Udine,2014-01-26,https://www.fidal.it/atleta/ZUCCON-Giacomo/eKyRkpWfcWc%3D,https://www.fidal.it/societa/TREVISATLETICA/TV354
8.47,8.47,e,BONOMI Davide,1995,JM,LAGARINA CRUS TEAM,2 ba- 1,Udine,2014-01-26,https://www.fidal.it/atleta/BONOMI-Davide/d6iRk5SgaWw%3D,https://www.fidal.it/societa/LAGARINA-CRUS-TEAM/TN131
8.48,8.48,e,FASSINA Simone,1996,JM,TEAM-A LOMBARDIA,2 ba- 1,Saronno,2014-01-12,https://www.fidal.it/atleta/FASSINA-Simone/dq2Rk5iibms%3D,https://www.fidal.it/societa/TEAM-A-LOMBARDIA/MI774
8.48,8.48,e,PACITTO Andrea,1996,JM,COLLECTION ATLETICA SAMBENEDET,5 ba- 1,Ancona,2014-01-19,https://www.fidal.it/atleta/PACITTO-Andrea/e6qRkpKgcWw%3D,https://www.fidal.it/societa/COLLECTION-ATLETICA-SAMBENEDET/AP034
8.49,8.49,e,DODON Marcel,1995,JM,ATL. VIRTUS  CR LUCCA,3 ba- 1,Modena,2014-01-11,https://www.fidal.it/atleta/DODON-Marcel/fbGRkpKgbmg%3D,https://www.fidal.it/societa/ATL--VIRTUS-CR-LUCCA/LU100
8.49,8.49,e,BACCI Andrea,1995,JM,ATLETICA LIVORNO,5 ba- 4,Ancona,2014-02-09,https://www.fidal.it/atleta/BACCI-Andrea/faiRm5ujcGU%3D,https://www.fidal.it/societa/ATLETICA-LIVORNO/LI036
8.5,8.50,e,FASSINA Simone,1996,JM,TEAM-A LOMBARDIA,2 se- 3,Padova,2014-01-26,https://www.fidal.it/atleta/FASSINA-Simone/dq2Rk5iibms%3D,https://www.fidal.it/societa/TEAM-A-LOMBARDIA/MI774
8.5,8.50,e,LONGONI Stefano,1975,SM35,ATL. LECCO-COLOMBO COSTRUZ.,1 se- 1,Castenedolo,2014-02-23,https://www.fidal.it/atleta/LONGONI-Stefano/dqiRkpagaGo%3D,https://www.fidal.it/societa/ATL--LECCO-COLOMBO-COSTRUZ-/CO208
8.5,8.50,e,PACITTO Andrea,1996,JM,COLLECTION ATLETICA SAMBENEDET,2 ba- 1,Modena,2014-03-02,https://www.fidal.it/atleta/PACITTO-Andrea/e6qRkpKgcWw%3D,https://www.fidal.it/societa/COLLECTION-ATLETICA-SAMBENEDET/AP034
8.5,8.50,e,SANTORI Vittorio,1995,JM,COLLECTION ATLETICA SAMBENEDET,2 ba- 2,Modena,2014-03-02,https://www.fidal.it/atleta/SANTORI-Vittorio/e6qRkpKjcWQ%3D,https://www.fidal.it/societa/COLLECTION-ATLETICA-SAMBENEDET/AP034
8.51,8.51,e,FERRANTE Francesco,1996,JM,ATLETICA FIRENZE MARATHON S.S.,3 fi- 1,Modena,2014-01-11,https://www.fidal.it/atleta/FERRANTE-Francesco/faiSkpenbGM%3D,https://www.fidal.it/societa/ATLETICA-FIRENZE-MARATHON-S-S-/FI002
8.51,8.51,e,NEMO Manuel,1995,JM,TEAM ATLETICA MARCHE,5 fi- 1,Ancona,2014-01-25,https://www.fidal.it/atleta/NEMO-Manuel/e6iRk5WiaWU%3D,https://www.fidal.it/societa/TEAM-ATLETICA-MARCHE/FM050
8.51,8.51,e,ZUCCON Giacomo,1996,JM,TREVISATLETICA,1 fi- 1,Udine,2014-01-26,https://www.fidal.it/atleta/ZUCCON-Giacomo/eKyRkpWfcWc%3D,https://www.fidal.it/societa/TREVISATLETICA/TV354
8.52,8.52,e,MAZZOLA Matteo,1995,JM,LAGARINA CRUS TEAM,4 fi- 1,Modena,2014-01-11,https://www.fidal.it/atleta/MAZZOLA-Matteo/d6iRkpukbmQ%3D,https://www.fidal.it/societa/LAGARINA-CRUS-TEAM/TN131
8.52,8.52,e,URGNANI Marco,1996,JM,ATL. CHIARI 1964 LIB.,2 ba- 1,Saronno,2014-02-01,https://www.fidal.it/atleta/URGNANI-Marco/dqqRlpqmcWM%3D,https://www.fidal.it/societa/ATL--CHIARI-1964-LIB-/BS318
8.52,8.52,e,ZUCCON Giacomo,1996,JM,TREVISATLETICA,3 ba- 3,Ancona,2014-02-09,https://www.fidal.it/atleta/ZUCCON-Giacomo/eKyRkpWfcWc%3D,https://www.fidal.it/societa/TREVISATLETICA/TV354
8.52,8.52,e,DODON Marcel,1995,JM,ATL. VIRTUS  CR LUCCA,4 ba- 1,Ancona,2014-02-09,https://www.fidal.it/atleta/DODON-Marcel/fbGRkpKgbmg%3D,https://www.fidal.it/societa/ATL--VIRTUS-CR-LUCCA/LU100
8.53,8.53,e,NEMO Manuel,1995,JM,TEAM ATLETICA MARCHE,2 fi- 1,Ancona,2014-01-11,https://www.fidal.it/atleta/NEMO-Manuel/e6iRk5WiaWU%3D,https://www.fidal.it/societa/TEAM-ATLETICA-MARCHE/FM050
8.53,8.53,e,FERRANTE Francesco,1996,JM,ATLETICA FIRENZE MARATHON S.S.,1 ba- 1,Genova,2014-01-25,https://www.fidal.it/atleta/FERRANTE-Francesco/faiSkpenbGM%3D,https://www.fidal.it/societa/ATLETICA-FIRENZE-MARATHON-S-S-/FI002
8.53,8.53,e,BONOMI Davide,1995,JM,LAGARINA CRUS TEAM,2 fi- 1,Udine,2014-01-26,https://www.fidal.it/atleta/BONOMI-Davide/d6iRk5SgaWw%3D,https://www.fidal.it/societa/LAGARINA-CRUS-TEAM/TN131
8.54,8.54,e,ZUCCON Giacomo,1996,JM,TREVISATLETICA,2 fi- 1,Padova,2014-01-12,https://www.fidal.it/atleta/ZUCCON-Giacomo/eKyRkpWfcWc%3D,https://www.fidal.it/societa/TREVISATLETICA/TV354
8.54,8.54,e,BONOMI Davide,1995,JM,LAGARINA CRUS TEAM,2 ba- 3,Modena,2014-03-02,https://www.fidal.it/atleta/BONOMI-Davide/d6iRk5SgaWw%3D,https://www.fidal.it/societa/LAGARINA-CRUS-TEAM/TN131
8.55,8.55,e,DODON Marcel,1995,JM,ATL. VIRTUS  CR LUCCA,1 ba- 1,Firenze,2014-01-18,https://www.fidal.it/atleta/DODON-Marcel/fbGRkpKgbmg%3D,https://www.fidal.it/societa/ATL--VIRTUS-CR-LUCCA/LU100
8.55,8.55,e,DODON Marcel,1995,JM,ATL. VIRTUS  CR LUCCA,2 fi- 1,Genova,2014-01-25,https://www.fidal.it/atleta/DODON-Marcel/fbGRkpKgbmg%3D,https://www.fidal.it/societa/ATL--VIRTUS-CR-LUCCA/LU100
8.55,8.55,e,DI BARI Lorenzo,1995,JM,RCF ROMA SUD,6 fi- 1,Ancona,2014-01-25,https://www.fidal.it/atleta/DI-BARI-Lorenzo/f62RkpSkcWk%3D,https://www.fidal.it/societa/RCF-ROMA-SUD/RS195
8.55,8.55,e,NEMO Manuel,1995,JM,TEAM ATLETICA MARCHE,6 sf- 3,Ancona,2014-02-09,https://www.fidal.it/atleta/NEMO-Manuel/e6iRk5WiaWU%3D,https://www.fidal.it/societa/TEAM-ATLETICA-MARCHE/FM050
8.55,8.55,e,FARAGONA Alessandro,1995,JM,A.S. LA FRATELLANZA 1874,3 ba- 2,Modena,2014-03-02,https://www.fidal.it/atleta/FARAGONA-Alessandro/eqiRlpaoa2w%3D,https://www.fidal.it/societa/A-S--LA-FRATELLANZA-1874/MO052
8.55,8.55,e,LONGONI Stefano,1975,SM35,ATL. LECCO-COLOMBO COSTRUZ.,7 fi- 1,Budapest,2014-03-29,https://www.fidal.it/atleta/LONGONI-Stefano/dqiRkpagaGo%3D,https://www.fidal.it/societa/ATL--LECCO-COLOMBO-COSTRUZ-/CO208
8.56,8.56,e,PACITTO Andrea,1996,JM,COLLECTION ATLETICA SAMBENEDET,3 fi- 1,Ancona,2014-01-11,https://www.fidal.it/atleta/PACITTO-Andrea/e6qRkpKgcWw%3D,https://www.fidal.it/societa/COLLECTION-ATLETICA-SAMBENEDET/AP034
8.56,8.56,e,URGNANI Marco,1996,JM,ATL. CHIARI 1964 LIB.,1 ba- 2,Saronno,2014-01-12,https://www.fidal.it/atleta/URGNANI-Marco/dqqRlpqmcWM%3D,https://www.fidal.it/societa/ATL--CHIARI-1964-LIB-/BS318
8.56,8.56,e,NEMO Manuel,1995,JM,TEAM ATLETICA MARCHE,5 ba- 1,Ancona,2014-01-25,https://www.fidal.it/atleta/NEMO-Manuel/e6iRk5WiaWU%3D,https://www.fidal.it/societa/TEAM-ATLETICA-MARCHE/FM050
8.56,8.56,e,DI BARI Lorenzo,1995,JM,RCF ROMA SUD,4 ba- 3,Ancona,2014-02-09,https://www.fidal.it/atleta/DI-BARI-Lorenzo/f62RkpSkcWk%3D,https://www.fidal.it/societa/RCF-ROMA-SUD/RS195
8.57,8.57,e,PACITTO Andrea,1996,JM,COLLECTION ATLETICA SAMBENEDET,2 ba- 1,Ancona,2014-01-11,https://www.fidal.it/atleta/PACITTO-Andrea/e6qRkpKgcWw%3D,https://www.fidal.it/societa/COLLECTION-ATLETICA-SAMBENEDET/AP034
8.57,8.57,e,DODON Marcel,1995,JM,ATL. VIRTUS  CR LUCCA,2 ba- 1,Genova,2014-01-25,https://www.fidal.it/atleta/DODON-Marcel/fbGRkpKgbmg%3D,https://www.fidal.it/societa/ATL--VIRTUS-CR-LUCCA/LU100
8.57,8.57,e,DI BARI Lorenzo,1995,JM,RCF ROMA SUD,3 ba- 1,Roma,2014-02-02,https://www.fidal.it/atleta/DI-BARI-Lorenzo/f62RkpSkcWk%3D,https://www.fidal.it/societa/RCF-ROMA-SUD/RS195
8.57,8.57,e,ZUCCON Giacomo,1996,JM,TREVISATLETICA,3 ba- 3,Modena,2014-03-02,https://www.fidal.it/atleta/ZUCCON-Giacomo/eKyRkpWfcWc%3D,https://www.fidal.it/societa/TREVISATLETICA/TV354
8.57,8.57,e,SANTORI Vittorio,1995,JM,COLLECTION ATLETICA SAMBENEDET,5 fi- 1,Modena,2014-03-02,https://www.fidal.it/atleta/SANTORI-Vittorio/e6qRkpKjcWQ%3D,https://www.fidal.it/societa/COLLECTION-ATLETICA-SAMBENEDET/AP034
8.57,8.57,e,SHTYLLA Xhonaldo,1995,JM,ATLETICA MALIGNANI LIBERTAS UD,6 fi- 1,Modena,2014-03-02,https://www.fidal.it/atleta/SHTYLLA-Xhonaldo/eayRk5SobmY%3D,https://www.fidal.it/societa/ATLETICA-MALIGNANI-LIBERTAS-UD/UD030
8.57,8.57,e,CITTERIO Paolo,1975,SM35,DAINI CARATE BRIANZA,1 se- 9,Ancona,2014-03-07,https://www.fidal.it/atleta/CITTERIO-Paolo/dq2RkpOmcWs%3D,https://www.fidal.it/societa/DAINI-CARATE-BRIANZA/MI095
8.58,8.58,e,PETAZZI Andrea,1995,JM,PRO PATRIA A.R.C. BUSTO A.,1 se- 1,Padova,2014-01-12,https://www.fidal.it/atleta/PETAZZI-Andrea/drKRkpenaWc%3D,https://www.fidal.it/societa/PRO-PATRIA-A-R-C--BUSTO-A-/VA121
8.58,8.58,e,BENATI Romolo,1995,JM,N.ATL. FANFULLA LODIGIANA,3 ba- 1,Saronno,2014-01-25,https://www.fidal.it/atleta/BENATI-Romolo/drKRkpiibWM%3D,https://www.fidal.it/societa/N-ATL--FANFULLA-LODIGIANA/MI218
8.59,8.59,e,ZUCCON Giacomo,1996,JM,TREVISATLETICA,2 ba- 1,Padova,2014-01-12,https://www.fidal.it/atleta/ZUCCON-Giacomo/eKyRkpWfcWc%3D,https://www.fidal.it/societa/TREVISATLETICA/TV354
8.59,8.59,e,BIZZONI Leonardo,1996,JM,ATL. STUDENTESCA CA.RI.RI,6 ba- 1,Ancona,2014-01-19,https://www.fidal.it/atleta/BIZZONI-Leonardo/f6iRmZqgaWs%3D,https://www.fidal.it/societa/ATL--STUDENTESCA-CA-RI-RI/RI223
8.59,8.59,e,ZUCCON Giacomo,1996,JM,TREVISATLETICA,2 fi- 2,Modena,2014-03-02,https://www.fidal.it/atleta/ZUCCON-Giacomo/eKyRkpWfcWc%3D,https://www.fidal.it/societa/TREVISATLETICA/TV354
8.6,8.60,e,DI BARI Lorenzo,1995,JM,RCF ROMA SUD,1 ba- 2,Ancona,2014-01-25,https://www.fidal.it/atleta/DI-BARI-Lorenzo/f62RkpSkcWk%3D,https://www.fidal.it/societa/RCF-ROMA-SUD/RS195
8.6,8.60,e,BACCI Andrea,1995,JM,ATLETICA LIVORNO,7 sf- 3,Ancona,2014-02-09,https://www.fidal.it/atleta/BACCI-Andrea/faiRm5ujcGU%3D,https://www.fidal.it/societa/ATLETICA-LIVORNO/LI036
8.62,8.62,e,BENATI Romolo,1995,JM,N.ATL. FANFULLA LODIGIANA,2 ba- 2,Saronno,2014-01-12,https://www.fidal.it/atleta/BENATI-Romolo/drKRkpiibWM%3D,https://www.fidal.it/societa/N-ATL--FANFULLA-LODIGIANA/MI218
8.63,8.63,e,FERRIGHETTO Ivan,1995,JM,ANA ATL.FELTRE,1 fi- 1,Padova,2014-01-18,https://www.fidal.it/atleta/FERRIGHETTO-Ivan/eKmRlJKkaGU%3D,https://www.fidal.it/societa/ANA-ATL-FELTRE/BL012
8.63,8.63,e,RIGHETTINI Giacomo,1995,JM,S.S. ROBUR BARBARANO,3 se- 3,Padova,2014-01-26,https://www.fidal.it/atleta/RIGHETTINI-Giacomo/dqqRlpuncWU%3D,https://www.fidal.it/societa/S-S--ROBUR-BARBARANO/BS178
8.63,8.63,e,LASSINI Diego,1996,JM,TRIESTE ATLETICA,4 se- 3,Padova,2014-01-26,https://www.fidal.it/atleta/LASSINI-Diego/eauRkpqjamg%3D,https://www.fidal.it/societa/TRIESTE-ATLETICA/TS044
8.63,8.63,e,DI BARI Lorenzo,1995,JM,RCF ROMA SUD,3 fi- 1,Roma,2014-02-02,https://www.fidal.it/atleta/DI-BARI-Lorenzo/f62RkpSkcWk%3D,https://www.fidal.it/societa/RCF-ROMA-SUD/RS195
8.63,8.63,e,URGNANI Marco,1996,JM,ATL. CHIARI 1964 LIB.,7 sf- 1,Ancona,2014-02-09,https://www.fidal.it/atleta/URGNANI-Marco/dqqRlpqmcWM%3D,https://www.fidal.it/societa/ATL--CHIARI-1964-LIB-/BS318
8.64,8.64,e,URGNANI Marco,1996,JM,ATL. CHIARI 1964 LIB.,5 ba- 1,Ancona,2014-02-09,https://www.fidal.it/atleta/URGNANI-Marco/dqqRlpqmcWM%3D,https://www.fidal.it/societa/ATL--CHIARI-1964-LIB-/BS318
8.64,8.64,e,NEMO Manuel,1995,JM,TEAM ATLETICA MARCHE,5 ba- 5,Ancona,2014-02-09,https://www.fidal.it/atleta/NEMO-Manuel/e6iRk5WiaWU%3D,https://www.fidal.it/societa/TEAM-ATLETICA-MARCHE/FM050
8.65,8.65,e,URGNANI Marco,1996,JM,ATL. CHIARI 1964 LIB.,1 fi- 1,Bergamo,2014-01-16,https://www.fidal.it/atleta/URGNANI-Marco/dqqRlpqmcWM%3D,https://www.fidal.it/societa/ATL--CHIARI-1964-LIB-/BS318
8.65,8.65,e,LONGONI Stefano,1975,SM35,ATL. LECCO-COLOMBO COSTRUZ.,1 su- 1,Ancona,2014-03-08,https://www.fidal.it/atleta/LONGONI-Stefano/dqiRkpagaGo%3D,https://www.fidal.it/societa/ATL--LECCO-COLOMBO-COSTRUZ-/CO208
8.66,8.66,e,NEMO Manuel,1995,JM,TEAM ATLETICA MARCHE,3 ba- 1,Ancona,2014-01-11,https://www.fidal.it/atleta/NEMO-Manuel/e6iRk5WiaWU%3D,https://www.fidal.it/societa/TEAM-ATLETICA-MARCHE/FM050
8.66,8.66,e,URGNANI Marco,1996,JM,ATL. CHIARI 1964 LIB.,3 fi- 1,Saronno,2014-01-12,https://www.fidal.it/atleta/URGNANI-Marco/dqqRlpqmcWM%3D,https://www.fidal.it/societa/ATL--CHIARI-1964-LIB-/BS318
8.66,8.66,e,SANTORI Vittorio,1995,JM,COLLECTION ATLETICA SAMBENEDET,6 ba- 1,Ancona,2014-01-25,https://www.fidal.it/atleta/SANTORI-Vittorio/e6qRkpKjcWQ%3D,https://www.fidal.it/societa/COLLECTION-ATLETICA-SAMBENEDET/AP034
8.66,8.66,e,RIGHETTINI Giacomo,1995,JM,S.S. ROBUR BARBARANO,2 fi- 1,Saronno,2014-02-01,https://www.fidal.it/atleta/RIGHETTINI-Giacomo/dqqRlpuncWU%3D,https://www.fidal.it/societa/S-S--ROBUR-BARBARANO/BS178
8.67,8.67,e,DELL'ACQUA Luca,1995,JM,N.ATL. FANFULLA LODIGIANA,2 se- 1,Padova,2014-01-12,https://www.fidal.it/atleta/DELL-ACQUA-Luca/drKRkpWfaGs%3D,https://www.fidal.it/societa/N-ATL--FANFULLA-LODIGIANA/MI218
8.67,8.67,e,FERRIGHETTO Ivan,1995,JM,ANA ATL.FELTRE,1 ba- 1,Padova,2014-01-18,https://www.fidal.it/atleta/FERRIGHETTO-Ivan/eKmRlJKkaGU%3D,https://www.fidal.it/societa/ANA-ATL-FELTRE/BL012
8.68,8.68,e,BONOMI Davide,1995,JM,LAGARINA CRUS TEAM,2 ba- 1,Padova,2014-01-18,https://www.fidal.it/atleta/BONOMI-Davide/d6iRk5SgaWw%3D,https://www.fidal.it/societa/LAGARINA-CRUS-TEAM/TN131
8.68,8.68,e,MAZZOLA Matteo,1995,JM,LAGARINA CRUS TEAM,5 ba- 3,Ancona,2014-02-09,https://www.fidal.it/atleta/MAZZOLA-Matteo/d6iRkpukbmQ%3D,https://www.fidal.it/societa/LAGARINA-CRUS-TEAM/TN131
8.68,8.68,e,SUMMA Matteo,1996,JM,ATLETICA VALSESIA,2 se- 2,Lione,2014-02-15,https://www.fidal.it/atleta/SUMMA-Matteo/dKAAARlJKibWw%3D,https://www.fidal.it/societa/ATLETICA-VALSESIA/VC045
8.68,8.68,e,PRAVATO Lorenzo,1996,JM,POLISPORT. NOVATLETICA CHIERI,3 se- 2,Lione,2014-02-15,https://www.fidal.it/atleta/PRAVATO-Lorenzo/dK6RlZqhcGM%3D,https://www.fidal.it/societa/POLISPORT--NOVATLETICA-CHIERI/TO076
8.69,8.69,e,CIPRIANO Edoardo,1996,JM,ATLETICA MONZA,1 se- 1,Padova,2014-01-26,https://www.fidal.it/atleta/CIPRIANO-Edoardo/dq2Rk5mnbms%3D,https://www.fidal.it/societa/ATLETICA-MONZA/MI710
8.69,8.69,e,BRUJA Angelo,1995,JM,ATL.CAPANNE PRO LOCO ATHL.TEAM,2 ba- 1,Ancona,2014-02-02,https://www.fidal.it/atleta/BRUJA-Angelo/fqqRkpKfcGg%3D,https://www.fidal.it/societa/ATL-CAPANNE-PRO-LOCO-ATHL-TEAM/PG014
8.7,8.70,e,BIZZONI Leonardo,1996,JM,ATL. STUDENTESCA CA.RI.RI,2 su- 1,Roma,2014-01-12,https://www.fidal.it/atleta/BIZZONI-Leonardo/f6iRmZqgaWs%3D,https://www.fidal.it/societa/ATL--STUDENTESCA-CA-RI-RI/RI223
8.7,8.70,e,COSTA Andrea,1996,JM,ASSOCIAZIONE ATLETICA N.E.VI.,3 ba- 1,Padova,2014-01-18,https://www.fidal.it/atleta/COSTA-Andrea/eK6RkpSfcGQ%3D,https://www.fidal.it/societa/ASSOCIAZIONE-ATLETICA-N-E-VI-/VI623
8.7,8.70,e,NEMO Manuel,1995,JM,TEAM ATLETICA MARCHE,1 su- 1,Ancona,2014-01-19,https://www.fidal.it/atleta/NEMO-Manuel/e6iRk5WiaWU%3D,https://www.fidal.it/societa/TEAM-ATLETICA-MARCHE/FM050
8.71,8.71,e,SUMMA Matteo,1996,JM,ATLETICA VALSESIA,1 su- 1,Aosta,2014-02-01,https://www.fidal.it/atleta/SUMMA-Matteo/dKAAARlJKibWw%3D,https://www.fidal.it/societa/ATLETICA-VALSESIA/VC045
8.71,8.71,e,BRUJA Angelo,1995,JM,ATL.CAPANNE PRO LOCO ATHL.TEAM,2 fi- 1,Ancona,2014-02-02,https://www.fidal.it/atleta/BRUJA-Angelo/fqqRkpKfcGg%3D,https://www.fidal.it/societa/ATL-CAPANNE-PRO-LOCO-ATHL-TEAM/PG014
8.71,8.71,e,CIPRIANO Edoardo,1996,JM,ATLETICA MONZA,6 ba- 1,Ancona,2014-02-09,https://www.fidal.it/atleta/CIPRIANO-Edoardo/dq2Rk5mnbms%3D,https://www.fidal.it/societa/ATLETICA-MONZA/MI710
8.72,8.72,e,COSTA Andrea,1996,JM,ASSOCIAZIONE ATLETICA N.E.VI.,1 su- 1,Padova,2014-01-08,https://www.fidal.it/atleta/COSTA-Andrea/eK6RkpSfcGQ%3D,https://www.fidal.it/societa/ASSOCIAZIONE-ATLETICA-N-E-VI-/VI623
8.72,8.72,e,ARRIGONI Valentino,1996,JM,NUOVA ATLETICA ASTRO,6 ba- 3,Ancona,2014-02-09,https://www.fidal.it/atleta/ARRIGONI-Valentino/dq2RlZOobmw%3D,https://www.fidal.it/societa/NUOVA-ATLETICA-ASTRO/MI212
8.72,8.72,e,BRUZZESE FESCHUK Yulian oleksandrovit,1996,JM,ATL. REGGIO ASD,3 ba- 1,Modena,2014-03-02,https://www.fidal.it/atleta/BRUZZESE-FESCHUK-Yulian-oleksandrovit/erGRkpKkbms%3D,https://www.fidal.it/societa/ATL--REGGIO-ASD/RE128
8.72,8.72,e,LASSINI Diego,1996,JM,TRIESTE ATLETICA,3 fi- 2,Modena,2014-03-02,https://www.fidal.it/atleta/LASSINI-Diego/eauRkpqjamg%3D,https://www.fidal.it/societa/TRIESTE-ATLETICA/TS044
8.73,8.73,e,ZAMPIERI Luca,1996,JM,ASSOCIAZIONE ATLETICA N.E.VI.,2 fi- 1,Padova,2014-01-18,https://www.fidal.it/atleta/ZAMPIERI-Luca/eKqRkpOgbmQ%3D,https://www.fidal.it/societa/ASSOCIAZIONE-ATLETICA-N-E-VI-/VI623
8.73,8.73,e,URGNANI Marco,1996,JM,ATL. CHIARI 1964 LIB.,3 fi- 1,Saronno,2014-02-01,https://www.fidal.it/atleta/URGNANI-Marco/dqqRlpqmcWM%3D,https://www.fidal.it/societa/ATL--CHIARI-1964-LIB-/BS318
8.73,8.73,e,FERRIGHETTO Ivan,1995,JM,ANA ATL.FELTRE,6 ba- 4,Ancona,2014-02-09,https://www.fidal.it/atleta/FERRIGHETTO-Ivan/eKmRlJKkaGU%3D,https://www.fidal.it/societa/ANA-ATL-FELTRE/BL012
8.73,8.73,e,BRUJA Angelo,1995,JM,ATL.CAPANNE PRO LOCO ATHL.TEAM,7 ba- 3,Ancona,2014-02-09,https://www.fidal.it/atleta/BRUJA-Angelo/fqqRkpKfcGg%3D,https://www.fidal.it/societa/ATL-CAPANNE-PRO-LOCO-ATHL-TEAM/PG014
8.74,8.74,e,RIGHETTINI Giacomo,1995,JM,S.S. ROBUR BARBARANO,3 ba- 1,Saronno,2014-01-12,https://www.fidal.it/atleta/RIGHETTINI-Giacomo/dqqRlpuncWU%3D,https://www.fidal.it/societa/S-S--ROBUR-BARBARANO/BS178
8.74,8.74,e,BRUJA Angelo,1995,JM,ATL.CAPANNE PRO LOCO ATHL.TEAM,1 fi- 1,Roma,2014-01-26,https://www.fidal.it/atleta/BRUJA-Angelo/fqqRkpKfcGg%3D,https://www.fidal.it/societa/ATL-CAPANNE-PRO-LOCO-ATHL-TEAM/PG014
8.74,8.74,e,CITTERIO Paolo,1975,SM35,DAINI CARATE BRIANZA,3 se- 2,Budapest,2014-03-25,https://www.fidal.it/atleta/CITTERIO-Paolo/dq2RkpOmcWs%3D,https://www.fidal.it/societa/DAINI-CARATE-BRIANZA/MI095
8.74,8.74,e,LASSINI Diego,1996,JM,TRIESTE ATLETICA,1 ba- 1,Udine,2014-12-20,https://www.fidal.it/atleta/LASSINI-Diego/eauRkpqjamg%3D,https://www.fidal.it/societa/TRIESTE-ATLETICA/TS044
8.75,8.75,e,ZAMPIERI Luca,1996,JM,ASSOCIAZIONE ATLETICA N.E.VI.,2 su- 1,Padova,2014-01-08,https://www.fidal.it/atleta/ZAMPIERI-Luca/eKqRkpOgbmQ%3D,https://www.fidal.it/societa/ASSOCIAZIONE-ATLETICA-N-E-VI-/VI623
8.75,8.75,e,MASSIMO Luca,1996,JM,ATL. BERGAMO 1959 CREBERG,4 fi- 1,Saronno,2014-01-12,https://www.fidal.it/atleta/MASSIMO-Luca/dqmRl5ioa2U%3D,https://www.fidal.it/societa/ATL--BERGAMO-1959-CREBERG/BG003
8.75,8.75,e,RIGHETTINI Giacomo,1995,JM,S.S. ROBUR BARBARANO,2 ba- 2,Saronno,2014-02-01,https://www.fidal.it/atleta/RIGHETTINI-Giacomo/dqqRlpuncWU%3D,https://www.fidal.it/societa/S-S--ROBUR-BARBARANO/BS178
8.75,8.75,e,REBAGLIATI Francesco,1996,JM,ATLETICA ARCOBALENO SAVONA,5 ba- 2,Ancona,2014-02-09,https://www.fidal.it/atleta/REBAGLIATI-Francesco/dayRkpKfbWc%3D,https://www.fidal.it/societa/ATLETICA-ARCOBALENO-SAVONA/SV070
8.77,8.77,e,BONOMI Davide,1995,JM,LAGARINA CRUS TEAM,3 fi- 1,Padova,2014-01-18,https://www.fidal.it/atleta/BONOMI-Davide/d6iRk5SgaWw%3D,https://www.fidal.it/societa/LAGARINA-CRUS-TEAM/TN131
8.77,8.77,e,BRUJA Angelo,1995,JM,ATL.CAPANNE PRO LOCO ATHL.TEAM,2 ba- 2,Ancona,2014-01-25,https://www.fidal.it/atleta/BRUJA-Angelo/fqqRkpKfcGg%3D,https://www.fidal.it/societa/ATL-CAPANNE-PRO-LOCO-ATHL-TEAM/PG014
8.77,8.77,e,ARRIGONI Valentino,1996,JM,NUOVA ATLETICA ASTRO,3 ba- 1,Saronno,2014-02-01,https://www.fidal.it/atleta/ARRIGONI-Valentino/dq2RlZOobmw%3D,https://www.fidal.it/societa/NUOVA-ATLETICA-ASTRO/MI212
8.77,8.77,e,ARRIGONI Valentino,1996,JM,NUOVA ATLETICA ASTRO,4 fi- 1,Saronno,2014-02-01,https://www.fidal.it/atleta/ARRIGONI-Valentino/dq2RlZOobmw%3D,https://www.fidal.it/societa/NUOVA-ATLETICA-ASTRO/MI212
8.78,8.78,e,RASILE Silvio riccardo,1996,JM,ATL. STUDENTESCA CA.RI.RI,6 fi- 1,Ancona,2014-01-19,https://www.fidal.it/atleta/RASILE-Silvio-riccardo/f6qRkpKfa2w%3D,https://www.fidal.it/societa/ATL--STUDENTESCA-CA-RI-RI/RI223
8.78,8.78,e,VARIOLA Mattia,1995,JM,ATLETICA BRUGNERA FRIULINTAGLI,1 ba- 1,Padova,2014-02-08,https://www.fidal.it/atleta/VARIOLA-Mattia/eaqRkpqhcWo%3D,https://www.fidal.it/societa/ATLETICA-BRUGNERA-FRIULINTAGLI/PN039
8.78,8.78,e,RIGHETTINI Giacomo,1995,JM,S.S. ROBUR BARBARANO,6 ba- 2,Ancona,2014-02-09,https://www.fidal.it/atleta/RIGHETTINI-Giacomo/dqqRlpuncWU%3D,https://www.fidal.it/societa/S-S--ROBUR-BARBARANO/BS178
8.79,8.79,e,MISTRETTA Stefano,1996,JM,TOSCANA ATLETICA,1 su- 1,Firenze,2014-01-19,https://www.fidal.it/atleta/MISTRETTA-Stefano/faiSkpefcWY%3D,https://www.fidal.it/societa/TOSCANA-ATLETICA/FI018
8.79,8.79,e,MONTANI Marco,1995,JM,ATL. AVIS MACERATA,3 ba- 2,Ancona,2014-01-25,https://www.fidal.it/atleta/MONTANI-Marco/e6iRk5mlb2s%3D,https://www.fidal.it/societa/ATL--AVIS-MACERATA/MC004
8.8,8.80,e,BRUJA Angelo,1995,JM,ATL.CAPANNE PRO LOCO ATHL.TEAM,1 ba- 1,Roma,2014-01-26,https://www.fidal.it/atleta/BRUJA-Angelo/fqqRkpKfcGg%3D,https://www.fidal.it/societa/ATL-CAPANNE-PRO-LOCO-ATHL-TEAM/PG014
8.8,8.80,e,CARIOTI Andrea,1996,JM,ATLETICA PIEMONTE ASD,2 se- 1,Padova,2014-01-26,https://www.fidal.it/atleta/CARIOTI-Andrea/dKAAARk5mnamo%3D,https://www.fidal.it/societa/ATLETICA-PIEMONTE-ASD/TO226
8.8,8.80,e,ARRIGONI Valentino,1996,JM,NUOVA ATLETICA ASTRO,5 se- 3,Padova,2014-01-26,https://www.fidal.it/atleta/ARRIGONI-Valentino/dq2RlZOobmw%3D,https://www.fidal.it/societa/NUOVA-ATLETICA-ASTRO/MI212
8.8,8.80,e,LASSINI Diego,1996,JM,TRIESTE ATLETICA,4 ba- 1,Modena,2014-03-02,https://www.fidal.it/atleta/LASSINI-Diego/eauRkpqjamg%3D,https://www.fidal.it/societa/TRIESTE-ATLETICA/TS044
8.81,8.81,e,URGNANI Marco,1996,JM,ATL. CHIARI 1964 LIB.,1 ba- 1,Bergamo,2014-01-16,https://www.fidal.it/atleta/URGNANI-Marco/dqqRlpqmcWM%3D,https://www.fidal.it/societa/ATL--CHIARI-1964-LIB-/BS318
8.81,8.81,e,MASSIMO Luca,1996,JM,ATL. BERGAMO 1959 CREBERG,2 fi- 1,Bergamo,2014-01-16,https://www.fidal.it/atleta/MASSIMO-Luca/dqmRl5ioa2U%3D,https://www.fidal.it/societa/ATL--BERGAMO-1959-CREBERG/BG003
8.82,8.82,e,MAZZOLA Matteo,1995,JM,LAGARINA CRUS TEAM,4 ba- 1,Modena,2014-01-11,https://www.fidal.it/atleta/MAZZOLA-Matteo/d6iRkpukbmQ%3D,https://www.fidal.it/societa/LAGARINA-CRUS-TEAM/TN131
8.82,8.82,e,MASSIMO Luca,1996,JM,ATL. BERGAMO 1959 CREBERG,2 ba- 1,Bergamo,2014-01-16,https://www.fidal.it/atleta/MASSIMO-Luca/dqmRl5ioa2U%3D,https://www.fidal.it/societa/ATL--BERGAMO-1959-CREBERG/BG003
8.82,8.82,e,URGNANI Marco,1996,JM,ATL. CHIARI 1964 LIB.,4 ba- 1,Saronno,2014-01-25,https://www.fidal.it/atleta/URGNANI-Marco/dqqRlpqmcWM%3D,https://www.fidal.it/societa/ATL--CHIARI-1964-LIB-/BS318
8.82,8.82,e,RASILE Silvio riccardo,1996,JM,ATL. STUDENTESCA CA.RI.RI,6 se- 3,Padova,2014-01-26,https://www.fidal.it/atleta/RASILE-Silvio-riccardo/f6qRkpKfa2w%3D,https://www.fidal.it/societa/ATL--STUDENTESCA-CA-RI-RI/RI223
8.82,8.82,e,LASSINI Diego,1996,JM,TRIESTE ATLETICA,1 fi- 1,Udine,2014-12-20,https://www.fidal.it/atleta/LASSINI-Diego/eauRkpqjamg%3D,https://www.fidal.it/societa/TRIESTE-ATLETICA/TS044
8.83,8.83,e,MONTANI Marco,1995,JM,ATL. AVIS MACERATA,3 ba- 1,Ancona,2014-02-02,https://www.fidal.it/atleta/MONTANI-Marco/e6iRk5mlb2s%3D,https://www.fidal.it/societa/ATL--AVIS-MACERATA/MC004
8.84,8.84,e,PRAVATO Lorenzo,1996,JM,POLISPORT. NOVATLETICA CHIERI,1 fi- 1,Lyon,2014-01-18,https://www.fidal.it/atleta/PRAVATO-Lorenzo/dK6RlZqhcGM%3D,https://www.fidal.it/societa/POLISPORT--NOVATLETICA-CHIERI/TO076
8.84,8.84,e,BRUZZESE FESCHUK Yulian oleksandrovit,1996,JM,ATL. REGGIO ASD,2 ba- 1,Modena,2014-01-18,https://www.fidal.it/atleta/BRUZZESE-FESCHUK-Yulian-oleksandrovit/erGRkpKkbms%3D,https://www.fidal.it/societa/ATL--REGGIO-ASD/RE128
8.84,8.84,e,DI CARLO Davide,1995,JM,E.SERVIZI ATL. FUTURA ROMA,2 fi- 1,Roma,2014-01-26,https://www.fidal.it/atleta/DI-CARLO-Davide/f6yRkpOna2g%3D,https://www.fidal.it/societa/E-SERVIZI-ATL--FUTURA-ROMA/RM555
8.84,8.84,e,DI CARLO Davide,1995,JM,E.SERVIZI ATL. FUTURA ROMA,4 ba- 1,Ancona,2014-02-02,https://www.fidal.it/atleta/DI-CARLO-Davide/f6yRkpOna2g%3D,https://www.fidal.it/societa/E-SERVIZI-ATL--FUTURA-ROMA/RM555
8.84,8.84,e,CELLARIO Davide,1996,JM,ATL. REGGIO ASD,4 fi- 2,Modena,2014-03-02,https://www.fidal.it/atleta/CELLARIO-Davide/eqiRlpaobGM%3D,https://www.fidal.it/societa/ATL--REGGIO-ASD/RE128
8.85,8.85,e,ZAMPIERI Luca,1996,JM,ASSOCIAZIONE ATLETICA N.E.VI.,4 ba- 1,Padova,2014-01-18,https://www.fidal.it/atleta/ZAMPIERI-Luca/eKqRkpOgbmQ%3D,https://www.fidal.it/societa/ASSOCIAZIONE-ATLETICA-N-E-VI-/VI623
8.85,8.85,e,COME' Andre',1995,JM,ATLETICA SANDRO CALVESI,1 fi- 1,Aosta,2014-01-19,https://www.fidal.it/atleta/COME-Andre-/jKiRlJWobGo%3D,https://www.fidal.it/societa/ATLETICA-SANDRO-CALVESI/AO004
8.85,8.85,e,PRAVATO Lorenzo,1996,JM,POLISPORT. NOVATLETICA CHIERI,3 fi- 1,Genova,2014-01-25,https://www.fidal.it/atleta/PRAVATO-Lorenzo/dK6RlZqhcGM%3D,https://www.fidal.it/societa/POLISPORT--NOVATLETICA-CHIERI/TO076
8.85,8.85,e,REBAGLIATI Francesco,1996,JM,ATLETICA ARCOBALENO SAVONA,3 se- 1,Padova,2014-01-26,https://www.fidal.it/atleta/REBAGLIATI-Francesco/dayRkpKfbWc%3D,https://www.fidal.it/societa/ATLETICA-ARCOBALENO-SAVONA/SV070
8.85,8.85,e,GRUBER Andreas,1995,JM,SSV BRUNECK BRUNICO VOLKSBANK,2 se- 1,Monaco,2014-03-16,https://www.fidal.it/atleta/GRUBER-Andreas/iaiRk5KhaWY%3D,https://www.fidal.it/societa/SSV-BRUNECK-BRUNICO-VOLKSBANK/BZ008
8.86,8.86,e,BRUJA Angelo,1995,JM,ATL.CAPANNE PRO LOCO ATHL.TEAM,7 fi- 1,Ancona,2014-01-25,https://www.fidal.it/atleta/BRUJA-Angelo/fqqRkpKfcGg%3D,https://www.fidal.it/societa/ATL-CAPANNE-PRO-LOCO-ATHL-TEAM/PG014
8.86,8.86,e,BACCI Andrea,1995,JM,ATLETICA LIVORNO,1 ba- 1,Firenze,2014-02-02,https://www.fidal.it/atleta/BACCI-Andrea/faiRm5ujcGU%3D,https://www.fidal.it/societa/ATLETICA-LIVORNO/LI036
8.87,8.87,e,BENATI Romolo,1995,JM,N.ATL. FANFULLA LODIGIANA,5 fi- 1,Saronno,2014-01-12,https://www.fidal.it/atleta/BENATI-Romolo/drKRkpiibWM%3D,https://www.fidal.it/societa/N-ATL--FANFULLA-LODIGIANA/MI218
8.87,8.87,e,CELLARIO Davide,1996,JM,ATL. REGGIO ASD,3 ba- 1,Modena,2014-01-18,https://www.fidal.it/atleta/CELLARIO-Davide/eqiRlpaobGM%3D,https://www.fidal.it/societa/ATL--REGGIO-ASD/RE128
8.87,8.87,e,DI CARLO Davide,1995,JM,E.SERVIZI ATL. FUTURA ROMA,7 ba- 1,Ancona,2014-02-09,https://www.fidal.it/atleta/DI-CARLO-Davide/f6yRkpOna2g%3D,https://www.fidal.it/societa/E-SERVIZI-ATL--FUTURA-ROMA/RM555
8.88,8.88,e,ZILIANI Francesco,1996,JM,ATLETICA STRONESE-ZANI SRL,2 fi- 1,Aosta,2014-01-19,https://www.fidal.it/atleta/ZILIANI-Francesco/dKAAARk5qgbWs%3D,https://www.fidal.it/societa/ATLETICA-STRONESE-ZANI-SRL/VC019
8.88,8.88,e,GAGGIOLI Wilhelm jacopo,1995,JM,TOSCANA ATLETICA,5 fi- 2,Modena,2014-03-02,https://www.fidal.it/atleta/GAGGIOLI-Wilhelm-jacopo/faiSkpukbGc%3D,https://www.fidal.it/societa/TOSCANA-ATLETICA/FI018
8.89,8.89,e,MONTANI Marco,1995,JM,ATL. AVIS MACERATA,7 fi- 1,Ancona,2014-01-19,https://www.fidal.it/atleta/MONTANI-Marco/e6iRk5mlb2s%3D,https://www.fidal.it/societa/ATL--AVIS-MACERATA/MC004
8.89,8.89,e,MASSIMO Luca,1996,JM,ATL. BERGAMO 1959 CREBERG,5 fi- 1,Saronno,2014-02-01,https://www.fidal.it/atleta/MASSIMO-Luca/dqmRl5ioa2U%3D,https://www.fidal.it/societa/ATL--BERGAMO-1959-CREBERG/BG003
8.9,8.90,e,MASSIMO Luca,1996,JM,ATL. BERGAMO 1959 CREBERG,3 ba- 2,Saronno,2014-01-12,https://www.fidal.it/atleta/MASSIMO-Luca/dqmRl5ioa2U%3D,https://www.fidal.it/societa/ATL--BERGAMO-1959-CREBERG/BG003
8.9,8.90,e,ZAMPIERI Luca,1996,JM,ASSOCIAZIONE ATLETICA N.E.VI.,6 ba- 5,Ancona,2014-02-09,https://www.fidal.it/atleta/ZAMPIERI-Luca/eKqRkpOgbmQ%3D,https://www.fidal.it/societa/ASSOCIAZIONE-ATLETICA-N-E-VI-/VI623
8.9,8.90,e,MONTANI Marco,1995,JM,ATL. AVIS MACERATA,7 ba- 2,Ancona,2014-02-09,https://www.fidal.it/atleta/MONTANI-Marco/e6iRk5mlb2s%3D,https://www.fidal.it/societa/ATL--AVIS-MACERATA/MC004
8.91,8.91,e,VISENTIN Leonardo,1996,JM,TREVISATLETICA,3 fi- 1,Padova,2014-01-12,https://www.fidal.it/atleta/VISENTIN-Leonardo/eKyRkpigaWY%3D,https://www.fidal.it/societa/TREVISATLETICA/TV354
8.91,8.91,e,CELLARIO Davide,1996,JM,ATL. REGGIO ASD,4 ba- 2,Ancona,2014-01-25,https://www.fidal.it/atleta/CELLARIO-Davide/eqiRlpaobGM%3D,https://www.fidal.it/societa/ATL--REGGIO-ASD/RE128
8.91,8.91,e,SUMMA Matteo,1996,JM,ATLETICA VALSESIA,7 ba- 5,Ancona,2014-02-09,https://www.fidal.it/atleta/SUMMA-Matteo/dKAAARlJKibWw%3D,https://www.fidal.it/societa/ATLETICA-VALSESIA/VC045
8.91,8.91,e,MAZZOLA Matteo,1995,JM,LAGARINA CRUS TEAM,7 sf- 2,Ancona,2014-02-09,https://www.fidal.it/atleta/MAZZOLA-Matteo/d6iRkpukbmQ%3D,https://www.fidal.it/societa/LAGARINA-CRUS-TEAM/TN131
8.92,8.92,e,CRESPI Michele,1995,JM,N.ATL. FANFULLA LODIGIANA,4 ba- 1,Saronno,2014-01-12,https://www.fidal.it/atleta/CRESPI-Michele/drKRkpWkamU%3D,https://www.fidal.it/societa/N-ATL--FANFULLA-LODIGIANA/MI218
8.92,8.92,e,ZILIANI Francesco,1996,JM,ATLETICA STRONESE-ZANI SRL,1 ba- 1,Aosta,2014-01-19,https://www.fidal.it/atleta/ZILIANI-Francesco/dKAAARk5qgbWs%3D,https://www.fidal.it/societa/ATLETICA-STRONESE-ZANI-SRL/VC019
8.92,8.92,e,CORRIAS Marco,1974,SM40,SS ATL ORISTANO,1 su- 1,Iglesias,2014-02-16,https://www.fidal.it/atleta/CORRIAS-Marco/iKiRkpKkaWQ%3D,https://www.fidal.it/societa/SS-ATL-ORISTANO/OR030
8.93,8.93,e,PERTILE Guido,1995,JM,S.S. ROBUR BARBARANO,8 ba- 2,Ancona,2014-02-09,https://www.fidal.it/atleta/PERTILE-Guido/dqqRl5OibGM%3D,https://www.fidal.it/societa/S-S--ROBUR-BARBARANO/BS178
8.93,8.93,e,GAGGIOLI Wilhelm jacopo,1995,JM,TOSCANA ATLETICA,4 ba- 2,Modena,2014-03-02,https://www.fidal.it/atleta/GAGGIOLI-Wilhelm-jacopo/faiSkpukbGc%3D,https://www.fidal.it/societa/TOSCANA-ATLETICA/FI018
8.94,8.94,e,VISENTIN Leonardo,1996,JM,TREVISATLETICA,4 fi- 1,Padova,2014-01-18,https://www.fidal.it/atleta/VISENTIN-Leonardo/eKyRkpigaWY%3D,https://www.fidal.it/societa/TREVISATLETICA/TV354
8.94,8.94,e,VISENTIN Leonardo,1996,JM,TREVISATLETICA,5 ba- 1,Padova,2014-01-18,https://www.fidal.it/atleta/VISENTIN-Leonardo/eKyRkpigaWY%3D,https://www.fidal.it/societa/TREVISATLETICA/TV354
8.94,8.94,e,MONTANI Marco,1995,JM,ATL. AVIS MACERATA,7 ba- 1,Ancona,2014-01-19,https://www.fidal.it/atleta/MONTANI-Marco/e6iRk5mlb2s%3D,https://www.fidal.it/societa/ATL--AVIS-MACERATA/MC004
8.94,8.94,e,MASSIMO Luca,1996,JM,ATL. BERGAMO 1959 CREBERG,8 ba- 1,Ancona,2014-02-09,https://www.fidal.it/atleta/MASSIMO-Luca/dqmRl5ioa2U%3D,https://www.fidal.it/societa/ATL--BERGAMO-1959-CREBERG/BG003
8.94,8.94,e,CELLARIO Davide,1996,JM,ATL. REGGIO ASD,5 ba- 2,Modena,2014-03-02,https://www.fidal.it/atleta/CELLARIO-Davide/eqiRlpaobGM%3D,https://www.fidal.it/societa/ATL--REGGIO-ASD/RE128
8.95,8.95,e,ARRIGONI Valentino,1996,JM,NUOVA ATLETICA ASTRO,4 ba- 2,Saronno,2014-01-12,https://www.fidal.it/atleta/ARRIGONI-Valentino/dq2RlZOobmw%3D,https://www.fidal.it/societa/NUOVA-ATLETICA-ASTRO/MI212
8.96,8.96,e,SUMMA Matteo,1996,JM,ATLETICA VALSESIA,4 se- 1,Padova,2014-01-26,https://www.fidal.it/atleta/SUMMA-Matteo/dKAAARlJKibWw%3D,https://www.fidal.it/societa/ATLETICA-VALSESIA/VC045
8.96,8.96,e,BADIN Giorgio,1971,SM40,ATLETICA GORIZIA CA. RI. FVG,2 sf- 2,Budapest,2014-03-28,https://www.fidal.it/atleta/BADIN-Giorgio/eauRk5OjbWY%3D,https://www.fidal.it/societa/ATLETICA-GORIZIA-CA--RI--FVG/GO050
8.97,8.97,e,BRUZZESE FESCHUK Yulian oleksandrovit,1996,JM,ATL. REGGIO ASD,4 fi- 1,Ancona,2014-01-11,https://www.fidal.it/atleta/BRUZZESE-FESCHUK-Yulian-oleksandrovit/erGRkpKkbms%3D,https://www.fidal.it/societa/ATL--REGGIO-ASD/RE128
8.97,8.97,e,RASILE Silvio riccardo,1996,JM,ATL. STUDENTESCA CA.RI.RI,8 ba- 1,Ancona,2014-01-19,https://www.fidal.it/atleta/RASILE-Silvio-riccardo/f6qRkpKfa2w%3D,https://www.fidal.it/societa/ATL--STUDENTESCA-CA-RI-RI/RI223
8.97,8.97,e,MASSIMO Luca,1996,JM,ATL. BERGAMO 1959 CREBERG,3 ba- 2,Saronno,2014-02-01,https://www.fidal.it/atleta/MASSIMO-Luca/dqmRl5ioa2U%3D,https://www.fidal.it/societa/ATL--BERGAMO-1959-CREBERG/BG003
8.98,8.98,e,BRUZZESE FESCHUK Yulian oleksandrovit,1996,JM,ATL. REGGIO ASD,4 ba- 1,Ancona,2014-01-11,https://www.fidal.it/atleta/BRUZZESE-FESCHUK-Yulian-oleksandrovit/erGRkpKkbms%3D,https://www.fidal.it/societa/ATL--REGGIO-ASD/RE128
8.98,8.98,e,GRUBER Andreas,1995,JM,SSV BRUNECK BRUNICO VOLKSBANK,2 se- 1,Monaco,2014-03-16,https://www.fidal.it/atleta/GRUBER-Andreas/iaiRk5KhaWY%3D,https://www.fidal.it/societa/SSV-BRUNECK-BRUNICO-VOLKSBANK/BZ008
8.99,8.99,e,PRAVATO Lorenzo,1996,JM,POLISPORT. NOVATLETICA CHIERI,1 ba- 3,Lyon,2014-01-18,https://www.fidal.it/atleta/PRAVATO-Lorenzo/dK6RlZqhcGM%3D,https://www.fidal.it/societa/POLISPORT--NOVATLETICA-CHIERI/TO076
8.99,8.99,e,CELLARIO Davide,1996,JM,ATL. REGGIO ASD,2 fi- 1,Modena,2014-01-18,https://www.fidal.it/atleta/CELLARIO-Davide/eqiRlpaobGM%3D,https://www.fidal.it/societa/ATL--REGGIO-ASD/RE128
8.99,8.99,e,DI CARLO Davide,1995,JM,E.SERVIZI ATL. FUTURA ROMA,2 ba- 1,Roma,2014-01-26,https://www.fidal.it/atleta/DI-CARLO-Davide/f6yRkpOna2g%3D,https://www.fidal.it/societa/E-SERVIZI-ATL--FUTURA-ROMA/RM555
8.99,8.99,e,PRAVATO Lorenzo,1996,JM,POLISPORT. NOVATLETICA CHIERI,7 ba- 4,Ancona,2014-02-09,https://www.fidal.it/atleta/PRAVATO-Lorenzo/dK6RlZqhcGM%3D,https://www.fidal.it/societa/POLISPORT--NOVATLETICA-CHIERI/TO076
8.99,8.99,e,BRUZZESE FESCHUK Yulian oleksandrovit,1996,JM,ATL. REGGIO ASD,8 ba- 3,Ancona,2014-02-09,https://www.fidal.it/atleta/BRUZZESE-FESCHUK-Yulian-oleksandrovit/erGRkpKkbms%3D,https://www.fidal.it/societa/ATL--REGGIO-ASD/RE128
9.0,9.00,e,VISENTIN Leonardo,1996,JM,TREVISATLETICA,3 ba- 1,Padova,2014-01-12,https://www.fidal.it/atleta/VISENTIN-Leonardo/eKyRkpigaWY%3D,https://www.fidal.it/societa/TREVISATLETICA/TV354
9.0,9.00,e,ISERNIA Gabriele,1996,JM,MONTEPASCHI UISP ATL. SIENA,1 fi- 1,Firenze,2014-01-25,https://www.fidal.it/atleta/ISERNIA-Gabriele/faiSkpqhaGg%3D,https://www.fidal.it/societa/MONTEPASCHI-UISP-ATL--SIENA/SI043
9.0,9.00,e,VISENTIN Leonardo,1996,JM,TREVISATLETICA,2 ba- 1,Padova,2014-02-08,https://www.fidal.it/atleta/VISENTIN-Leonardo/eKyRkpigaWY%3D,https://www.fidal.it/societa/TREVISATLETICA/TV354
9.0,9.00,e,NETTUNO Federico,1975,SM35,N.ATL. FANFULLA LODIGIANA,5 se- 3,Budapest,2014-03-25,https://www.fidal.it/atleta/NETTUNO-Federico/dqiRkpahamo%3D,https://www.fidal.it/societa/N-ATL--FANFULLA-LODIGIANA/MI218
9.01,9.01,e,BANFI Daniele,1996,JM,O.S.A. SARONNO LIB.,1 se- 2,Padova,2014-01-12,https://www.fidal.it/atleta/BANFI-Daniele/drKRkpmmamo%3D,https://www.fidal.it/societa/O-S-A--SARONNO-LIB-/VA119
9.01,9.01,e,LASSINI Diego,1996,JM,TRIESTE ATLETICA,3 se- 1,Padova,2014-01-12,https://www.fidal.it/atleta/LASSINI-Diego/eauRkpqjamg%3D,https://www.fidal.it/societa/TRIESTE-ATLETICA/TS044
9.01,9.01,e,BANFI Daniele,1996,JM,O.S.A. SARONNO LIB.,4 ba- 2,Saronno,2014-02-01,https://www.fidal.it/atleta/BANFI-Daniele/drKRkpmmamo%3D,https://www.fidal.it/societa/O-S-A--SARONNO-LIB-/VA119
9.01,9.01,e,DI CARLO Davide,1995,JM,E.SERVIZI ATL. FUTURA ROMA,3 fi- 1,Ancona,2014-02-02,https://www.fidal.it/atleta/DI-CARLO-Davide/f6yRkpOna2g%3D,https://www.fidal.it/societa/E-SERVIZI-ATL--FUTURA-ROMA/RM555
9.03,9.03,e,ISERNIA Gabriele,1996,JM,MONTEPASCHI UISP ATL. SIENA,6 ba- 1,Padova,2014-01-18,https://www.fidal.it/atleta/ISERNIA-Gabriele/faiSkpqhaGg%3D,https://www.fidal.it/societa/MONTEPASCHI-UISP-ATL--SIENA/SI043
9.04,9.04,e,BADIN Giorgio,1971,SM40,ATLETICA GORIZIA CA. RI. FVG,2 se- 9,Ancona,2014-03-07,https://www.fidal.it/atleta/BADIN-Giorgio/eauRk5OjbWY%3D,https://www.fidal.it/societa/ATLETICA-GORIZIA-CA--RI--FVG/GO050
9.05,9.05,e,BRUJA Angelo,1995,JM,ATL.CAPANNE PRO LOCO ATHL.TEAM,3 su- 1,Roma,2014-01-12,https://www.fidal.it/atleta/BRUJA-Angelo/fqqRkpKfcGg%3D,https://www.fidal.it/societa/ATL-CAPANNE-PRO-LOCO-ATHL-TEAM/PG014
9.05,9.05,e,SORESINI Federico,1996,JM,ATL. BERGAMO 1959 CREBERG,3 fi- 1,Bergamo,2014-01-16,https://www.fidal.it/atleta/SORESINI-Federico/dqmRl5WicGc%3D,https://www.fidal.it/societa/ATL--BERGAMO-1959-CREBERG/BG003
9.05,9.05,e,GAZZO Michele,1996,JM,S.S. TRIONFO LIGURE,1 ba- 1,Genova,2014-02-08,https://www.fidal.it/atleta/GAZZO-Michele/daiUlpafcGo%3D,https://www.fidal.it/societa/S-S--TRIONFO-LIGURE/GE003
9.05,9.05,e,BADIN Giorgio,1971,SM40,ATLETICA GORIZIA CA. RI. FVG,1 su- 1,Ancona,2014-03-08,https://www.fidal.it/atleta/BADIN-Giorgio/eauRk5OjbWY%3D,https://www.fidal.it/societa/ATLETICA-GORIZIA-CA--RI--FVG/GO050
9.06,9.06,e,PERTILE Guido,1995,JM,S.S. ROBUR BARBARANO,4 ba- 1,Saronno,2014-02-01,https://www.fidal.it/atleta/PERTILE-Guido/dqqRl5OibGM%3D,https://www.fidal.it/societa/S-S--ROBUR-BARBARANO/BS178
9.07,9.07,e,TIRABASSI Sasha,1995,JM,TEAM ATLETICA MARCHE,5 ba- 1,Ancona,2014-01-11,https://www.fidal.it/atleta/TIRABASSI-Sasha/e6iRk5ehaGw%3D,https://www.fidal.it/societa/TEAM-ATLETICA-MARCHE/FM050
9.08,9.08,e,BRUNERO Diego,1996,JM,ATLETICA CANAVESANA,1 fi- 1,Bra,2014-01-12,https://www.fidal.it/atleta/BRUNERO-Diego/dK6RlpWfbGc%3D,https://www.fidal.it/societa/ATLETICA-CANAVESANA/TO015
9.08,9.08,e,CERESINI Emanuele,1996,JM,C.U.S. PARMA,3 fi- 1,Modena,2014-01-18,https://www.fidal.it/atleta/CERESINI-Emanuele/eqiRlpSmamQ%3D,https://www.fidal.it/societa/C-U-S--PARMA/PR068
9.08,9.08,e,ISERNIA Gabriele,1996,JM,MONTEPASCHI UISP ATL. SIENA,5 ba- 1,Ancona,2014-02-02,https://www.fidal.it/atleta/ISERNIA-Gabriele/faiSkpqhaGg%3D,https://www.fidal.it/societa/MONTEPASCHI-UISP-ATL--SIENA/SI043
9.08,9.08,e,GAZZO Michele,1996,JM,S.S. TRIONFO LIGURE,1 ba- 1,Genova,2014-03-01,https://www.fidal.it/atleta/GAZZO-Michele/daiUlpafcGo%3D,https://www.fidal.it/societa/S-S--TRIONFO-LIGURE/GE003
9.08,9.08,e,LAGO Alberto,1979,SM35,ATL.BIOTEKNA MARCON,2 su- 1,Ancona,2014-03-08,https://www.fidal.it/atleta/LAGO-Alberto/eKiRkpancWs%3D,https://www.fidal.it/societa/ATL-BIOTEKNA-MARCON/VE471
9.09,9.09,e,GRUBER Andreas,1995,JM,SSV BRUNECK BRUNICO VOLKSBANK,4 ba- 3,Modena,2014-03-02,https://www.fidal.it/atleta/GRUBER-Andreas/iaiRk5KhaWY%3D,https://www.fidal.it/societa/SSV-BRUNECK-BRUNICO-VOLKSBANK/BZ008
9.1,9.10,e,VISENTIN Leonardo,1996,JM,TREVISATLETICA,3 su- 1,Padova,2014-01-08,https://www.fidal.it/atleta/VISENTIN-Leonardo/eKyRkpigaWY%3D,https://www.fidal.it/societa/TREVISATLETICA/TV354
9.1,9.10,e,CERESINI Emanuele,1996,JM,C.U.S. PARMA,1 fi- 1,Modena,2014-01-25,https://www.fidal.it/atleta/CERESINI-Emanuele/eqiRlpSmamQ%3D,https://www.fidal.it/societa/C-U-S--PARMA/PR068
9.11,9.11,e,DALLA GRANA Samuele,1996,JM,ASD INTERFLUMINA E' PIU' POMI',2 fi- 1,Modena,2014-01-25,https://www.fidal.it/atleta/DALLA-GRANA-Samuele/dqiSl5elaWk%3D,https://www.fidal.it/societa/ASD-INTERFLUMINA-E-PIU-POMI-/PR484
9.12,9.12,e,ISERNIA Gabriele,1996,JM,MONTEPASCHI UISP ATL. SIENA,4 fi- 1,Ancona,2014-02-02,https://www.fidal.it/atleta/ISERNIA-Gabriele/faiSkpqhaGg%3D,https://www.fidal.it/societa/MONTEPASCHI-UISP-ATL--SIENA/SI043
9.13,9.13,e,RIGHETTINI Giacomo,1995,JM,S.S. ROBUR BARBARANO,6 fi- 1,Saronno,2014-01-12,https://www.fidal.it/atleta/RIGHETTINI-Giacomo/dqqRlpuncWU%3D,https://www.fidal.it/societa/S-S--ROBUR-BARBARANO/BS178
9.13,9.13,e,SORESINI Federico,1996,JM,ATL. BERGAMO 1959 CREBERG,3 ba- 1,Bergamo,2014-01-16,https://www.fidal.it/atleta/SORESINI-Federico/dqmRl5WicGc%3D,https://www.fidal.it/societa/ATL--BERGAMO-1959-CREBERG/BG003
9.14,9.14,e,CERESINI Emanuele,1996,JM,C.U.S. PARMA,4 ba- 1,Modena,2014-01-18,https://www.fidal.it/atleta/CERESINI-Emanuele/eqiRlpSmamQ%3D,https://www.fidal.it/societa/C-U-S--PARMA/PR068
9.14,9.14,e,COME' Andre',1995,JM,ATLETICA SANDRO CALVESI,7 se- 3,Padova,2014-01-26,https://www.fidal.it/atleta/COME-Andre-/jKiRlJWobGo%3D,https://www.fidal.it/societa/ATLETICA-SANDRO-CALVESI/AO004
9.14,9.14,e,PASSARELLI Francesco,1995,JM,A.S.D. INTESATLETICA,4 ba- 1,Roma,2014-02-02,https://www.fidal.it/atleta/PASSARELLI-Francesco/f6qRkpOib2w%3D,https://www.fidal.it/societa/A-S-D--INTESATLETICA/LT260
9.15,9.15,e,BRUNERO Diego,1996,JM,ATLETICA CANAVESANA,1 ba- 1,Bra,2014-01-12,https://www.fidal.it/atleta/BRUNERO-Diego/dK6RlpWfbGc%3D,https://www.fidal.it/societa/ATLETICA-CANAVESANA/TO015
9.16,9.16,e,TIRABASSI Sasha,1995,JM,TEAM ATLETICA MARCHE,5 fi- 1,Ancona,2014-01-11,https://www.fidal.it/atleta/TIRABASSI-Sasha/e6iRk5ehaGw%3D,https://www.fidal.it/societa/TEAM-ATLETICA-MARCHE/FM050
9.17,9.17,e,MARCONI Francesco,1995,JM,TREVISATLETICA,8 fi- 1,Ancona,2014-02-09,https://www.fidal.it/atleta/MARCONI-Francesco/eKyRkpSnamM%3D,https://www.fidal.it/societa/TREVISATLETICA/TV354
9.18,9.18,e,COME' Andre',1995,JM,ATLETICA SANDRO CALVESI,2 ba- 1,Aosta,2014-01-19,https://www.fidal.it/atleta/COME-Andre-/jKiRlJWobGo%3D,https://www.fidal.it/societa/ATLETICA-SANDRO-CALVESI/AO004
9.18,9.18,e,BRUNERO Diego,1996,JM,ATLETICA CANAVESANA,3 fi- 1,Aosta,2014-01-19,https://www.fidal.it/atleta/BRUNERO-Diego/dK6RlpWfbGc%3D,https://www.fidal.it/societa/ATLETICA-CANAVESANA/TO015
9.18,9.18,e,ISERNIA Gabriele,1996,JM,MONTEPASCHI UISP ATL. SIENA,1 ba- 1,Firenze,2014-01-25,https://www.fidal.it/atleta/ISERNIA-Gabriele/faiSkpqhaGg%3D,https://www.fidal.it/societa/MONTEPASCHI-UISP-ATL--SIENA/SI043
9.18,9.18,e,ZWICK Lorenz,1996,JM,ATLETICA MONZA,1 se- 2,Padova,2014-01-26,https://www.fidal.it/atleta/ZWICK-Lorenz/dq2RlJqlb2w%3D,https://www.fidal.it/societa/ATLETICA-MONZA/MI710
9.18,9.18,e,VISENTIN Leonardo,1996,JM,TREVISATLETICA,3 ba- 1,Udine,2014-01-26,https://www.fidal.it/atleta/VISENTIN-Leonardo/eKyRkpigaWY%3D,https://www.fidal.it/societa/TREVISATLETICA/TV354
9.18,9.18,e,RASILE Silvio riccardo,1996,JM,ATL. STUDENTESCA CA.RI.RI,8 ba- 4,Ancona,2014-02-09,https://www.fidal.it/atleta/RASILE-Silvio-riccardo/f6qRkpKfa2w%3D,https://www.fidal.it/societa/ATL--STUDENTESCA-CA-RI-RI/RI223
9.19,9.19,e,TIRABASSI Sasha,1995,JM,TEAM ATLETICA MARCHE,2 su- 1,Ancona,2014-01-19,https://www.fidal.it/atleta/TIRABASSI-Sasha/e6iRk5ehaGw%3D,https://www.fidal.it/societa/TEAM-ATLETICA-MARCHE/FM050
9.2,9.20,e,ISERNIA Gabriele,1996,JM,MONTEPASCHI UISP ATL. SIENA,5 fi- 1,Padova,2014-01-18,https://www.fidal.it/atleta/ISERNIA-Gabriele/faiSkpqhaGg%3D,https://www.fidal.it/societa/MONTEPASCHI-UISP-ATL--SIENA/SI043
9.21,9.21,e,GRUBER Andreas,1995,JM,SSV BRUNECK BRUNICO VOLKSBANK,5 se- 1,Muenchen,2014-01-12,https://www.fidal.it/atleta/GRUBER-Andreas/iaiRk5KhaWY%3D,https://www.fidal.it/societa/SSV-BRUNECK-BRUNICO-VOLKSBANK/BZ008
9.22,9.22,e,FONTANA Edoardo,1996,JM,A.S.D. ATLETICA CINQUE CERCHI,4 fi- 1,Modena,2014-01-18,https://www.fidal.it/atleta/FONTANA-Edoardo/eqiRlZeib2M%3D,https://www.fidal.it/societa/A-S-D--ATLETICA-CINQUE-CERCHI/PC461
9.22,9.22,e,PELLECCHIA Francesco,1995,JM,TOSCANA ATLETICA,2 su- 1,Firenze,2014-01-19,https://www.fidal.it/atleta/PELLECCHIA-Francesco/faiSkpmlb2g%3D,https://www.fidal.it/societa/TOSCANA-ATLETICA/FI018
9.24,9.24,e,PRAVATO Lorenzo,1996,JM,POLISPORT. NOVATLETICA CHIERI,3 ba- 1,Genova,2014-01-25,https://www.fidal.it/atleta/PRAVATO-Lorenzo/dK6RlZqhcGM%3D,https://www.fidal.it/societa/POLISPORT--NOVATLETICA-CHIERI/TO076
9.24,9.24,e,ROMANO Renzo,1967,SM45,ASD ATLETICA PISTOIA,1 su- 1,Ancona,2014-03-08,https://www.fidal.it/atleta/ROMANO-Renzo/faiRkpKgcGg%3D,https://www.fidal.it/societa/ASD-ATLETICA-PISTOIA/PT118
9.24,9.24,e,PATERNOSTER Matteo,1996,JM,S.A.F. BOLZANO,3 se- 1,Monaco,2014-03-16,https://www.fidal.it/atleta/PATERNOSTER-Matteo/iaiRkpqgamk%3D,https://www.fidal.it/societa/S-A-F--BOLZANO/BZ018
9.25,9.25,e,GAZZO Michele,1996,JM,S.S. TRIONFO LIGURE,1 fi- 1,Genova,2014-03-01,https://www.fidal.it/atleta/GAZZO-Michele/daiUlpafcGo%3D,https://www.fidal.it/societa/S-S--TRIONFO-LIGURE/GE003
9.26,9.26,e,CERESINI Emanuele,1996,JM,C.U.S. PARMA,1 ba- 1,Modena,2014-01-25,https://www.fidal.it/atleta/CERESINI-Emanuele/eqiRlpSmamQ%3D,https://www.fidal.it/societa/C-U-S--PARMA/PR068
9.27,9.27,e,LAZZINI Luca,1995,JM,TEAM-A LOMBARDIA,4 se- 1,Padova,2014-01-12,https://www.fidal.it/atleta/LAZZINI-Luca/dq2Rk5uja2c%3D,https://www.fidal.it/societa/TEAM-A-LOMBARDIA/MI774
9.27,9.27,e,BURRI Alessandro,1975,SM35,G.S. ATL. REZZATO,3 se- 9,Ancona,2014-03-07,https://www.fidal.it/atleta/BURRI-Alessandro/dqqRl5Kmb2Y%3D,https://www.fidal.it/societa/G-S--ATL--REZZATO/BS364
9.27,9.27,e,COLA Luca,1996,JM,ATHLETIC CLUB 96 AE SPA,4 se- 1,Monaco,2014-03-16,https://www.fidal.it/atleta/COLA-Luca/iaiRkpmmbmk%3D,https://www.fidal.it/societa/ATHLETIC-CLUB-96-AE-SPA/BZ066
9.29,9.29,e,URGNANI Marco,1996,JM,ATL. CHIARI 1964 LIB.,3 fi- 1,Saronno,2014-01-25,https://www.fidal.it/atleta/URGNANI-Marco/dqqRlpqmcWM%3D,https://www.fidal.it/societa/ATL--CHIARI-1964-LIB-/BS318
9.29,9.29,e,TIRABASSI Sasha,1995,JM,TEAM ATLETICA MARCHE,5 ba- 2,Ancona,2014-01-25,https://www.fidal.it/atleta/TIRABASSI-Sasha/e6iRk5ehaGw%3D,https://www.fidal.it/societa/TEAM-ATLETICA-MARCHE/FM050
9.29,9.29,e,MARCHIORI Michele,1996,JM,ATLETICA ARCOBALENO SAVONA,2 ba- 1,Genova,2014-03-01,https://www.fidal.it/atleta/MARCHIORI-Michele/daiUlpSkcWg%3D,https://www.fidal.it/societa/ATLETICA-ARCOBALENO-SAVONA/SV070
9.32,9.32,e,ZWICK Lorenz,1996,JM,ATLETICA MONZA,5 ba- 2,Saronno,2014-01-12,https://www.fidal.it/atleta/ZWICK-Lorenz/dq2RlJqlb2w%3D,https://www.fidal.it/societa/ATLETICA-MONZA/MI710
9.32,9.32,e,COME' Andre',1995,JM,ATLETICA SANDRO CALVESI,2 su- 1,Aosta,2014-02-01,https://www.fidal.it/atleta/COME-Andre-/jKiRlJWobGo%3D,https://www.fidal.it/societa/ATLETICA-SANDRO-CALVESI/AO004
9.32,9.32,e,CALANDRINA Andrea,1973,SM40,PRO PATRIA A.R.C. BUSTO A.,4 se- 3,Budapest,2014-03-25,https://www.fidal.it/atleta/CALANDRINA-Andrea/dqiRkpSoa2Q%3D,https://www.fidal.it/societa/PRO-PATRIA-A-R-C--BUSTO-A-/VA121
9.33,9.33,e,PATERNOSTER Matteo,1996,JM,S.A.F. BOLZANO,5 ba- 3,Modena,2014-03-02,https://www.fidal.it/atleta/PATERNOSTER-Matteo/iaiRkpqgamk%3D,https://www.fidal.it/societa/S-A-F--BOLZANO/BZ018
9.34,9.34,e,DALLA GRANA Samuele,1996,JM,ASD INTERFLUMINA E' PIU' POMI',5 ba- 1,Modena,2014-01-11,https://www.fidal.it/atleta/DALLA-GRANA-Samuele/dqiSl5elaWk%3D,https://www.fidal.it/societa/ASD-INTERFLUMINA-E-PIU-POMI-/PR484
9.35,9.35,e,BURRI Alessandro,1975,SM35,G.S. ATL. REZZATO,3 su- 1,Ancona,2014-03-08,https://www.fidal.it/atleta/BURRI-Alessandro/dqqRl5Kmb2Y%3D,https://www.fidal.it/societa/G-S--ATL--REZZATO/BS364
9.36,9.36,e,MALFER Alessandro,1996,JM,N.ATL. FANFULLA LODIGIANA,2 se- 2,Padova,2014-01-26,https://www.fidal.it/atleta/MALFER-Alessandro/dq2RlZWocWk%3D,https://www.fidal.it/societa/N-ATL--FANFULLA-LODIGIANA/MI218
9.37,9.37,e,PRAVATO Lorenzo,1996,JM,POLISPORT. NOVATLETICA CHIERI,2 fi- 1,Bra,2014-01-12,https://www.fidal.it/atleta/PRAVATO-Lorenzo/dK6RlZqhcGM%3D,https://www.fidal.it/societa/POLISPORT--NOVATLETICA-CHIERI/TO076
9.38,9.38,e,RINALDI Gabriele,1978,SM35,A.S. DIL. POL.MESSINA,4 su- 1,Ancona,2014-03-08,https://www.fidal.it/atleta/RINALDI-Gabriele/h6iRkpWhaWs%3D,https://www.fidal.it/societa/A-S--DIL--POL-MESSINA/ME099
9.39,9.39,e,PEZZINI Mirko,1995,JM,LAGARINA CRUS TEAM,7 ba- 1,Padova,2014-01-18,https://www.fidal.it/atleta/PEZZINI-Mirko/d6iRk5SmbmY%3D,https://www.fidal.it/societa/LAGARINA-CRUS-TEAM/TN131
9.4,9.40,e,PATERNIERI Alessandro,1996,JM,ASD INTERFLUMINA E' PIU' POMI',3 fi- 1,Modena,2014-01-25,https://www.fidal.it/atleta/PATERNIERI-Alessandro/eq6RkpOiaWk%3D,https://www.fidal.it/societa/ASD-INTERFLUMINA-E-PIU-POMI-/PR484
9.4,9.40,e,BAITELLI Raffaello,1967,SM45,ATL. VALLE IMAGNA,2 se- 1,Castenedolo,2014-02-23,https://www.fidal.it/atleta/BAITELLI-Raffaello/dqmRl5OjaGs%3D,https://www.fidal.it/societa/ATL--VALLE-IMAGNA/BG511
9.41,9.41,e,BRUNERO Diego,1996,JM,ATLETICA CANAVESANA,3 ba- 1,Aosta,2014-01-19,https://www.fidal.it/atleta/BRUNERO-Diego/dK6RlpWfbGc%3D,https://www.fidal.it/societa/ATLETICA-CANAVESANA/TO015
9.43,9.43,e,BRAMBILLA Andrea,1995,JM,ATL. LECCO-COLOMBO COSTRUZ.,6 fi- 1,Saronno,2014-02-01,https://www.fidal.it/atleta/BRAMBILLA-Andrea/dquRkpWjamk%3D,https://www.fidal.it/societa/ATL--LECCO-COLOMBO-COSTRUZ-/CO208
9.44,9.44,e,DALLA GRANA Samuele,1996,JM,ASD INTERFLUMINA E' PIU' POMI',5 fi- 1,Modena,2014-01-11,https://www.fidal.it/atleta/DALLA-GRANA-Samuele/dqiSl5elaWk%3D,https://www.fidal.it/societa/ASD-INTERFLUMINA-E-PIU-POMI-/PR484
9.44,9.44,e,COMIZZOLI Alberto,1995,JM,N.ATL. FANFULLA LODIGIANA,5 se- 1,Padova,2014-01-12,https://www.fidal.it/atleta/COMIZZOLI-Alberto/dq2RlZegamM%3D,https://www.fidal.it/societa/N-ATL--FANFULLA-LODIGIANA/MI218
9.45,9.45,e,CASAGRANDE Gabriele,1996,JM,POLISP.S.STEFANO BORGOMANERO,5 se- 1,Padova,2014-01-26,https://www.fidal.it/atleta/CASAGRANDE-Gabriele/dK2Rk5uibWU%3D,https://www.fidal.it/societa/POLISP-S-STEFANO-BORGOMANERO/NO007
9.45,9.45,e,CAMASCHELLA Gian luca,1971,SM40,TEAM ATLETICO-MERCURIO NOVARA,5 sf- 2,Budapest,2014-03-28,https://www.fidal.it/atleta/CAMASCHELLA-Gian-luca/dKiRkpKjcGU%3D,https://www.fidal.it/societa/TEAM-ATLETICO-MERCURIO-NOVARA/NO020
9.46,9.46,e,PEZZINI Mirko,1995,JM,LAGARINA CRUS TEAM,3 se- 2,Padova,2014-01-26,https://www.fidal.it/atleta/PEZZINI-Mirko/d6iRk5SmbmY%3D,https://www.fidal.it/societa/LAGARINA-CRUS-TEAM/TN131
9.46,9.46,e,CREMONINI Simone,1995,JM,MODENA ATLETICA,1 su- 1,Modena,2014-02-08,https://www.fidal.it/atleta/CREMONINI-Simone/eqiRlZmna2Q%3D,https://www.fidal.it/societa/MODENA-ATLETICA/MO497
9.47,9.47,e,BAITELLI Raffaello,1967,SM45,ATL. VALLE IMAGNA,2 su- 1,Ancona,2014-03-08,https://www.fidal.it/atleta/BAITELLI-Raffaello/dqmRl5OjaGs%3D,https://www.fidal.it/societa/ATL--VALLE-IMAGNA/BG511
9.47,9.47,e,INNOCENTI Davide,1974,SM40,ASD SPECTEC DUFERCO CARISPEZIA,5 sf- 1,Budapest,2014-03-28,https://www.fidal.it/atleta/INNOCENTI-Davide/daiRkpKobGQ%3D,https://www.fidal.it/societa/ASD-SPECTEC-DUFERCO-CARISPEZIA/SP573
9.49,9.49,e,MANSANI Lorenzo,1995,JM,CENTRO ATLETICA PIOMBINO,3 su- 1,Firenze,2014-01-19,https://www.fidal.it/atleta/MANSANI-Lorenzo/faiRm5qnbWQ%3D,https://www.fidal.it/societa/CENTRO-ATLETICA-PIOMBINO/LI038
9.49,9.49,e,BROGI Stefano,1971,SM40,ASD LA GALLA PONTEDERA ATL.,2 su- 1,Ancona,2014-03-08,https://www.fidal.it/atleta/BROGI-Stefano/faiRkpKlbGM%3D,https://www.fidal.it/societa/ASD-LA-GALLA-PONTEDERA-ATL-/PI144
9.5,9.50,e,SANTORI Vittorio,1995,JM,COLLECTION ATLETICA SAMBENEDET,8 fi- 1,Ancona,2014-01-19,https://www.fidal.it/atleta/SANTORI-Vittorio/e6qRkpKjcWQ%3D,https://www.fidal.it/societa/COLLECTION-ATLETICA-SAMBENEDET/AP034
9.5,9.50,e,MANSANI Lorenzo,1995,JM,CENTRO ATLETICA PIOMBINO,4 se- 2,Padova,2014-01-26,https://www.fidal.it/atleta/MANSANI-Lorenzo/faiRm5qnbWQ%3D,https://www.fidal.it/societa/CENTRO-ATLETICA-PIOMBINO/LI038
9.53,9.53,e,PRAVATO Lorenzo,1996,JM,POLISPORT. NOVATLETICA CHIERI,2 ba- 1,Bra,2014-01-12,https://www.fidal.it/atleta/PRAVATO-Lorenzo/dK6RlZqhcGM%3D,https://www.fidal.it/societa/POLISPORT--NOVATLETICA-CHIERI/TO076
9.55,9.55,e,ROMANO Renzo,1967,SM45,ASD ATLETICA PISTOIA,1 su- 1,Genova,2014-02-15,https://www.fidal.it/atleta/ROMANO-Renzo/faiRkpKgcGg%3D,https://www.fidal.it/societa/ASD-ATLETICA-PISTOIA/PT118
9.55,9.55,e,BURRI Alessandro,1975,SM35,G.S. ATL. REZZATO,3 se- 1,Castenedolo,2014-02-23,https://www.fidal.it/atleta/BURRI-Alessandro/dqqRl5Kmb2Y%3D,https://www.fidal.it/societa/G-S--ATL--REZZATO/BS364
9.55,9.55,e,PATERNOSTER Matteo,1996,JM,S.A.F. BOLZANO,3 se- 1,Monaco,2014-03-16,https://www.fidal.it/atleta/PATERNOSTER-Matteo/iaiRkpqgamk%3D,https://www.fidal.it/societa/S-A-F--BOLZANO/BZ018
9.56,9.56,e,PATERNIERI Alessandro,1996,JM,ASD INTERFLUMINA E' PIU' POMI',6 fi- 1,Modena,2014-01-11,https://www.fidal.it/atleta/PATERNIERI-Alessandro/eq6RkpOiaWk%3D,https://www.fidal.it/societa/ASD-INTERFLUMINA-E-PIU-POMI-/PR484
9.56,9.56,e,FONTANA Edoardo,1996,JM,A.S.D. ATLETICA CINQUE CERCHI,2 se- 2,Padova,2014-01-12,https://www.fidal.it/atleta/FONTANA-Edoardo/eqiRlZeib2M%3D,https://www.fidal.it/societa/A-S-D--ATLETICA-CINQUE-CERCHI/PC461
9.56,9.56,e,PATERNIERI Alessandro,1996,JM,ASD INTERFLUMINA E' PIU' POMI',2 ba- 1,Modena,2014-01-25,https://www.fidal.it/atleta/PATERNIERI-Alessandro/eq6RkpOiaWk%3D,https://www.fidal.it/societa/ASD-INTERFLUMINA-E-PIU-POMI-/PR484
9.56,9.56,e,FAGIOLI Carlo,1995,JM,ATL LIBERTAS RUNNERS LIVORNO,5 se- 2,Padova,2014-01-26,https://www.fidal.it/atleta/FAGIOLI-Carlo/faiSkpKjbGo%3D,https://www.fidal.it/societa/ATL-LIBERTAS-RUNNERS-LIVORNO/LI035
9.58,9.58,e,FAGIOLI Carlo,1995,JM,ATL LIBERTAS RUNNERS LIVORNO,4 su- 1,Firenze,2014-01-19,https://www.fidal.it/atleta/FAGIOLI-Carlo/faiSkpKjbGo%3D,https://www.fidal.it/societa/ATL-LIBERTAS-RUNNERS-LIVORNO/LI035
9.61,9.61,e,PEZZINI Mirko,1995,JM,LAGARINA CRUS TEAM,3 se- 2,Padova,2014-01-12,https://www.fidal.it/atleta/PEZZINI-Mirko/d6iRk5SmbmY%3D,https://www.fidal.it/societa/LAGARINA-CRUS-TEAM/TN131
9.65,9.65,e,GIRARDI Davide,1995,JM,O.S.A. SARONNO LIB.,6 se- 2,Padova,2014-01-26,https://www.fidal.it/atleta/GIRARDI-Davide/dq2Rk5qjbmU%3D,https://www.fidal.it/societa/O-S-A--SARONNO-LIB-/VA119
9.65,9.65,e,DE MARTINO Matteo,1996,JM,C.U.S. CAGLIARI,1 su- 1,Iglesias,2014-02-02,https://www.fidal.it/atleta/DE-MARTINO-Matteo/iKiSmZOmb2Y%3D,https://www.fidal.it/societa/C-U-S--CAGLIARI/CA001
9.68,9.68,e,BAITELLI Raffaello,1967,SM45,ATL. VALLE IMAGNA,1 se- 7,Ancona,2014-03-07,https://www.fidal.it/atleta/BAITELLI-Raffaello/dqmRl5OjaGs%3D,https://www.fidal.it/societa/ATL--VALLE-IMAGNA/BG511
9.69,9.69,e,DALLA GRANA Samuele,1996,JM,ASD INTERFLUMINA E' PIU' POMI',3 ba- 1,Modena,2014-01-25,https://www.fidal.it/atleta/DALLA-GRANA-Samuele/dqiSl5elaWk%3D,https://www.fidal.it/societa/ASD-INTERFLUMINA-E-PIU-POMI-/PR484
9.7,9.70,e,PATERNIERI Alessandro,1996,JM,ASD INTERFLUMINA E' PIU' POMI',6 ba- 1,Modena,2014-01-11,https://www.fidal.it/atleta/PATERNIERI-Alessandro/eq6RkpOiaWk%3D,https://www.fidal.it/societa/ASD-INTERFLUMINA-E-PIU-POMI-/PR484
9.7,9.70,e,COLA Luca,1996,JM,ATHLETIC CLUB 96 AE SPA,3 se- 1,Monaco,2014-03-16,https://www.fidal.it/atleta/COLA-Luca/iaiRkpmmbmk%3D,https://www.fidal.it/societa/ATHLETIC-CLUB-96-AE-SPA/BZ066
9.74,9.74,e,MALFER Alessandro,1996,JM,N.ATL. FANFULLA LODIGIANA,6 se- 1,Padova,2014-01-12,https://www.fidal.it/atleta/MALFER-Alessandro/dq2RlZWocWk%3D,https://www.fidal.it/societa/N-ATL--FANFULLA-LODIGIANA/MI218
9.75,9.75,e,SPINI Ivan,1968,SM45,S G AMSICORA,2 se- 7,Ancona,2014-03-07,https://www.fidal.it/atleta/SPINI-Ivan/iKmRkpWha2M%3D,https://www.fidal.it/societa/S-G-AMSICORA/CA002
9.77,9.77,e,BERGUERAND Francesco,1995,JM,ATLETICA SANDRO CALVESI,4 fi- 1,Aosta,2014-01-19,https://www.fidal.it/atleta/BERGUERAND-Francesco/jKiRlJafbWk%3D,https://www.fidal.it/societa/ATLETICA-SANDRO-CALVESI/AO004
9.77,9.77,e,PATERNOSTER Matteo,1996,JM,S.A.F. BOLZANO,6 se- 1,Padova,2014-01-26,https://www.fidal.it/atleta/PATERNOSTER-Matteo/iaiRkpqgamk%3D,https://www.fidal.it/societa/S-A-F--BOLZANO/BZ018
9.78,9.78,e,GIRARDI Davide,1995,JM,O.S.A. SARONNO LIB.,4 se- 2,Padova,2014-01-12,https://www.fidal.it/atleta/GIRARDI-Davide/dq2Rk5qjbmU%3D,https://www.fidal.it/societa/O-S-A--SARONNO-LIB-/VA119
9.84,9.84,e,GIANNOTTI Alessandro,1976,SM35,ASD LA GALLA PONTEDERA ATL.,5 se- 1,Budapest,2014-03-25,https://www.fidal.it/atleta/GIANNOTTI-Alessandro/faiSkpKlbGk%3D,https://www.fidal.it/societa/ASD-LA-GALLA-PONTEDERA-ATL-/PI144
9.87,9.87,e,DE LUCA Simone,1976,SM35,A.S. LA FRATELLANZA 1874,5 su- 1,Ancona,2014-03-08,https://www.fidal.it/atleta/DE-LUCA-Simone/eqiRkpmhcGU%3D,https://www.fidal.it/societa/A-S--LA-FRATELLANZA-1874/MO052
9.87,9.87,e,VIKOLER Filipp,1996,JM,S.G EISACKTAL RAIFFEISEN ASV,6 se- 1,Monaco,2014-03-16,https://www.fidal.it/atleta/VIKOLER-Filipp/iaiRkpufa2Y%3D,https://www.fidal.it/societa/S-G-EISACKTAL-RAIFFEISEN-ASV/BZ068
9.89,9.89,e,SANTORI Vittorio,1995,JM,COLLECTION ATLETICA SAMBENEDET,8 sf- 1,Ancona,2014-02-09,https://www.fidal.it/atleta/SANTORI-Vittorio/e6qRkpKjcWQ%3D,https://www.fidal.it/societa/COLLECTION-ATLETICA-SAMBENEDET/AP034
9.89,9.89,e,MARZOLO Roberto,1966,SM45,A.S. ATHLETICS PROMOTION AQ,3 se- 7,Ancona,2014-03-07,https://www.fidal.it/atleta/MARZOLO-Roberto/gaiRk5KkbmQ%3D,https://www.fidal.it/societa/A-S--ATHLETICS-PROMOTION-AQ/AQ103
9.92,9.92,e,SORESINI Federico,1996,JM,ATL. BERGAMO 1959 CREBERG,5 ba- 1,Saronno,2014-01-25,https://www.fidal.it/atleta/SORESINI-Federico/dqmRl5WicGc%3D,https://www.fidal.it/societa/ATL--BERGAMO-1959-CREBERG/BG003
9.93,9.93,e,BERGUERAND Francesco,1995,JM,ATLETICA SANDRO CALVESI,4 ba- 1,Aosta,2014-01-19,https://www.fidal.it/atleta/BERGUERAND-Francesco/jKiRlJafbWk%3D,https://www.fidal.it/societa/ATLETICA-SANDRO-CALVESI/AO004
9.96,9.96,e,FONTANA Edoardo,1996,JM,A.S.D. ATLETICA CINQUE CERCHI,5 ba- 1,Modena,2014-01-18,https://www.fidal.it/atleta/FONTANA-Edoardo/eqiRlZeib2M%3D,https://www.fidal.it/societa/A-S-D--ATLETICA-CINQUE-CERCHI/PC461
9.97,9.97,e,SPINI Ivan,1968,SM45,S G AMSICORA,1 su- 1,Iglesias,2014-02-02,https://www.fidal.it/atleta/SPINI-Ivan/iKmRkpWha2M%3D,https://www.fidal.it/societa/S-G-AMSICORA/CA002
9.97,9.97,e,TONELLO Luca,1973,SM40,GS.TORTELLINI VOLTAN MARTELLAG,3 su- 1,Ancona,2014-03-08,https://www.fidal.it/atleta/TONELLO-Luca/eKiRkpKkcGQ%3D,https://www.fidal.it/societa/GS-TORTELLINI-VOLTAN-MARTELLAG/VE512
9.97,9.97,e,REA Felice,1979,SM35,A.S.D. C.U.S. NAPOLI,6 su- 1,Ancona,2014-03-08,https://www.fidal.it/atleta/REA-Felice/gKiRlZKmaWw%3D,https://www.fidal.it/societa/A-S-D--C-U-S--NAPOLI/NA061
9.99,9.99,e,DA PONTE Davide,1965,SM45,A.ATL.DOLOMITI BELLUNO,2 se- 4,Budapest,2014-03-25,https://www.fidal.it/atleta/DA-PONTE-Davide/eKmRlJKicWc%3D,https://www.fidal.it/societa/A-ATL-DOLOMITI-BELLUNO/BL010
9.99,9.99,e,PELLANDA Roberto,1975,SM35,DAINI CARATE BRIANZA,5 se- 2,Budapest,2014-03-25,https://www.fidal.it/atleta/PELLANDA-Roberto/dq2RkpWoamY%3D,https://www.fidal.it/societa/DAINI-CARATE-BRIANZA/MI095
10.06,10.06,e,CICCHELLI Gian lorenzo,1969,SM45,VINI FANTINI BY FARNESE,4 se- 7,Ancona,2014-03-07,https://www.fidal.it/atleta/CICCHELLI-Gian-lorenzo/gauRkpKfamg%3D,https://www.fidal.it/societa/VINI-FANTINI-BY-FARNESE/PE032
10.06,10.06,e,AMERIO Roberto,1965,SM45,S.S. VITTORIO ALFIERI ASTI,3 su- 1,Ancona,2014-03-08,https://www.fidal.it/atleta/AMERIO-Roberto/dKiRkpKgcGs%3D,https://www.fidal.it/societa/S-S--VITTORIO-ALFIERI-ASTI/AT001
10.07,10.07,e,ALLIONE Mattia,1995,JM,G.S.D. POD. BUSCHESE,3 ba- 1,Bra,2014-01-12,https://www.fidal.it/atleta/ALLIONE-Mattia/dKyRlJSgaGk%3D,https://www.fidal.it/societa/G-S-D--POD--BUSCHESE/CN006
10.07,10.07,e,FOUDHAILI Bilel,1996,JM,A.S.D. ATLETICA CINQUE CERCHI,5 se- 2,Padova,2014-01-12,https://www.fidal.it/atleta/FOUDHAILI-Bilel/eq2RkpOlaGo%3D,https://www.fidal.it/societa/A-S-D--ATLETICA-CINQUE-CERCHI/PC461
10.07,10.07,e,VEDANA Filippo,1974,SM40,A.ATL.DOLOMITI BELLUNO,7 se- 3,Budapest,2014-03-25,https://www.fidal.it/atleta/VEDANA-Filippo/eKmRlJKicWs%3D,https://www.fidal.it/societa/A-ATL-DOLOMITI-BELLUNO/BL010
10.12,10.12,e,CICCHELLI Gian lorenzo,1969,SM45,VINI FANTINI BY FARNESE,4 su- 1,Ancona,2014-03-08,https://www.fidal.it/atleta/CICCHELLI-Gian-lorenzo/gauRkpKfamg%3D,https://www.fidal.it/societa/VINI-FANTINI-BY-FARNESE/PE032
10.13,10.13,e,GIANNOTTI Alessandro,1976,SM35,ASD LA GALLA PONTEDERA ATL.,4 se- 9,Ancona,2014-03-07,https://www.fidal.it/atleta/GIANNOTTI-Alessandro/faiSkpKlbGk%3D,https://www.fidal.it/societa/ASD-LA-GALLA-PONTEDERA-ATL-/PI144
10.18,10.18,e,CAMATTI Alberto,1970,SM40,ATLETICA 85 FAENZA,5 se- 9,Ancona,2014-03-07,https://www.fidal.it/atleta/CAMATTI-Alberto/eqiRkpKia2Y%3D,https://www.fidal.it/societa/ATLETICA-85-FAENZA/RA094
10.27,10.27,e,PELLANDA Roberto,1975,SM35,DAINI CARATE BRIANZA,1 se- 2,Castenedolo,2014-02-23,https://www.fidal.it/atleta/PELLANDA-Roberto/dq2RkpWoamY%3D,https://www.fidal.it/societa/DAINI-CARATE-BRIANZA/MI095
10.28,10.28,e,ALLIONE Mattia,1995,JM,G.S.D. POD. BUSCHESE,3 fi- 1,Bra,2014-01-12,https://www.fidal.it/atleta/ALLIONE-Mattia/dKyRlJSgaGk%3D,https://www.fidal.it/societa/G-S-D--POD--BUSCHESE/CN006
10.39,10.39,e,AMERIO Roberto,1965,SM45,S.S. VITTORIO ALFIERI ASTI,1 se- 2,Bra,2014-02-16,https://www.fidal.it/atleta/AMERIO-Roberto/dKiRkpKgcGs%3D,https://www.fidal.it/societa/S-S--VITTORIO-ALFIERI-ASTI/AT001
10.5,10.50,e,ALTAMURA Giuseppe,1968,SM45,OLIMPIA AMATORI RIMINI,5 su- 1,Ancona,2014-03-08,https://www.fidal.it/atleta/ALTAMURA-Giuseppe/hKmRkpWiaGc%3D,https://www.fidal.it/societa/OLIMPIA-AMATORI-RIMINI/RN357
10.52,10.52,e,PASSARELLI Francesco,1995,JM,A.S.D. INTESATLETICA,1 su- 1,Formia,2014-02-08,https://www.fidal.it/atleta/PASSARELLI-Francesco/f6qRkpOib2w%3D,https://www.fidal.it/societa/A-S-D--INTESATLETICA/LT260
10.56,10.56,e,PASSARELLI Francesco,1995,JM,A.S.D. INTESATLETICA,4 fi- 1,Roma,2014-02-02,https://www.fidal.it/atleta/PASSARELLI-Francesco/f6qRkpOib2w%3D,https://www.fidal.it/societa/A-S-D--INTESATLETICA/LT260
10.57,10.57,e,UTILE Cesare,1968,SM45,ATLETICA LEGGERA PORTICI,5 se- 7,Ancona,2014-03-07,https://www.fidal.it/atleta/UTILE-Cesare/gKiRlZWobGw%3D,https://www.fidal.it/societa/ATLETICA-LEGGERA-PORTICI/NA982
10.58,10.58,e,UBERTI Andrea,1979,SM35,ATL. VIRTUS CASTENEDOLO,7 su- 1,Ancona,2014-03-08,https://www.fidal.it/atleta/UBERTI-Andrea/dqqRlpqmamQ%3D,https://www.fidal.it/societa/ATL--VIRTUS-CASTENEDOLO/BS575
10.76,10.76,e,GARGIULO Ciro,1968,SM45,ATLETICA CANAVESANA,3 su- 1,Aosta,2014-02-01,https://www.fidal.it/atleta/GARGIULO-Ciro/dK6RlZqibWo%3D,https://www.fidal.it/societa/ATLETICA-CANAVESANA/TO015
10.77,10.77,e,CASAGRANDE Luca,1971,SM40,A.S.ATHLON BASTIA,4 su- 1,Ancona,2014-03-08,https://www.fidal.it/atleta/CASAGRANDE-Luca/fqiRkpihbGk%3D,https://www.fidal.it/societa/A-S-ATHLON-BASTIA/PG003
10.78,10.78,e,FORTUNATO Roberto,1972,SM40,MASTERATLETICA,5 su- 1,Ancona,2014-03-08,https://www.fidal.it/atleta/FORTUNATO-Roberto/eKiRk5SgcGU%3D,https://www.fidal.it/societa/MASTERATLETICA/VI650
10.85,10.85,e,GARGIULO Ciro,1968,SM45,ATLETICA CANAVESANA,1 se- 8,Ancona,2014-03-07,https://www.fidal.it/atleta/GARGIULO-Ciro/dK6RlZqibWo%3D,https://www.fidal.it/societa/ATLETICA-CANAVESANA/TO015
10.9,10.90,e,GARGIULO Ciro,1968,SM45,ATLETICA CANAVESANA,2 se- 2,Bra,2014-02-16,https://www.fidal.it/atleta/GARGIULO-Ciro/dK6RlZqibWo%3D,https://www.fidal.it/societa/ATLETICA-CANAVESANA/TO015
10.9,10.90,e,SEMPRINI CESARI Matteo,1965,SM45,ATL. RIMINI NORD SANTARCANGELO,2 se- 8,Ancona,2014-03-07,https://www.fidal.it/atleta/SEMPRINI-CESARI-Matteo/eqiRlZuia2c%3D,https://www.fidal.it/societa/ATL--RIMINI-NORD-SANTARCANGELO/RN273
10.96,10.96,e,ALTAMURA Giuseppe,1968,SM45,OLIMPIA AMATORI RIMINI,3 se- 8,Ancona,2014-03-07,https://www.fidal.it/atleta/ALTAMURA-Giuseppe/hKmRkpWiaGc%3D,https://www.fidal.it/societa/OLIMPIA-AMATORI-RIMINI/RN357
11.02,11.02,e,DELLO STRITTO Roberto,1965,SM45,ATLETICA CANAVESANA,6 su- 1,Ancona,2014-03-08,https://www.fidal.it/atleta/DELLO-STRITTO-Roberto/dK6RlJqfamo%3D,https://www.fidal.it/societa/ATLETICA-CANAVESANA/TO015
11.05,11.05,e,VEGLIA Francesco,1973,SM40,A.S.D.  ATL. VIS NOVA,6 su- 1,Ancona,2014-03-08,https://www.fidal.it/atleta/VEGLIA-Francesco/gKiRk5WgaGU%3D,https://www.fidal.it/societa/A-S-D--ATL--VIS-NOVA/SA126
11.07,11.07,e,DELLA LONGA Cristiano,1971,SM40,ATLETICA DEI GELSI,7 su- 1,Ancona,2014-03-08,https://www.fidal.it/atleta/DELLA-LONGA-Cristiano/f6yRkpSmbWQ%3D,https://www.fidal.it/societa/ATLETICA-DEI-GELSI/RM237
11.35,11.35,e,MANCA Daniele,1966,SM45,A.S.D. ICHNOS SASSARI,1 su- 1,Iglesias,2014-02-16,https://www.fidal.it/atleta/MANCA-Daniele/iKiRkpqjbWo%3D,https://www.fidal.it/societa/A-S-D--ICHNOS-SASSARI/SS220
11.45,11.45,e,DELLO STRITTO Roberto,1965,SM45,ATLETICA CANAVESANA,3 se- 2,Bra,2014-02-16,https://www.fidal.it/atleta/DELLO-STRITTO-Roberto/dK6RlJqfamo%3D,https://www.fidal.it/societa/ATLETICA-CANAVESANA/TO015
11.56,11.56,e,CONTI Carlo,1968,SM45,ATL. CASAZZA,4 se- 8,Ancona,2014-03-07,https://www.fidal.it/atleta/CONTI-Carlo/dqmRl5qjbWo%3D,https://www.fidal.it/societa/ATL--CASAZZA/BG225
11.58,11.58,e,DELLO STRITTO Roberto,1965,SM45,ATLETICA CANAVESANA,4 su- 1,Aosta,2014-02-01,https://www.fidal.it/atleta/DELLO-STRITTO-Roberto/dK6RlJqfamo%3D,https://www.fidal.it/societa/ATLETICA-CANAVESANA/TO015
11.62,11.62,e,MANCA Daniele,1966,SM45,A.S.D. ICHNOS SASSARI,7 su- 1,Ancona,2014-03-08,https://www.fidal.it/atleta/MANCA-Daniele/iKiRkpqjbWo%3D,https://www.fidal.it/societa/A-S-D--ICHNOS-SASSARI/SS220
11.66,11.66,e,CONTI Carlo,1968,SM45,ATL. CASAZZA,2 se- 2,Castenedolo,2014-02-23,https://www.fidal.it/atleta/CONTI-Carlo/dqmRl5qjbWo%3D,https://www.fidal.it/societa/ATL--CASAZZA/BG225
11.84,11.84,e,ROLFI Piero,1970,SM40,S.S. VITTORIO ALFIERI ASTI,4 se- 2,Bra,2014-02-16,https://www.fidal.it/atleta/ROLFI-Piero/dKuRk5efaGk%3D,https://www.fidal.it/societa/S-S--VITTORIO-ALFIERI-ASTI/AT001
11.89,11.89,e,BIESTA Fulvio stefano,1966,SM45,ATLETICA CANAVESANA,5 se- 8,Ancona,2014-03-07,https://www.fidal.it/atleta/BIESTA-Fulvio-stefano/dK6RlpembGo%3D,https://www.fidal.it/societa/ATLETICA-CANAVESANA/TO015
12.08,12.08,e,DI BLASI Manfred,1969,SM45,G.S. C.S.I. MORBEGNO,6 se- 8,Ancona,2014-03-07,https://www.fidal.it/atleta/DI-BLASI-Manfred/dqiSl5ifa2Q%3D,https://www.fidal.it/societa/G-S--C-S-I--MORBEGNO/SO114
12.1,12.10,e,BIESTA Fulvio stefano,1966,SM45,ATLETICA CANAVESANA,5 su- 1,Aosta,2014-02-01,https://www.fidal.it/atleta/BIESTA-Fulvio-stefano/dK6RlpembGo%3D,https://www.fidal.it/societa/ATLETICA-CANAVESANA/TO015
12.1,12.10,e,DONATI Franco,1967,SM45,ATL. RIMINI NORD SANTARCANGELO,7 se- 8,Ancona,2014-03-07,https://www.fidal.it/atleta/DONATI-Franco/erORkpOibGQ%3D,https://www.fidal.it/societa/ATL--RIMINI-NORD-SANTARCANGELO/RN273
12.23,12.23,e,ROLFI Piero,1970,SM40,S.S. VITTORIO ALFIERI ASTI,2 su- 1,Genova,2014-02-15,https://www.fidal.it/atleta/ROLFI-Piero/dKuRk5efaGk%3D,https://www.fidal.it/societa/S-S--VITTORIO-ALFIERI-ASTI/AT001
12.95,12.95,e,MONDILLA Nicola,1970,SM40,S.S.FIAMMA ATL.CATANZARO,8 su- 1,Ancona,2014-03-08,https://www.fidal.it/atleta/MONDILLA-Nicola/hqiRkpKfb2c%3D,https://www.fidal.it/societa/S-S-FIAMMA-ATL-CATANZARO/CZ010
13.77,13.77,e,SORESINI Federico,1996,JM,ATL. BERGAMO 1959 CREBERG,4 fi- 1,Saronno,2014-01-25,https://www.fidal.it/atleta/SORESINI-Federico/dqmRl5WicGc%3D,https://www.fidal.it/societa/ATL--BERGAMO-1959-CREBERG/BG003
8.05,8.05,e,BIZZONI Leonardo,1996,JM,ATL. STUDENTESCA CA.RI.RI,1 fi- 1,Ancona,2015-02-08,https://www.fidal.it/atleta/BIZZONI-Leonardo/f6iRmZqgaWs%3D,https://www.fidal.it/societa/ATL--STUDENTESCA-CA-RI-RI/RI223
8.07,8.07,e,CESCA Nicola,1997,JM,ATL. AVIS MACERATA,2 fi- 1,Ancona,2015-02-08,https://www.fidal.it/atleta/CESCA-Nicola/e6iRk5ijaWU%3D,https://www.fidal.it/societa/ATL--AVIS-MACERATA/MC004
8.09,8.09,e,ZUCCON Giacomo,1996,JM,TREVISATLETICA,1 fi- 1,Modena,2015-03-01,https://www.fidal.it/atleta/ZUCCON-Giacomo/eKyRkpWfcWc%3D,https://www.fidal.it/societa/TREVISATLETICA/TV354
8.14,8.14,e,BIZZONI Leonardo,1996,JM,ATL. STUDENTESCA CA.RI.RI,1 fi- 1,Ancona,2015-01-24,https://www.fidal.it/atleta/BIZZONI-Leonardo/f6iRmZqgaWs%3D,https://www.fidal.it/societa/ATL--STUDENTESCA-CA-RI-RI/RI223
8.15,8.15,e,BIONDO Giuseppe,1996,JM,A.S.D. C.U.S. PALERMO,3 fi- 1,Ancona,2015-02-08,https://www.fidal.it/atleta/BIONDO-Giuseppe/h6iRlpKmaGo%3D,https://www.fidal.it/societa/A-S-D--C-U-S--PALERMO/PA001
8.16,8.16,e,ZUCCON Giacomo,1996,JM,TREVISATLETICA,1 ba- 2,Modena,2015-03-01,https://www.fidal.it/atleta/ZUCCON-Giacomo/eKyRkpWfcWc%3D,https://www.fidal.it/societa/TREVISATLETICA/TV354
8.17,8.17,e,CESCA Nicola,1997,JM,ATL. AVIS MACERATA,2 fi- 1,Ancona,2015-01-24,https://www.fidal.it/atleta/CESCA-Nicola/e6iRk5ijaWU%3D,https://www.fidal.it/societa/ATL--AVIS-MACERATA/MC004
8.18,8.18,e,CESCA Nicola,1997,JM,ATL. AVIS MACERATA,1 fi- 1,Ancona,2015-02-01,https://www.fidal.it/atleta/CESCA-Nicola/e6iRk5ijaWU%3D,https://www.fidal.it/societa/ATL--AVIS-MACERATA/MC004
8.19,8.19,e,BIZZONI Leonardo,1996,JM,ATL. STUDENTESCA CA.RI.RI,1 ba- 1,Ancona,2015-01-24,https://www.fidal.it/atleta/BIZZONI-Leonardo/f6iRmZqgaWs%3D,https://www.fidal.it/societa/ATL--STUDENTESCA-CA-RI-RI/RI223
8.19,8.19,e,BIZZONI Leonardo,1996,JM,ATL. STUDENTESCA CA.RI.RI,1 sf- 1,Ancona,2015-02-08,https://www.fidal.it/atleta/BIZZONI-Leonardo/f6iRmZqgaWs%3D,https://www.fidal.it/societa/ATL--STUDENTESCA-CA-RI-RI/RI223
8.2,8.20,e,ZUCCON Giacomo,1996,JM,TREVISATLETICA,4 fi- 1,Ancona,2015-02-08,https://www.fidal.it/atleta/ZUCCON-Giacomo/eKyRkpWfcWc%3D,https://www.fidal.it/societa/TREVISATLETICA/TV354
8.21,8.21,e,CESCA Nicola,1997,JM,ATL. AVIS MACERATA,1 ba- 1,Ancona,2015-02-01,https://www.fidal.it/atleta/CESCA-Nicola/e6iRk5ijaWU%3D,https://www.fidal.it/societa/ATL--AVIS-MACERATA/MC004
8.21,8.21,e,CESCA Nicola,1997,JM,ATL. AVIS MACERATA,1 sf- 3,Ancona,2015-02-08,https://www.fidal.it/atleta/CESCA-Nicola/e6iRk5ijaWU%3D,https://www.fidal.it/societa/ATL--AVIS-MACERATA/MC004
8.21,8.21,e,RETTORI Francesco,1997,JM,TOSCANA ATLETICA FUTURA,2 sf- 1,Ancona,2015-02-08,https://www.fidal.it/atleta/RETTORI-Francesco/faqRkpSla2Y%3D,https://www.fidal.it/societa/TOSCANA-ATLETICA-FUTURA/FI018
8.23,8.23,e,CESCA Nicola,1997,JM,ATL. AVIS MACERATA,1 fi- 1,Ancona,2015-01-17,https://www.fidal.it/atleta/CESCA-Nicola/e6iRk5ijaWU%3D,https://www.fidal.it/societa/ATL--AVIS-MACERATA/MC004
8.23,8.23,e,ROSSI Federico,1997,JM,ATLETICA MALIGNANI LIBERTAS UD,1 fi- 1,Pordenone,2015-01-24,https://www.fidal.it/atleta/ROSSI-Federico/eayRk5OmaGQ%3D,https://www.fidal.it/societa/ATLETICA-MALIGNANI-LIBERTAS-UD/UD030
8.23,8.23,e,BIZZONI Leonardo,1996,JM,ATL. STUDENTESCA CA.RI.RI,4 se- 1,Lione,2015-02-28,https://www.fidal.it/atleta/BIZZONI-Leonardo/f6iRmZqgaWs%3D,https://www.fidal.it/societa/ATL--STUDENTESCA-CA-RI-RI/RI223
8.24,8.24,e,FERRANTE Francesco,1996,JM,ATLETICA FIRENZE MARATHON S.S.,1 fi- 1,Firenze,2015-01-24,https://www.fidal.it/atleta/FERRANTE-Francesco/faiSkpenbGM%3D,https://www.fidal.it/societa/ATLETICA-FIRENZE-MARATHON-S-S-/FI002
8.25,8.25,e,PACITTO Andrea,1996,JM,COLLECTION ATLETICA SAMBENEDET,2 sf- 3,Ancona,2015-02-08,https://www.fidal.it/atleta/PACITTO-Andrea/e6qRkpKgcWw%3D,https://www.fidal.it/societa/COLLECTION-ATLETICA-SAMBENEDET/AP034
8.25,8.25,e,CRNIGOJ Gabriele,1997,JM,ATLETICA MALIGNANI LIBERTAS UD,3 sf- 3,Ancona,2015-02-08,https://www.fidal.it/atleta/CRNIGOJ-Gabriele/eayRk5OhamY%3D,https://www.fidal.it/societa/ATLETICA-MALIGNANI-LIBERTAS-UD/UD030
8.26,8.26,e,ZUCCON Giacomo,1996,JM,TREVISATLETICA,1 fi- 1,Padova,2015-01-18,https://www.fidal.it/atleta/ZUCCON-Giacomo/eKyRkpWfcWc%3D,https://www.fidal.it/societa/TREVISATLETICA/TV354
8.26,8.26,e,PACITTO Andrea,1996,JM,COLLECTION ATLETICA SAMBENEDET,2 ba- 1,Ancona,2015-01-24,https://www.fidal.it/atleta/PACITTO-Andrea/e6qRkpKgcWw%3D,https://www.fidal.it/societa/COLLECTION-ATLETICA-SAMBENEDET/AP034
8.26,8.26,e,PACITTO Andrea,1996,JM,COLLECTION ATLETICA SAMBENEDET,3 fi- 1,Ancona,2015-01-24,https://www.fidal.it/atleta/PACITTO-Andrea/e6qRkpKgcWw%3D,https://www.fidal.it/societa/COLLECTION-ATLETICA-SAMBENEDET/AP034
8.26,8.26,e,BIZZONI Leonardo,1996,JM,ATL. STUDENTESCA CA.RI.RI,4 ex- 1,Lione,2015-02-28,https://www.fidal.it/atleta/BIZZONI-Leonardo/f6iRmZqgaWs%3D,https://www.fidal.it/societa/ATL--STUDENTESCA-CA-RI-RI/RI223
8.27,8.27,e,BIZZONI Leonardo,1996,JM,ATL. STUDENTESCA CA.RI.RI,2 fi- 1,Ancona,2015-01-17,https://www.fidal.it/atleta/BIZZONI-Leonardo/f6iRmZqgaWs%3D,https://www.fidal.it/societa/ATL--STUDENTESCA-CA-RI-RI/RI223
8.27,8.27,e,FERRANTE Francesco,1996,JM,ATLETICA FIRENZE MARATHON S.S.,2 fi- 1,Padova,2015-01-18,https://www.fidal.it/atleta/FERRANTE-Francesco/faiSkpenbGM%3D,https://www.fidal.it/societa/ATLETICA-FIRENZE-MARATHON-S-S-/FI002
8.27,8.27,e,FERRANTE Francesco,1996,JM,ATLETICA FIRENZE MARATHON S.S.,1 ba- 1,Firenze,2015-01-24,https://www.fidal.it/atleta/FERRANTE-Francesco/faiSkpenbGM%3D,https://www.fidal.it/societa/ATLETICA-FIRENZE-MARATHON-S-S-/FI002
8.27,8.27,e,PACITTO Andrea,1996,JM,COLLECTION ATLETICA SAMBENEDET,1 ba- 3,Ancona,2015-02-08,https://www.fidal.it/atleta/PACITTO-Andrea/e6qRkpKgcWw%3D,https://www.fidal.it/societa/COLLECTION-ATLETICA-SAMBENEDET/AP034
8.27,8.27,e,ZUCCON Giacomo,1996,JM,TREVISATLETICA,3 sf- 1,Ancona,2015-02-08,https://www.fidal.it/atleta/ZUCCON-Giacomo/eKyRkpWfcWc%3D,https://www.fidal.it/societa/TREVISATLETICA/TV354
8.28,8.28,e,FASSINA Simone,1996,JM,TEAM-A LOMBARDIA,1 se- 1,Padova,2015-01-25,https://www.fidal.it/atleta/FASSINA-Simone/dq2Rk5iibms%3D,https://www.fidal.it/societa/TEAM-A-LOMBARDIA/MI774
8.28,8.28,e,RETTORI Francesco,1997,JM,TOSCANA ATLETICA FUTURA,5 fi- 1,Ancona,2015-02-08,https://www.fidal.it/atleta/RETTORI-Francesco/faqRkpSla2Y%3D,https://www.fidal.it/societa/TOSCANA-ATLETICA-FUTURA/FI018
8.28,8.28,e,ZUCCON Giacomo,1996,JM,TREVISATLETICA,1 fi- 1,Padova,2015-02-15,https://www.fidal.it/atleta/ZUCCON-Giacomo/eKyRkpWfcWc%3D,https://www.fidal.it/societa/TREVISATLETICA/TV354
8.29,8.29,e,BIZZONI Leonardo,1996,JM,ATL. STUDENTESCA CA.RI.RI,1 ba- 4,Ancona,2015-02-08,https://www.fidal.it/atleta/BIZZONI-Leonardo/f6iRmZqgaWs%3D,https://www.fidal.it/societa/ATL--STUDENTESCA-CA-RI-RI/RI223
8.29,8.29,e,CESCA Nicola,1997,JM,ATL. AVIS MACERATA,5 ex- 1,Lione,2015-02-28,https://www.fidal.it/atleta/CESCA-Nicola/e6iRk5ijaWU%3D,https://www.fidal.it/societa/ATL--AVIS-MACERATA/MC004
8.3,8.30,e,PACITTO Andrea,1996,JM,COLLECTION ATLETICA SAMBENEDET,1 ba- 1,Ancona,2015-01-11,https://www.fidal.it/atleta/PACITTO-Andrea/e6qRkpKgcWw%3D,https://www.fidal.it/societa/COLLECTION-ATLETICA-SAMBENEDET/AP034
8.3,8.30,e,ZUCCON Giacomo,1996,JM,TREVISATLETICA,1 ba- 2,Padova,2015-01-18,https://www.fidal.it/atleta/ZUCCON-Giacomo/eKyRkpWfcWc%3D,https://www.fidal.it/societa/TREVISATLETICA/TV354
8.3,8.30,e,FALASCA Riccardo,1997,JM,A.S.D. PIETRO MENNEA ATLETICA,6 fi- 1,Ancona,2015-02-08,https://www.fidal.it/atleta/FALASCA-Riccardo/gaqRkpKiaWs%3D,https://www.fidal.it/societa/A-S-D--PIETRO-MENNEA-ATLETICA/CH173
8.31,8.31,e,PACITTO Andrea,1996,JM,COLLECTION ATLETICA SAMBENEDET,1 fi- 1,Ancona,2015-01-11,https://www.fidal.it/atleta/PACITTO-Andrea/e6qRkpKgcWw%3D,https://www.fidal.it/societa/COLLECTION-ATLETICA-SAMBENEDET/AP034
8.31,8.31,e,BIONDO Giuseppe,1996,JM,A.S.D. C.U.S. PALERMO,1 sf- 2,Ancona,2015-02-08,https://www.fidal.it/atleta/BIONDO-Giuseppe/h6iRlpKmaGo%3D,https://www.fidal.it/societa/A-S-D--C-U-S--PALERMO/PA001
8.31,8.31,e,CRNIGOJ Gabriele,1997,JM,ATLETICA MALIGNANI LIBERTAS UD,7 fi- 1,Ancona,2015-02-08,https://www.fidal.it/atleta/CRNIGOJ-Gabriele/eayRk5OhamY%3D,https://www.fidal.it/societa/ATLETICA-MALIGNANI-LIBERTAS-UD/UD030
8.32,8.32,e,CRNIGOJ Gabriele,1997,JM,ATLETICA MALIGNANI LIBERTAS UD,2 ba- 3,Ancona,2015-02-08,https://www.fidal.it/atleta/CRNIGOJ-Gabriele/eayRk5OhamY%3D,https://www.fidal.it/societa/ATLETICA-MALIGNANI-LIBERTAS-UD/UD030
8.32,8.32,e,ZUCCON Giacomo,1996,JM,TREVISATLETICA,1 ba- 1,Padova,2015-02-15,https://www.fidal.it/atleta/ZUCCON-Giacomo/eKyRkpWfcWc%3D,https://www.fidal.it/societa/TREVISATLETICA/TV354
8.33,8.33,e,FALASCA Riccardo,1997,JM,A.S.D. PIETRO MENNEA ATLETICA,2 sf- 2,Ancona,2015-02-08,https://www.fidal.it/atleta/FALASCA-Riccardo/gaqRkpKiaWs%3D,https://www.fidal.it/societa/A-S-D--PIETRO-MENNEA-ATLETICA/CH173
8.34,8.34,e,BIONDO Giuseppe,1996,JM,A.S.D. C.U.S. PALERMO,1 ba- 1,Ancona,2015-02-08,https://www.fidal.it/atleta/BIONDO-Giuseppe/h6iRlpKmaGo%3D,https://www.fidal.it/societa/A-S-D--C-U-S--PALERMO/PA001
8.35,8.35,e,FASSINA Simone,1996,JM,TEAM-A LOMBARDIA,1 se- 1,Padova,2015-01-11,https://www.fidal.it/atleta/FASSINA-Simone/dq2Rk5iibms%3D,https://www.fidal.it/societa/TEAM-A-LOMBARDIA/MI774
8.35,8.35,e,ZUCCON Giacomo,1996,JM,TREVISATLETICA,1 su- 1,Padova,2015-01-24,https://www.fidal.it/atleta/ZUCCON-Giacomo/eKyRkpWfcWc%3D,https://www.fidal.it/societa/TREVISATLETICA/TV354
8.35,8.35,e,ROSSI Federico,1997,JM,ATLETICA MALIGNANI LIBERTAS UD,3 sf- 2,Ancona,2015-02-08,https://www.fidal.it/atleta/ROSSI-Federico/eayRk5OmaGQ%3D,https://www.fidal.it/societa/ATLETICA-MALIGNANI-LIBERTAS-UD/UD030
8.36,8.36,e,ZUCCON Giacomo,1996,JM,TREVISATLETICA,3 ba- 3,Ancona,2015-02-08,https://www.fidal.it/atleta/ZUCCON-Giacomo/eKyRkpWfcWc%3D,https://www.fidal.it/societa/TREVISATLETICA/TV354
8.36,8.36,e,TADINI Guglielmo,1996,JM,CUS INSUBRIA,4 sf- 2,Ancona,2015-02-08,https://www.fidal.it/atleta/TADINI-Guglielmo/drKRkpWlbWw%3D,https://www.fidal.it/societa/CUS-INSUBRIA/VA123
8.37,8.37,e,ORSATTI Matteo,1997,JM,C.U.S. PARMA,1 fi- 1,Modena,2015-01-10,https://www.fidal.it/atleta/ORSATTI-Matteo/eq6RkpeibmY%3D,https://www.fidal.it/societa/C-U-S--PARMA/PR068
8.37,8.37,e,BIZZONI Leonardo,1996,JM,ATL. STUDENTESCA CA.RI.RI,1 ba- 1,Ancona,2015-01-17,https://www.fidal.it/atleta/BIZZONI-Leonardo/f6iRmZqgaWs%3D,https://www.fidal.it/societa/ATL--STUDENTESCA-CA-RI-RI/RI223
8.37,8.37,e,RETTORI Francesco,1997,JM,TOSCANA ATLETICA FUTURA,2 fi- 1,Modena,2015-03-01,https://www.fidal.it/atleta/RETTORI-Francesco/faqRkpSla2Y%3D,https://www.fidal.it/societa/TOSCANA-ATLETICA-FUTURA/FI018
8.37,8.37,e,PACITTO Andrea,1996,JM,COLLECTION ATLETICA SAMBENEDET,3 fi- 1,Modena,2015-03-01,https://www.fidal.it/atleta/PACITTO-Andrea/e6qRkpKgcWw%3D,https://www.fidal.it/societa/COLLECTION-ATLETICA-SAMBENEDET/AP034
8.38,8.38,e,BIZZONI Leonardo,1996,JM,ATL. STUDENTESCA CA.RI.RI,2 ba- 1,Ancona,2015-01-11,https://www.fidal.it/atleta/BIZZONI-Leonardo/f6iRmZqgaWs%3D,https://www.fidal.it/societa/ATL--STUDENTESCA-CA-RI-RI/RI223
8.38,8.38,e,TADINI Guglielmo,1996,JM,CUS INSUBRIA,1 ba- 1,Saronno,2015-01-31,https://www.fidal.it/atleta/TADINI-Guglielmo/drKRkpWlbWw%3D,https://www.fidal.it/societa/CUS-INSUBRIA/VA123
8.38,8.38,e,TADINI Guglielmo,1996,JM,CUS INSUBRIA,1 fi- 1,Saronno,2015-01-31,https://www.fidal.it/atleta/TADINI-Guglielmo/drKRkpWlbWw%3D,https://www.fidal.it/societa/CUS-INSUBRIA/VA123
8.38,8.38,e,CIOCCOLONI Claudio,1996,JM,E.SERVIZI ATL. FUTURA ROMA,2 ba- 1,Ancona,2015-02-08,https://www.fidal.it/atleta/CIOCCOLONI-Claudio/f6iRl5unamo%3D,https://www.fidal.it/societa/E-SERVIZI-ATL--FUTURA-ROMA/RM555
8.38,8.38,e,CESCA Nicola,1997,JM,ATL. AVIS MACERATA,3 ba- 1,Ancona,2015-02-08,https://www.fidal.it/atleta/CESCA-Nicola/e6iRk5ijaWU%3D,https://www.fidal.it/societa/ATL--AVIS-MACERATA/MC004
8.38,8.38,e,CARIOTI Andrea,1996,JM,ATLETICA PIEMONTE ASD,5 sf- 2,Ancona,2015-02-08,https://www.fidal.it/atleta/CARIOTI-Andrea/dKAAARk5mnamo%3D,https://www.fidal.it/societa/ATLETICA-PIEMONTE-ASD/TO226
8.38,8.38,e,PACITTO Andrea,1996,JM,COLLECTION ATLETICA SAMBENEDET,1 ba- 1,Modena,2015-03-01,https://www.fidal.it/atleta/PACITTO-Andrea/e6qRkpKgcWw%3D,https://www.fidal.it/societa/COLLECTION-ATLETICA-SAMBENEDET/AP034
8.39,8.39,e,RETTORI Francesco,1997,JM,TOSCANA ATLETICA FUTURA,2 ba- 4,Ancona,2015-02-08,https://www.fidal.it/atleta/RETTORI-Francesco/faqRkpSla2Y%3D,https://www.fidal.it/societa/TOSCANA-ATLETICA-FUTURA/FI018
8.4,8.40,e,CESCA Nicola,1997,JM,ATL. AVIS MACERATA,2 ba- 1,Ancona,2015-01-17,https://www.fidal.it/atleta/CESCA-Nicola/e6iRk5ijaWU%3D,https://www.fidal.it/societa/ATL--AVIS-MACERATA/MC004
8.41,8.41,e,FALASCA Riccardo,1997,JM,A.S.D. PIETRO MENNEA ATLETICA,2 fi- 1,Ancona,2015-02-01,https://www.fidal.it/atleta/FALASCA-Riccardo/gaqRkpKiaWs%3D,https://www.fidal.it/societa/A-S-D--PIETRO-MENNEA-ATLETICA/CH173
8.42,8.42,e,RETTORI Francesco,1997,JM,TOSCANA ATLETICA FUTURA,2 fi- 1,Firenze,2015-01-24,https://www.fidal.it/atleta/RETTORI-Francesco/faqRkpSla2Y%3D,https://www.fidal.it/societa/TOSCANA-ATLETICA-FUTURA/FI018
8.42,8.42,e,TADINI Guglielmo,1996,JM,CUS INSUBRIA,1 su- 1,Bergamo,2015-01-25,https://www.fidal.it/atleta/TADINI-Guglielmo/drKRkpWlbWw%3D,https://www.fidal.it/societa/CUS-INSUBRIA/VA123
8.42,8.42,e,RETTORI Francesco,1997,JM,TOSCANA ATLETICA FUTURA,1 ba- 3,Modena,2015-03-01,https://www.fidal.it/atleta/RETTORI-Francesco/faqRkpSla2Y%3D,https://www.fidal.it/societa/TOSCANA-ATLETICA-FUTURA/FI018
8.42,8.42,e,LONGONI Stefano,1975,SM40,ATL. LECCO-COLOMBO COSTRUZ.,4 fi- 1,Torun,2015-03-28,https://www.fidal.it/atleta/LONGONI-Stefano/dqiRkpagaGo%3D,https://www.fidal.it/societa/ATL--LECCO-COLOMBO-COSTRUZ-/CO208
8.43,8.43,e,ROSSI Federico,1997,JM,ATLETICA MALIGNANI LIBERTAS UD,1 ba- 1,Udine,2015-01-11,https://www.fidal.it/atleta/ROSSI-Federico/eayRk5OmaGQ%3D,https://www.fidal.it/societa/ATLETICA-MALIGNANI-LIBERTAS-UD/UD030
8.43,8.43,e,CIOCCOLONI Claudio,1996,JM,E.SERVIZI ATL. FUTURA ROMA,3 ba- 1,Ancona,2015-01-24,https://www.fidal.it/atleta/CIOCCOLONI-Claudio/f6iRl5unamo%3D,https://www.fidal.it/societa/E-SERVIZI-ATL--FUTURA-ROMA/RM555
8.43,8.43,e,CESCA Nicola,1997,JM,ATL. AVIS MACERATA,4 ba- 1,Ancona,2015-01-24,https://www.fidal.it/atleta/CESCA-Nicola/e6iRk5ijaWU%3D,https://www.fidal.it/societa/ATL--AVIS-MACERATA/MC004
8.43,8.43,e,RETTORI Francesco,1997,JM,TOSCANA ATLETICA FUTURA,1 ba- 1,Firenze,2015-01-31,https://www.fidal.it/atleta/RETTORI-Francesco/faqRkpSla2Y%3D,https://www.fidal.it/societa/TOSCANA-ATLETICA-FUTURA/FI018
8.43,8.43,e,FALASCA Riccardo,1997,JM,A.S.D. PIETRO MENNEA ATLETICA,2 ba- 1,Ancona,2015-02-01,https://www.fidal.it/atleta/FALASCA-Riccardo/gaqRkpKiaWs%3D,https://www.fidal.it/societa/A-S-D--PIETRO-MENNEA-ATLETICA/CH173
8.44,8.44,e,ORSATTI Matteo,1997,JM,C.U.S. PARMA,1 ba- 1,Modena,2015-01-17,https://www.fidal.it/atleta/ORSATTI-Matteo/eq6RkpeibmY%3D,https://www.fidal.it/societa/C-U-S--PARMA/PR068
8.44,8.44,e,FALASCA Riccardo,1997,JM,A.S.D. PIETRO MENNEA ATLETICA,1 ba- 2,Ancona,2015-02-08,https://www.fidal.it/atleta/FALASCA-Riccardo/gaqRkpKiaWs%3D,https://www.fidal.it/societa/A-S-D--PIETRO-MENNEA-ATLETICA/CH173
8.44,8.44,e,BRUZZESE FESCHUK Yulian oleksandrovit,1996,JM,ATL. REGGIO ASD,1 ba- 5,Ancona,2015-02-08,https://www.fidal.it/atleta/BRUZZESE-FESCHUK-Yulian-oleksandrovit/erGRkpKkbms%3D,https://www.fidal.it/societa/ATL--REGGIO-ASD/RE128
8.44,8.44,e,COSTA Andrea,1996,JM,ASSOCIAZIONE ATLETICA N.E.VI.,6 sf- 2,Ancona,2015-02-08,https://www.fidal.it/atleta/COSTA-Andrea/eK6RkpSfcGQ%3D,https://www.fidal.it/societa/ASSOCIAZIONE-ATLETICA-N-E-VI-/VI623
8.44,8.44,e,PACITTO Andrea,1996,JM,COLLECTION ATLETICA SAMBENEDET,8 fi- 1,Ancona,2015-02-08,https://www.fidal.it/atleta/PACITTO-Andrea/e6qRkpKgcWw%3D,https://www.fidal.it/societa/COLLECTION-ATLETICA-SAMBENEDET/AP034
8.45,8.45,e,ORSATTI Matteo,1997,JM,C.U.S. PARMA,1 ba- 1,Modena,2015-01-10,https://www.fidal.it/atleta/ORSATTI-Matteo/eq6RkpeibmY%3D,https://www.fidal.it/societa/C-U-S--PARMA/PR068
8.45,8.45,e,FERRANTE Francesco,1996,JM,ATLETICA FIRENZE MARATHON S.S.,1 ba- 1,Padova,2015-01-18,https://www.fidal.it/atleta/FERRANTE-Francesco/faiSkpenbGM%3D,https://www.fidal.it/societa/ATLETICA-FIRENZE-MARATHON-S-S-/FI002
8.45,8.45,e,ROSSI Federico,1997,JM,ATLETICA MALIGNANI LIBERTAS UD,2 ba- 5,Ancona,2015-02-08,https://www.fidal.it/atleta/ROSSI-Federico/eayRk5OmaGQ%3D,https://www.fidal.it/societa/ATLETICA-MALIGNANI-LIBERTAS-UD/UD030
8.46,8.46,e,TADINI Guglielmo,1996,JM,CUS INSUBRIA,1 fi- 1,Saronno,2015-01-11,https://www.fidal.it/atleta/TADINI-Guglielmo/drKRkpWlbWw%3D,https://www.fidal.it/societa/CUS-INSUBRIA/VA123
8.46,8.46,e,CRNIGOJ Gabriele,1997,JM,ATLETICA MALIGNANI LIBERTAS UD,1 ba- 1,Pordenone,2015-01-24,https://www.fidal.it/atleta/CRNIGOJ-Gabriele/eayRk5OhamY%3D,https://www.fidal.it/societa/ATLETICA-MALIGNANI-LIBERTAS-UD/UD030
8.46,8.46,e,CARIOTI Andrea,1996,JM,ATLETICA PIEMONTE ASD,1 se- 2,Padova,2015-01-25,https://www.fidal.it/atleta/CARIOTI-Andrea/dKAAARk5mnamo%3D,https://www.fidal.it/societa/ATLETICA-PIEMONTE-ASD/TO226
8.46,8.46,e,ORSATTI Matteo,1997,JM,C.U.S. PARMA,3 ba- 4,Ancona,2015-02-08,https://www.fidal.it/atleta/ORSATTI-Matteo/eq6RkpeibmY%3D,https://www.fidal.it/societa/C-U-S--PARMA/PR068
8.47,8.47,e,ROSSI Federico,1997,JM,ATLETICA MALIGNANI LIBERTAS UD,1 fi- 1,Udine,2015-01-11,https://www.fidal.it/atleta/ROSSI-Federico/eayRk5OmaGQ%3D,https://www.fidal.it/societa/ATLETICA-MALIGNANI-LIBERTAS-UD/UD030
8.47,8.47,e,BIZZONI Leonardo,1996,JM,ATL. STUDENTESCA CA.RI.RI,2 fi- 1,Ancona,2015-01-11,https://www.fidal.it/atleta/BIZZONI-Leonardo/f6iRmZqgaWs%3D,https://www.fidal.it/societa/ATL--STUDENTESCA-CA-RI-RI/RI223
8.47,8.47,e,CRNIGOJ Gabriele,1997,JM,ATLETICA MALIGNANI LIBERTAS UD,2 fi- 1,Pordenone,2015-01-24,https://www.fidal.it/atleta/CRNIGOJ-Gabriele/eayRk5OhamY%3D,https://www.fidal.it/societa/ATLETICA-MALIGNANI-LIBERTAS-UD/UD030
8.47,8.47,e,CIOCCOLONI Claudio,1996,JM,E.SERVIZI ATL. FUTURA ROMA,4 fi- 1,Ancona,2015-01-24,https://www.fidal.it/atleta/CIOCCOLONI-Claudio/f6iRl5unamo%3D,https://www.fidal.it/societa/E-SERVIZI-ATL--FUTURA-ROMA/RM555
8.47,8.47,e,CIOCCOLONI Claudio,1996,JM,E.SERVIZI ATL. FUTURA ROMA,4 sf- 3,Ancona,2015-02-08,https://www.fidal.it/atleta/CIOCCOLONI-Claudio/f6iRl5unamo%3D,https://www.fidal.it/societa/E-SERVIZI-ATL--FUTURA-ROMA/RM555
8.47,8.47,e,VISENTIN Leonardo,1996,JM,TREVISATLETICA,2 fi- 1,Padova,2015-02-15,https://www.fidal.it/atleta/VISENTIN-Leonardo/eKyRkpigaWY%3D,https://www.fidal.it/societa/TREVISATLETICA/TV354
8.47,8.47,e,CRNIGOJ Gabriele,1997,JM,ATLETICA MALIGNANI LIBERTAS UD,2 ba- 1,Modena,2015-03-01,https://www.fidal.it/atleta/CRNIGOJ-Gabriele/eayRk5OhamY%3D,https://www.fidal.it/societa/ATLETICA-MALIGNANI-LIBERTAS-UD/UD030
8.48,8.48,e,BRUZZESE FESCHUK Yulian oleksandrovit,1996,JM,ATL. REGGIO ASD,2 se- 1,Padova,2015-01-25,https://www.fidal.it/atleta/BRUZZESE-FESCHUK-Yulian-oleksandrovit/erGRkpKkbms%3D,https://www.fidal.it/societa/ATL--REGGIO-ASD/RE128
8.48,8.48,e,FASSINA Simone,1996,JM,TEAM-A LOMBARDIA,3 ba- 5,Ancona,2015-02-08,https://www.fidal.it/atleta/FASSINA-Simone/dq2Rk5iibms%3D,https://www.fidal.it/societa/TEAM-A-LOMBARDIA/MI774
8.48,8.48,e,CRNIGOJ Gabriele,1997,JM,ATLETICA MALIGNANI LIBERTAS UD,4 fi- 1,Modena,2015-03-01,https://www.fidal.it/atleta/CRNIGOJ-Gabriele/eayRk5OhamY%3D,https://www.fidal.it/societa/ATLETICA-MALIGNANI-LIBERTAS-UD/UD030
8.49,8.49,e,URGNANI Marco,1996,JM,ATL. CHIARI 1964 LIB.,2 su- 1,Bergamo,2015-01-25,https://www.fidal.it/atleta/URGNANI-Marco/dqqRlpqmcWM%3D,https://www.fidal.it/societa/ATL--CHIARI-1964-LIB-/BS318
8.49,8.49,e,VISENTIN Leonardo,1996,JM,TREVISATLETICA,2 ba- 3,Modena,2015-03-01,https://www.fidal.it/atleta/VISENTIN-Leonardo/eKyRkpigaWY%3D,https://www.fidal.it/societa/TREVISATLETICA/TV354
8.5,8.50,e,CRNIGOJ Gabriele,1997,JM,ATLETICA MALIGNANI LIBERTAS UD,2 ba- 1,Udine,2015-01-11,https://www.fidal.it/atleta/CRNIGOJ-Gabriele/eayRk5OhamY%3D,https://www.fidal.it/societa/ATLETICA-MALIGNANI-LIBERTAS-UD/UD030
8.5,8.50,e,VISENTIN Leonardo,1996,JM,TREVISATLETICA,2 ba- 2,Ancona,2015-02-08,https://www.fidal.it/atleta/VISENTIN-Leonardo/eKyRkpigaWY%3D,https://www.fidal.it/societa/TREVISATLETICA/TV354
8.5,8.50,e,CARIOTI Andrea,1996,JM,ATLETICA PIEMONTE ASD,4 ba- 5,Ancona,2015-02-08,https://www.fidal.it/atleta/CARIOTI-Andrea/dKAAARk5mnamo%3D,https://www.fidal.it/societa/ATLETICA-PIEMONTE-ASD/TO226
8.5,8.50,e,VISENTIN Leonardo,1996,JM,TREVISATLETICA,7 sf- 2,Ancona,2015-02-08,https://www.fidal.it/atleta/VISENTIN-Leonardo/eKyRkpigaWY%3D,https://www.fidal.it/societa/TREVISATLETICA/TV354
8.5,8.50,e,REBAGLIATI Francesco,1996,JM,ATLETICA ARCOBALENO SAVONA,8 sf- 2,Ancona,2015-02-08,https://www.fidal.it/atleta/REBAGLIATI-Francesco/dayRkpKfbWc%3D,https://www.fidal.it/societa/ATLETICA-ARCOBALENO-SAVONA/SV070
8.51,8.51,e,RETTORI Francesco,1997,JM,TOSCANA ATLETICA FUTURA,1 ba- 1,Firenze,2015-01-17,https://www.fidal.it/atleta/RETTORI-Francesco/faqRkpSla2Y%3D,https://www.fidal.it/societa/TOSCANA-ATLETICA-FUTURA/FI018
8.51,8.51,e,RETTORI Francesco,1997,JM,TOSCANA ATLETICA FUTURA,2 ba- 1,Firenze,2015-01-24,https://www.fidal.it/atleta/RETTORI-Francesco/faqRkpSla2Y%3D,https://www.fidal.it/societa/TOSCANA-ATLETICA-FUTURA/FI018
8.51,8.51,e,BANFI Daniele,1996,JM,O.S.A. SARONNO LIB.,4 ba- 4,Ancona,2015-02-08,https://www.fidal.it/atleta/BANFI-Daniele/drKRkpmmamo%3D,https://www.fidal.it/societa/O-S-A--SARONNO-LIB-/VA119
8.51,8.51,e,BANFI Daniele,1996,JM,O.S.A. SARONNO LIB.,4 sf- 1,Ancona,2015-02-08,https://www.fidal.it/atleta/BANFI-Daniele/drKRkpmmamo%3D,https://www.fidal.it/societa/O-S-A--SARONNO-LIB-/VA119
8.51,8.51,e,ORSATTI Matteo,1997,JM,C.U.S. PARMA,2 ba- 2,Modena,2015-03-01,https://www.fidal.it/atleta/ORSATTI-Matteo/eq6RkpeibmY%3D,https://www.fidal.it/societa/C-U-S--PARMA/PR068
8.51,8.51,e,LONGONI Stefano,1975,SM40,ATL. LECCO-COLOMBO COSTRUZ.,2 ba- 2,Torun,2015-03-27,https://www.fidal.it/atleta/LONGONI-Stefano/dqiRkpagaGo%3D,https://www.fidal.it/societa/ATL--LECCO-COLOMBO-COSTRUZ-/CO208
8.52,8.52,e,CRNIGOJ Gabriele,1997,JM,ATLETICA MALIGNANI LIBERTAS UD,2 fi- 1,Udine,2015-01-11,https://www.fidal.it/atleta/CRNIGOJ-Gabriele/eayRk5OhamY%3D,https://www.fidal.it/societa/ATLETICA-MALIGNANI-LIBERTAS-UD/UD030
8.52,8.52,e,BANFI Daniele,1996,JM,O.S.A. SARONNO LIB.,2 fi- 1,Saronno,2015-01-31,https://www.fidal.it/atleta/BANFI-Daniele/drKRkpmmamo%3D,https://www.fidal.it/societa/O-S-A--SARONNO-LIB-/VA119
8.52,8.52,e,SPANEVELLO Sebastiano,1996,JM,ATL.VICENTINA,3 fi- 1,Padova,2015-02-15,https://www.fidal.it/atleta/SPANEVELLO-Sebastiano/eK6RkpSmb2U%3D,https://www.fidal.it/societa/ATL-VICENTINA/VI626
8.53,8.53,e,ORSATTI Matteo,1997,JM,C.U.S. PARMA,1 fi- 1,Modena,2015-01-17,https://www.fidal.it/atleta/ORSATTI-Matteo/eq6RkpeibmY%3D,https://www.fidal.it/societa/C-U-S--PARMA/PR068
8.53,8.53,e,LAMA Francesco,1997,JM,ATL. IMOLA SACMI AVIS,3 se- 1,Padova,2015-01-25,https://www.fidal.it/atleta/LAMA-Francesco/eqmRkpOib2g%3D,https://www.fidal.it/societa/ATL--IMOLA-SACMI-AVIS/BO014
8.53,8.53,e,LASSINI Diego,1996,JM,TRIESTE ATLETICA,4 ba- 1,Ancona,2015-02-08,https://www.fidal.it/atleta/LASSINI-Diego/eauRkpqjamg%3D,https://www.fidal.it/societa/TRIESTE-ATLETICA/TS044
8.54,8.54,e,RETTORI Francesco,1997,JM,TOSCANA ATLETICA FUTURA,1 fi- 1,Firenze,2015-01-17,https://www.fidal.it/atleta/RETTORI-Francesco/faqRkpSla2Y%3D,https://www.fidal.it/societa/TOSCANA-ATLETICA-FUTURA/FI018
8.54,8.54,e,VISENTIN Leonardo,1996,JM,TREVISATLETICA,2 ba- 2,Padova,2015-01-18,https://www.fidal.it/atleta/VISENTIN-Leonardo/eKyRkpigaWY%3D,https://www.fidal.it/societa/TREVISATLETICA/TV354
8.54,8.54,e,RETTORI Francesco,1997,JM,TOSCANA ATLETICA FUTURA,1 fi- 1,Firenze,2015-01-31,https://www.fidal.it/atleta/RETTORI-Francesco/faqRkpSla2Y%3D,https://www.fidal.it/societa/TOSCANA-ATLETICA-FUTURA/FI018
8.55,8.55,e,ZAMPIERI Luca,1996,JM,ASSOCIAZIONE ATLETICA N.E.VI.,5 sf- 3,Ancona,2015-02-08,https://www.fidal.it/atleta/ZAMPIERI-Luca/eKqRkpOgbmQ%3D,https://www.fidal.it/societa/ASSOCIAZIONE-ATLETICA-N-E-VI-/VI623
8.55,8.55,e,LASSINI Diego,1996,JM,TRIESTE ATLETICA,1 fi- 2,Modena,2015-03-01,https://www.fidal.it/atleta/LASSINI-Diego/eauRkpqjamg%3D,https://www.fidal.it/societa/TRIESTE-ATLETICA/TS044
8.55,8.55,e,ORSATTI Matteo,1997,JM,C.U.S. PARMA,5 fi- 1,Modena,2015-03-01,https://www.fidal.it/atleta/ORSATTI-Matteo/eq6RkpeibmY%3D,https://www.fidal.it/societa/C-U-S--PARMA/PR068
8.56,8.56,e,TADINI Guglielmo,1996,JM,CUS INSUBRIA,1 ba- 1,Saronno,2015-01-11,https://www.fidal.it/atleta/TADINI-Guglielmo/drKRkpWlbWw%3D,https://www.fidal.it/societa/CUS-INSUBRIA/VA123
8.56,8.56,e,COSTA Andrea,1996,JM,ASSOCIAZIONE ATLETICA N.E.VI.,3 fi- 1,Padova,2015-01-18,https://www.fidal.it/atleta/COSTA-Andrea/eK6RkpSfcGQ%3D,https://www.fidal.it/societa/ASSOCIAZIONE-ATLETICA-N-E-VI-/VI623
8.56,8.56,e,TADINI Guglielmo,1996,JM,CUS INSUBRIA,1 se- 1,Bergamo,2015-01-25,https://www.fidal.it/atleta/TADINI-Guglielmo/drKRkpWlbWw%3D,https://www.fidal.it/societa/CUS-INSUBRIA/VA123
8.56,8.56,e,COSTA Andrea,1996,JM,ASSOCIAZIONE ATLETICA N.E.VI.,5 ba- 4,Ancona,2015-02-08,https://www.fidal.it/atleta/COSTA-Andrea/eK6RkpSfcGQ%3D,https://www.fidal.it/societa/ASSOCIAZIONE-ATLETICA-N-E-VI-/VI623
8.56,8.56,e,LASSINI Diego,1996,JM,TRIESTE ATLETICA,6 sf- 3,Ancona,2015-02-08,https://www.fidal.it/atleta/LASSINI-Diego/eauRkpqjamg%3D,https://www.fidal.it/societa/TRIESTE-ATLETICA/TS044
8.57,8.57,e,COSTA Andrea,1996,JM,ASSOCIAZIONE ATLETICA N.E.VI.,1 su- 1,Padova,2015-01-11,https://www.fidal.it/atleta/COSTA-Andrea/eK6RkpSfcGQ%3D,https://www.fidal.it/societa/ASSOCIAZIONE-ATLETICA-N-E-VI-/VI623
8.57,8.57,e,CARIOTI Andrea,1996,JM,ATLETICA PIEMONTE ASD,1 su- 1,Aosta,2015-01-18,https://www.fidal.it/atleta/CARIOTI-Andrea/dKAAARk5mnamo%3D,https://www.fidal.it/societa/ATLETICA-PIEMONTE-ASD/TO226
8.57,8.57,e,VISENTIN Leonardo,1996,JM,TREVISATLETICA,2 su- 1,Padova,2015-01-24,https://www.fidal.it/atleta/VISENTIN-Leonardo/eKyRkpigaWY%3D,https://www.fidal.it/societa/TREVISATLETICA/TV354
8.58,8.58,e,CIOCCOLONI Claudio,1996,JM,E.SERVIZI ATL. FUTURA ROMA,1 ba- 1,Roma,2015-01-18,https://www.fidal.it/atleta/CIOCCOLONI-Claudio/f6iRl5unamo%3D,https://www.fidal.it/societa/E-SERVIZI-ATL--FUTURA-ROMA/RM555
8.58,8.58,e,CIOCCOLONI Claudio,1996,JM,E.SERVIZI ATL. FUTURA ROMA,1 fi- 1,Roma,2015-01-18,https://www.fidal.it/atleta/CIOCCOLONI-Claudio/f6iRl5unamo%3D,https://www.fidal.it/societa/E-SERVIZI-ATL--FUTURA-ROMA/RM555
8.58,8.58,e,REBAGLIATI Francesco,1996,JM,ATLETICA ARCOBALENO SAVONA,5 ba- 1,Ancona,2015-02-08,https://www.fidal.it/atleta/REBAGLIATI-Francesco/dayRkpKfbWc%3D,https://www.fidal.it/societa/ATLETICA-ARCOBALENO-SAVONA/SV070
8.58,8.58,e,LONGONI Stefano,1975,SM40,ATL. LECCO-COLOMBO COSTRUZ.,1 se- 2,Ancona,2015-02-28,https://www.fidal.it/atleta/LONGONI-Stefano/dqiRkpagaGo%3D,https://www.fidal.it/societa/ATL--LECCO-COLOMBO-COSTRUZ-/CO208
8.59,8.59,e,LASSINI Diego,1996,JM,TRIESTE ATLETICA,2 se- 1,Padova,2015-01-11,https://www.fidal.it/atleta/LASSINI-Diego/eauRkpqjamg%3D,https://www.fidal.it/societa/TRIESTE-ATLETICA/TS044
8.6,8.60,e,URGNANI Marco,1996,JM,ATL. CHIARI 1964 LIB.,5 sf- 1,Ancona,2015-02-08,https://www.fidal.it/atleta/URGNANI-Marco/dqqRlpqmcWM%3D,https://www.fidal.it/societa/ATL--CHIARI-1964-LIB-/BS318
8.61,8.61,e,LAMA Francesco,1997,JM,ATL. IMOLA SACMI AVIS,3 fi- 1,Ancona,2015-01-17,https://www.fidal.it/atleta/LAMA-Francesco/eqmRkpOib2g%3D,https://www.fidal.it/societa/ATL--IMOLA-SACMI-AVIS/BO014
8.61,8.61,e,ARRIGONI Valentino,1996,JM,NUOVA ATLETICA ASTRO,4 ba- 3,Ancona,2015-02-08,https://www.fidal.it/atleta/ARRIGONI-Valentino/dq2RlZOobmw%3D,https://www.fidal.it/societa/NUOVA-ATLETICA-ASTRO/MI212
8.62,8.62,e,COSTA Andrea,1996,JM,ASSOCIAZIONE ATLETICA N.E.VI.,2 ba- 1,Padova,2015-01-18,https://www.fidal.it/atleta/COSTA-Andrea/eK6RkpSfcGQ%3D,https://www.fidal.it/societa/ASSOCIAZIONE-ATLETICA-N-E-VI-/VI623
8.62,8.62,e,URGNANI Marco,1996,JM,ATL. CHIARI 1964 LIB.,4 fi- 1,Padova,2015-01-18,https://www.fidal.it/atleta/URGNANI-Marco/dqqRlpqmcWM%3D,https://www.fidal.it/societa/ATL--CHIARI-1964-LIB-/BS318
8.62,8.62,e,URGNANI Marco,1996,JM,ATL. CHIARI 1964 LIB.,6 ba- 1,Ancona,2015-02-08,https://www.fidal.it/atleta/URGNANI-Marco/dqqRlpqmcWM%3D,https://www.fidal.it/societa/ATL--CHIARI-1964-LIB-/BS318
8.63,8.63,e,TADINI Guglielmo,1996,JM,CUS INSUBRIA,3 ba- 2,Ancona,2015-02-08,https://www.fidal.it/atleta/TADINI-Guglielmo/drKRkpWlbWw%3D,https://www.fidal.it/societa/CUS-INSUBRIA/VA123
8.64,8.64,e,ROSSI Federico,1997,JM,ATLETICA MALIGNANI LIBERTAS UD,2 ba- 1,Pordenone,2015-01-24,https://www.fidal.it/atleta/ROSSI-Federico/eayRk5OmaGQ%3D,https://www.fidal.it/societa/ATLETICA-MALIGNANI-LIBERTAS-UD/UD030
8.64,8.64,e,COSTA Andrea,1996,JM,ASSOCIAZIONE ATLETICA N.E.VI.,3 su- 1,Padova,2015-01-24,https://www.fidal.it/atleta/COSTA-Andrea/eK6RkpSfcGQ%3D,https://www.fidal.it/societa/ASSOCIAZIONE-ATLETICA-N-E-VI-/VI623
8.64,8.64,e,ZAMPIERI Luca,1996,JM,ASSOCIAZIONE ATLETICA N.E.VI.,4 su- 1,Padova,2015-01-24,https://www.fidal.it/atleta/ZAMPIERI-Luca/eKqRkpOgbmQ%3D,https://www.fidal.it/societa/ASSOCIAZIONE-ATLETICA-N-E-VI-/VI623
8.64,8.64,e,ZAMPIERI Luca,1996,JM,ASSOCIAZIONE ATLETICA N.E.VI.,5 ba- 3,Ancona,2015-02-08,https://www.fidal.it/atleta/ZAMPIERI-Luca/eKqRkpOgbmQ%3D,https://www.fidal.it/societa/ASSOCIAZIONE-ATLETICA-N-E-VI-/VI623
8.64,8.64,e,VISENTIN Leonardo,1996,JM,TREVISATLETICA,6 fi- 1,Modena,2015-03-01,https://www.fidal.it/atleta/VISENTIN-Leonardo/eKyRkpigaWY%3D,https://www.fidal.it/societa/TREVISATLETICA/TV354
8.65,8.65,e,BANFI Daniele,1996,JM,O.S.A. SARONNO LIB.,1 ba- 1,Saronno,2015-01-17,https://www.fidal.it/atleta/BANFI-Daniele/drKRkpmmamo%3D,https://www.fidal.it/societa/O-S-A--SARONNO-LIB-/VA119
8.65,8.65,e,VISENTIN Leonardo,1996,JM,TREVISATLETICA,5 fi- 1,Padova,2015-01-18,https://www.fidal.it/atleta/VISENTIN-Leonardo/eKyRkpigaWY%3D,https://www.fidal.it/societa/TREVISATLETICA/TV354
8.65,8.65,e,ARRIGONI Valentino,1996,JM,NUOVA ATLETICA ASTRO,3 fi- 1,Saronno,2015-01-31,https://www.fidal.it/atleta/ARRIGONI-Valentino/dq2RlZOobmw%3D,https://www.fidal.it/societa/NUOVA-ATLETICA-ASTRO/MI212
8.65,8.65,e,TRICHES Andrea,1997,JM,A.ATL.DOLOMITI BELLUNO,6 sf- 1,Ancona,2015-02-08,https://www.fidal.it/atleta/TRICHES-Andrea/eKmRlJOfcGk%3D,https://www.fidal.it/societa/A-ATL-DOLOMITI-BELLUNO/BL010
8.65,8.65,e,LASSINI Diego,1996,JM,TRIESTE ATLETICA,3 ba- 2,Modena,2015-03-01,https://www.fidal.it/atleta/LASSINI-Diego/eauRkpqjamg%3D,https://www.fidal.it/societa/TRIESTE-ATLETICA/TS044
8.66,8.66,e,BANFI Daniele,1996,JM,O.S.A. SARONNO LIB.,2 fi- 1,Saronno,2015-01-11,https://www.fidal.it/atleta/BANFI-Daniele/drKRkpmmamo%3D,https://www.fidal.it/societa/O-S-A--SARONNO-LIB-/VA119
8.66,8.66,e,ZANATTA Jacopo,1996,JM,TREVISATLETICA,2 se- 2,Padova,2015-01-25,https://www.fidal.it/atleta/ZANATTA-Jacopo/eKyRkpWjb2Q%3D,https://www.fidal.it/societa/TREVISATLETICA/TV354
8.66,8.66,e,BANFI Daniele,1996,JM,O.S.A. SARONNO LIB.,4 se- 1,Padova,2015-01-25,https://www.fidal.it/atleta/BANFI-Daniele/drKRkpmmamo%3D,https://www.fidal.it/societa/O-S-A--SARONNO-LIB-/VA119
8.66,8.66,e,URGNANI Marco,1996,JM,ATL. CHIARI 1964 LIB.,4 fi- 1,Saronno,2015-01-31,https://www.fidal.it/atleta/URGNANI-Marco/dqqRlpqmcWM%3D,https://www.fidal.it/societa/ATL--CHIARI-1964-LIB-/BS318
8.66,8.66,e,ARRIGONI Valentino,1996,JM,NUOVA ATLETICA ASTRO,7 sf- 3,Ancona,2015-02-08,https://www.fidal.it/atleta/ARRIGONI-Valentino/dq2RlZOobmw%3D,https://www.fidal.it/societa/NUOVA-ATLETICA-ASTRO/MI212
8.68,8.68,e,BRUZZESE FESCHUK Yulian oleksandrovit,1996,JM,ATL. REGGIO ASD,3 se- 1,Padova,2015-01-11,https://www.fidal.it/atleta/BRUZZESE-FESCHUK-Yulian-oleksandrovit/erGRkpKkbms%3D,https://www.fidal.it/societa/ATL--REGGIO-ASD/RE128
8.68,8.68,e,BEKIRI Beadin,1997,JM,POLISPORTIVA TRIVENETO TRIESTE,6 ba- 4,Ancona,2015-02-08,https://www.fidal.it/atleta/BEKIRI-Beadin/eauRkpqmbmY%3D,https://www.fidal.it/societa/POLISPORTIVA-TRIVENETO-TRIESTE/TS099
8.69,8.69,e,URGNANI Marco,1996,JM,ATL. CHIARI 1964 LIB.,3 ba- 2,Padova,2015-01-18,https://www.fidal.it/atleta/URGNANI-Marco/dqqRlpqmcWM%3D,https://www.fidal.it/societa/ATL--CHIARI-1964-LIB-/BS318
8.69,8.69,e,SLANZI Paolo,1997,JM,ATLETICA VIS ABANO,6 ba- 3,Ancona,2015-02-08,https://www.fidal.it/atleta/SLANZI-Paolo/eKiRlZimbmk%3D,https://www.fidal.it/societa/ATLETICA-VIS-ABANO/PD141
8.71,8.71,e,BANFI Daniele,1996,JM,O.S.A. SARONNO LIB.,2 ba- 1,Saronno,2015-01-11,https://www.fidal.it/atleta/BANFI-Daniele/drKRkpmmamo%3D,https://www.fidal.it/societa/O-S-A--SARONNO-LIB-/VA119
8.71,8.71,e,BELLINI Nicolo',1997,JM,ATL.CAPANNE PRO LOCO ATHL.TEAM,99 ba- 1,Roma,2015-02-01,https://www.fidal.it/atleta/BELLINI-Nicolo-/fqqRkpKkbGo%3D,https://www.fidal.it/societa/ATL-CAPANNE-PRO-LOCO-ATHL-TEAM/PG014
8.71,8.71,e,BADIN Giorgio,1971,SM40,ATLETICA GORIZIA CA. RI. FVG,2 fi- 1,Torun,2015-03-28,https://www.fidal.it/atleta/BADIN-Giorgio/eauRk5OjbWY%3D,https://www.fidal.it/societa/ATLETICA-GORIZIA-CA--RI--FVG/GO050
8.72,8.72,e,BANFI Daniele,1996,JM,O.S.A. SARONNO LIB.,1 fi- 1,Saronno,2015-01-17,https://www.fidal.it/atleta/BANFI-Daniele/drKRkpmmamo%3D,https://www.fidal.it/societa/O-S-A--SARONNO-LIB-/VA119
8.72,8.72,e,PRAVATO Lorenzo,1996,JM,POLISPORT. NOVATLETICA CHIERI,4 fi- 1,Lione,2015-01-17,https://www.fidal.it/atleta/PRAVATO-Lorenzo/dK6RlZqhcGM%3D,https://www.fidal.it/societa/POLISPORT--NOVATLETICA-CHIERI/TO076
8.72,8.72,e,REBAGLIATI Francesco,1996,JM,ATLETICA ARCOBALENO SAVONA,5 se- 1,Padova,2015-01-25,https://www.fidal.it/atleta/REBAGLIATI-Francesco/dayRkpKfbWc%3D,https://www.fidal.it/societa/ATLETICA-ARCOBALENO-SAVONA/SV070
8.72,8.72,e,BELLINI Nicolo',1997,JM,ATL.CAPANNE PRO LOCO ATHL.TEAM,1 fi- 1,Roma,2015-02-01,https://www.fidal.it/atleta/BELLINI-Nicolo-/fqqRkpKkbGo%3D,https://www.fidal.it/societa/ATL-CAPANNE-PRO-LOCO-ATHL-TEAM/PG014
8.72,8.72,e,TRICHES Andrea,1997,JM,A.ATL.DOLOMITI BELLUNO,4 ba- 2,Ancona,2015-02-08,https://www.fidal.it/atleta/TRICHES-Andrea/eKmRlJOfcGk%3D,https://www.fidal.it/societa/A-ATL-DOLOMITI-BELLUNO/BL010
8.73,8.73,e,LAMA Francesco,1997,JM,ATL. IMOLA SACMI AVIS,3 ba- 1,Ancona,2015-01-17,https://www.fidal.it/atleta/LAMA-Francesco/eqmRkpOib2g%3D,https://www.fidal.it/societa/ATL--IMOLA-SACMI-AVIS/BO014
8.73,8.73,e,BEKIRI Beadin,1997,JM,POLISPORTIVA TRIVENETO TRIESTE,3 fi- 1,Pordenone,2015-01-24,https://www.fidal.it/atleta/BEKIRI-Beadin/eauRkpqmbmY%3D,https://www.fidal.it/societa/POLISPORTIVA-TRIVENETO-TRIESTE/TS099
8.73,8.73,e,MASSIMO Luca,1996,JM,ATL. CHIARI 1964 LIB.,3 su- 1,Bergamo,2015-01-25,https://www.fidal.it/atleta/MASSIMO-Luca/dqmRl5ioa2U%3D,https://www.fidal.it/societa/ATL--CHIARI-1964-LIB-/BS318
8.74,8.74,e,ZAMPIERI Luca,1996,JM,ASSOCIAZIONE ATLETICA N.E.VI.,3 ba- 1,Padova,2015-01-18,https://www.fidal.it/atleta/ZAMPIERI-Luca/eKqRkpOgbmQ%3D,https://www.fidal.it/societa/ASSOCIAZIONE-ATLETICA-N-E-VI-/VI623
8.76,8.76,e,TRICHES Andrea,1997,JM,A.ATL.DOLOMITI BELLUNO,6 fi- 1,Padova,2015-01-18,https://www.fidal.it/atleta/TRICHES-Andrea/eKmRlJOfcGk%3D,https://www.fidal.it/societa/A-ATL-DOLOMITI-BELLUNO/BL010
8.76,8.76,e,BERTO Andrea,1997,JM,TREVISATLETICA,5 su- 1,Padova,2015-01-24,https://www.fidal.it/atleta/BERTO-Andrea/eKyRkpqoaGg%3D,https://www.fidal.it/societa/TREVISATLETICA/TV354
8.76,8.76,e,URGNANI Marco,1996,JM,ATL. CHIARI 1964 LIB.,2 se- 1,Bergamo,2015-01-25,https://www.fidal.it/atleta/URGNANI-Marco/dqqRlpqmcWM%3D,https://www.fidal.it/societa/ATL--CHIARI-1964-LIB-/BS318
8.76,8.76,e,BERTO Andrea,1997,JM,TREVISATLETICA,4 fi- 1,Padova,2015-02-15,https://www.fidal.it/atleta/BERTO-Andrea/eKyRkpqoaGg%3D,https://www.fidal.it/societa/TREVISATLETICA/TV354
8.77,8.77,e,BERTO Andrea,1997,JM,TREVISATLETICA,7 ba- 4,Ancona,2015-02-08,https://www.fidal.it/atleta/BERTO-Andrea/eKyRkpqoaGg%3D,https://www.fidal.it/societa/TREVISATLETICA/TV354
8.78,8.78,e,BANFI Daniele,1996,JM,O.S.A. SARONNO LIB.,2 ba- 1,Saronno,2015-01-31,https://www.fidal.it/atleta/BANFI-Daniele/drKRkpmmamo%3D,https://www.fidal.it/societa/O-S-A--SARONNO-LIB-/VA119
8.79,8.79,e,TRICHES Andrea,1997,JM,A.ATL.DOLOMITI BELLUNO,2 su- 1,Padova,2015-01-11,https://www.fidal.it/atleta/TRICHES-Andrea/eKmRlJOfcGk%3D,https://www.fidal.it/societa/A-ATL-DOLOMITI-BELLUNO/BL010
8.79,8.79,e,BEKIRI Beadin,1997,JM,POLISPORTIVA TRIVENETO TRIESTE,3 fi- 1,Udine,2015-01-11,https://www.fidal.it/atleta/BEKIRI-Beadin/eauRkpqmbmY%3D,https://www.fidal.it/societa/POLISPORTIVA-TRIVENETO-TRIESTE/TS099
8.79,8.79,e,ARRIGONI Valentino,1996,JM,NUOVA ATLETICA ASTRO,6 se- 1,Padova,2015-01-25,https://www.fidal.it/atleta/ARRIGONI-Valentino/dq2RlZOobmw%3D,https://www.fidal.it/societa/NUOVA-ATLETICA-ASTRO/MI212
8.8,8.80,e,PAGLIUCA Riccardo,1997,JM,ACSI CAMPIDOGLIO PALATINO,1 ba- 1,Roma,2015-02-01,https://www.fidal.it/atleta/PAGLIUCA-Riccardo/f6yRkpWkbGg%3D,https://www.fidal.it/societa/ACSI-CAMPIDOGLIO-PALATINO/RM046
8.8,8.80,e,BELLINI Nicolo',1997,JM,ATL.CAPANNE PRO LOCO ATHL.TEAM,5 ba- 5,Ancona,2015-02-08,https://www.fidal.it/atleta/BELLINI-Nicolo-/fqqRkpKkbGo%3D,https://www.fidal.it/societa/ATL-CAPANNE-PRO-LOCO-ATHL-TEAM/PG014
8.8,8.80,e,VISENTIN Leonardo,1996,JM,TREVISATLETICA,2 ba- 1,Padova,2015-02-15,https://www.fidal.it/atleta/VISENTIN-Leonardo/eKyRkpigaWY%3D,https://www.fidal.it/societa/TREVISATLETICA/TV354
8.81,8.81,e,CITTERIO Paolo,1975,SM40,DAINI CARATE BRIANZA,1 se- 8,Ancona,2015-02-27,https://www.fidal.it/atleta/CITTERIO-Paolo/dq2RkpOmcWs%3D,https://www.fidal.it/societa/DAINI-CARATE-BRIANZA/MI095
8.82,8.82,e,SLANZI Paolo,1997,JM,ATLETICA VIS ABANO,4 ba- 2,Padova,2015-01-18,https://www.fidal.it/atleta/SLANZI-Paolo/eKiRlZimbmk%3D,https://www.fidal.it/societa/ATLETICA-VIS-ABANO/PD141
8.82,8.82,e,ISERNIA Gabriele,1996,JM,MONTEPASCHI UISP ATL. SIENA,2 fi- 1,Firenze,2015-01-31,https://www.fidal.it/atleta/ISERNIA-Gabriele/faiSkpqhaGg%3D,https://www.fidal.it/societa/MONTEPASCHI-UISP-ATL--SIENA/SI043
8.82,8.82,e,MASSIMO Luca,1996,JM,ATL. CHIARI 1964 LIB.,5 fi- 1,Saronno,2015-01-31,https://www.fidal.it/atleta/MASSIMO-Luca/dqmRl5ioa2U%3D,https://www.fidal.it/societa/ATL--CHIARI-1964-LIB-/BS318
8.82,8.82,e,BADIN Giorgio,1971,SM40,ATLETICA GORIZIA CA. RI. FVG,2 ba- 2,Torun,2015-03-27,https://www.fidal.it/atleta/BADIN-Giorgio/eauRk5OjbWY%3D,https://www.fidal.it/societa/ATLETICA-GORIZIA-CA--RI--FVG/GO050
8.83,8.83,e,SLANZI Paolo,1997,JM,ATLETICA VIS ABANO,6 su- 1,Padova,2015-01-24,https://www.fidal.it/atleta/SLANZI-Paolo/eKiRlZimbmk%3D,https://www.fidal.it/societa/ATLETICA-VIS-ABANO/PD141
8.83,8.83,e,BADIN Giorgio,1971,SM40,ATLETICA GORIZIA CA. RI. FVG,2 se- 2,Ancona,2015-02-28,https://www.fidal.it/atleta/BADIN-Giorgio/eauRk5OjbWY%3D,https://www.fidal.it/societa/ATLETICA-GORIZIA-CA--RI--FVG/GO050
8.84,8.84,e,PAGLIUCA Riccardo,1997,JM,ACSI CAMPIDOGLIO PALATINO,7 ba- 1,Ancona,2015-02-08,https://www.fidal.it/atleta/PAGLIUCA-Riccardo/f6yRkpWkbGg%3D,https://www.fidal.it/societa/ACSI-CAMPIDOGLIO-PALATINO/RM046
8.84,8.84,e,BERTO Andrea,1997,JM,TREVISATLETICA,3 ba- 1,Padova,2015-02-15,https://www.fidal.it/atleta/BERTO-Andrea/eKyRkpqoaGg%3D,https://www.fidal.it/societa/TREVISATLETICA/TV354
8.84,8.84,e,LONGONI Stefano,1975,SM40,ATL. LECCO-COLOMBO COSTRUZ.,1 su- 1,Bergamo,2015-03-14,https://www.fidal.it/atleta/LONGONI-Stefano/dqiRkpagaGo%3D,https://www.fidal.it/societa/ATL--LECCO-COLOMBO-COSTRUZ-/CO208
8.85,8.85,e,ZANATTA Jacopo,1996,JM,TREVISATLETICA,1 se- 2,Padova,2015-01-11,https://www.fidal.it/atleta/ZANATTA-Jacopo/eKyRkpWjb2Q%3D,https://www.fidal.it/societa/TREVISATLETICA/TV354
8.85,8.85,e,CORNACCHIA Federico,1996,JM,ASD U.S. ATERNO PESCARA,3 fi- 1,Ancona,2015-01-11,https://www.fidal.it/atleta/CORNACCHIA-Federico/gauRkpKkaWQ%3D,https://www.fidal.it/societa/ASD-U-S--ATERNO-PESCARA/PE001
8.85,8.85,e,TRICHES Andrea,1997,JM,A.ATL.DOLOMITI BELLUNO,5 ba- 2,Padova,2015-01-18,https://www.fidal.it/atleta/TRICHES-Andrea/eKmRlJOfcGk%3D,https://www.fidal.it/societa/A-ATL-DOLOMITI-BELLUNO/BL010
8.85,8.85,e,BADIN Giorgio,1971,SM40,ATLETICA GORIZIA CA. RI. FVG,1 se- 1,Ljubljana,2015-02-14,https://www.fidal.it/atleta/BADIN-Giorgio/eauRk5OjbWY%3D,https://www.fidal.it/societa/ATLETICA-GORIZIA-CA--RI--FVG/GO050
8.85,8.85,e,BADIN Giorgio,1971,SM40,ATLETICA GORIZIA CA. RI. FVG,2 se- 8,Ancona,2015-02-27,https://www.fidal.it/atleta/BADIN-Giorgio/eauRk5OjbWY%3D,https://www.fidal.it/societa/ATLETICA-GORIZIA-CA--RI--FVG/GO050
8.87,8.87,e,MASSIMO Luca,1996,JM,ATL. CHIARI 1964 LIB.,5 ba- 2,Ancona,2015-02-08,https://www.fidal.it/atleta/MASSIMO-Luca/dqmRl5ioa2U%3D,https://www.fidal.it/societa/ATL--CHIARI-1964-LIB-/BS318
8.88,8.88,e,ZAMPIERI Luca,1996,JM,ASSOCIAZIONE ATLETICA N.E.VI.,3 su- 1,Padova,2015-01-11,https://www.fidal.it/atleta/ZAMPIERI-Luca/eKqRkpOgbmQ%3D,https://www.fidal.it/societa/ASSOCIAZIONE-ATLETICA-N-E-VI-/VI623
8.88,8.88,e,SIMIONATO Damiano,1997,JM,ASD U.S. ATERNO PESCARA,4 fi- 1,Ancona,2015-01-11,https://www.fidal.it/atleta/SIMIONATO-Damiano/gauRkpKkaGU%3D,https://www.fidal.it/societa/ASD-U-S--ATERNO-PESCARA/PE001
8.88,8.88,e,PRAVATO Lorenzo,1996,JM,POLISPORT. NOVATLETICA CHIERI,4 ba- 1,Lione,2015-01-17,https://www.fidal.it/atleta/PRAVATO-Lorenzo/dK6RlZqhcGM%3D,https://www.fidal.it/societa/POLISPORT--NOVATLETICA-CHIERI/TO076
8.89,8.89,e,BRUNERO Diego,1996,JM,ATLETICA CANAVESANA,1 ba- 1,Bra,2015-01-18,https://www.fidal.it/atleta/BRUNERO-Diego/dK6RlpWfbGc%3D,https://www.fidal.it/societa/ATLETICA-CANAVESANA/TO015
8.89,8.89,e,BEKIRI Beadin,1997,JM,POLISPORTIVA TRIVENETO TRIESTE,3 ba- 1,Pordenone,2015-01-24,https://www.fidal.it/atleta/BEKIRI-Beadin/eauRkpqmbmY%3D,https://www.fidal.it/societa/POLISPORTIVA-TRIVENETO-TRIESTE/TS099
8.89,8.89,e,MASSIMO Luca,1996,JM,ATL. CHIARI 1964 LIB.,3 se- 1,Bergamo,2015-01-25,https://www.fidal.it/atleta/MASSIMO-Luca/dqmRl5ioa2U%3D,https://www.fidal.it/societa/ATL--CHIARI-1964-LIB-/BS318
8.89,8.89,e,ISERNIA Gabriele,1996,JM,MONTEPASCHI UISP ATL. SIENA,2 ba- 1,Firenze,2015-01-31,https://www.fidal.it/atleta/ISERNIA-Gabriele/faiSkpqhaGg%3D,https://www.fidal.it/societa/MONTEPASCHI-UISP-ATL--SIENA/SI043
8.89,8.89,e,PAGLIUCA Riccardo,1997,JM,ACSI CAMPIDOGLIO PALATINO,1 fi- 1,Roma,2015-02-01,https://www.fidal.it/atleta/PAGLIUCA-Riccardo/f6yRkpWkbGg%3D,https://www.fidal.it/societa/ACSI-CAMPIDOGLIO-PALATINO/RM046
8.89,8.89,e,GAZZO Michele,1996,JM,S.S. TRIONFO LIGURE,7 ba- 3,Ancona,2015-02-08,https://www.fidal.it/atleta/GAZZO-Michele/daiUlpafcGo%3D,https://www.fidal.it/societa/S-S--TRIONFO-LIGURE/GE003
8.89,8.89,e,DALLA GRANA Samuele,1996,JM,ASD INTERFLUMINA E' PIU' POMI',2 fi- 2,Modena,2015-03-01,https://www.fidal.it/atleta/DALLA-GRANA-Samuele/dqiSl5elaWk%3D,https://www.fidal.it/societa/ASD-INTERFLUMINA-E-PIU-POMI-/PR484
8.89,8.89,e,SPARAPANI Bruno,1997,JM,ATHLETIC CLUB 96 AE SPA,3 fi- 2,Modena,2015-03-01,https://www.fidal.it/atleta/SPARAPANI-Bruno/iaiRkpqiaWg%3D,https://www.fidal.it/societa/ATHLETIC-CLUB-96-AE-SPA/BZ066
8.9,8.90,e,BERTO Andrea,1997,JM,TREVISATLETICA,4 ba- 1,Padova,2015-01-18,https://www.fidal.it/atleta/BERTO-Andrea/eKyRkpqoaGg%3D,https://www.fidal.it/societa/TREVISATLETICA/TV354
8.9,8.90,e,PAGLIUCA Riccardo,1997,JM,ACSI CAMPIDOGLIO PALATINO,1 ba- 2,Ancona,2015-01-24,https://www.fidal.it/atleta/PAGLIUCA-Riccardo/f6yRkpWkbGg%3D,https://www.fidal.it/societa/ACSI-CAMPIDOGLIO-PALATINO/RM046
8.9,8.90,e,RASILE Silvio riccardo,1996,JM,ATL. STUDENTESCA CA.RI.RI,1 ba- 1,Formia,2015-01-25,https://www.fidal.it/atleta/RASILE-Silvio-riccardo/f6qRkpKfa2w%3D,https://www.fidal.it/societa/ATL--STUDENTESCA-CA-RI-RI/RI223
8.9,8.90,e,BADIN Giorgio,1971,SM40,ATLETICA GORIZIA CA. RI. FVG,1 su- 1,Padova,2015-02-07,https://www.fidal.it/atleta/BADIN-Giorgio/eauRk5OjbWY%3D,https://www.fidal.it/societa/ATLETICA-GORIZIA-CA--RI--FVG/GO050
8.9,8.90,e,RUGGIERO Marco,1997,JM,ATL. BERGAMO 1959 CREBERG,6 ba- 5,Ancona,2015-02-08,https://www.fidal.it/atleta/RUGGIERO-Marco/dqmRl5ijamg%3D,https://www.fidal.it/societa/ATL--BERGAMO-1959-CREBERG/BG003
8.9,8.90,e,SPANEVELLO Sebastiano,1996,JM,ATL.VICENTINA,4 ba- 1,Padova,2015-02-15,https://www.fidal.it/atleta/SPANEVELLO-Sebastiano/eK6RkpSmb2U%3D,https://www.fidal.it/societa/ATL-VICENTINA/VI626
8.91,8.91,e,CORNACCHIA Federico,1996,JM,ASD U.S. ATERNO PESCARA,3 ba- 1,Ancona,2015-01-11,https://www.fidal.it/atleta/CORNACCHIA-Federico/gauRkpKkaWQ%3D,https://www.fidal.it/societa/ASD-U-S--ATERNO-PESCARA/PE001
8.91,8.91,e,BEKIRI Beadin,1997,JM,POLISPORTIVA TRIVENETO TRIESTE,3 ba- 1,Udine,2015-01-11,https://www.fidal.it/atleta/BEKIRI-Beadin/eauRkpqmbmY%3D,https://www.fidal.it/societa/POLISPORTIVA-TRIVENETO-TRIESTE/TS099
8.91,8.91,e,ARRIGONI Valentino,1996,JM,NUOVA ATLETICA ASTRO,3 ba- 1,Saronno,2015-01-31,https://www.fidal.it/atleta/ARRIGONI-Valentino/dq2RlZOobmw%3D,https://www.fidal.it/societa/NUOVA-ATLETICA-ASTRO/MI212
8.91,8.91,e,ISERNIA Gabriele,1996,JM,MONTEPASCHI UISP ATL. SIENA,4 fi- 2,Modena,2015-03-01,https://www.fidal.it/atleta/ISERNIA-Gabriele/faiSkpqhaGg%3D,https://www.fidal.it/societa/MONTEPASCHI-UISP-ATL--SIENA/SI043
8.92,8.92,e,MANGANOZZI Matteo,1997,JM,S.S. LAZIO ATLETICA LEGGERA,2 fi- 1,Roma,2015-01-18,https://www.fidal.it/atleta/MANGANOZZI-Matteo/f6yRkpOnaWU%3D,https://www.fidal.it/societa/S-S--LAZIO-ATLETICA-LEGGERA/RM050
8.93,8.93,e,BRUNERO Diego,1996,JM,ATLETICA CANAVESANA,1 fi- 1,Bra,2015-01-18,https://www.fidal.it/atleta/BRUNERO-Diego/dK6RlpWfbGc%3D,https://www.fidal.it/societa/ATLETICA-CANAVESANA/TO015
8.93,8.93,e,RASILE Silvio riccardo,1996,JM,ATL. STUDENTESCA CA.RI.RI,1 fi- 1,Formia,2015-01-25,https://www.fidal.it/atleta/RASILE-Silvio-riccardo/f6qRkpKfa2w%3D,https://www.fidal.it/societa/ATL--STUDENTESCA-CA-RI-RI/RI223
8.94,8.94,e,RAGO Emanuele,1996,JM,ATL. ADEN  EXPRIVIA MOLFETTA,3 ba- 1,Ancona,2015-02-01,https://www.fidal.it/atleta/RAGO-Emanuele/hKmRkpSiamw%3D,https://www.fidal.it/societa/ATL--ADEN-EXPRIVIA-MOLFETTA/BA091
8.95,8.95,e,PAGLIUCA Riccardo,1997,JM,ACSI CAMPIDOGLIO PALATINO,2 ba- 1,Roma,2015-01-18,https://www.fidal.it/atleta/PAGLIUCA-Riccardo/f6yRkpWkbGg%3D,https://www.fidal.it/societa/ACSI-CAMPIDOGLIO-PALATINO/RM046
8.95,8.95,e,GRANSINIGH Carlo,1996,JM,TIRRENO ATLETICA CIVITAVECCHIA,2 ba- 1,Roma,2015-01-18,https://www.fidal.it/atleta/GRANSINIGH-Carlo/f6yRkpqkbGg%3D,https://www.fidal.it/societa/TIRRENO-ATLETICA-CIVITAVECCHIA/RM068
8.95,8.95,e,MARIN Cristian,1973,SM40,ATLETICA RIVIERA DEL BRENTA,2 su- 1,Padova,2015-02-07,https://www.fidal.it/atleta/MARIN-Cristian/eK2RkpmjaWQ%3D,https://www.fidal.it/societa/ATLETICA-RIVIERA-DEL-BRENTA/VE473
8.95,8.95,e,MOSER Alessio,1997,JM,ATLETICA TRENTO,3 ba- 3,Modena,2015-03-01,https://www.fidal.it/atleta/MOSER-Alessio/d6iRk5Wjb2k%3D,https://www.fidal.it/societa/ATLETICA-TRENTO/TN101
8.95,8.95,e,MOSER Alessio,1997,JM,ATLETICA TRENTO,5 fi- 2,Modena,2015-03-01,https://www.fidal.it/atleta/MOSER-Alessio/d6iRk5Wjb2k%3D,https://www.fidal.it/societa/ATLETICA-TRENTO/TN101
8.96,8.96,e,PAGLIUCA Riccardo,1997,JM,ACSI CAMPIDOGLIO PALATINO,3 fi- 1,Roma,2015-01-18,https://www.fidal.it/atleta/PAGLIUCA-Riccardo/f6yRkpWkbGg%3D,https://www.fidal.it/societa/ACSI-CAMPIDOGLIO-PALATINO/RM046
8.96,8.96,e,SORESINI Federico,1996,JM,ATL. BERGAMO 1959 CREBERG,4 su- 1,Bergamo,2015-01-25,https://www.fidal.it/atleta/SORESINI-Federico/dqmRl5WicGc%3D,https://www.fidal.it/societa/ATL--BERGAMO-1959-CREBERG/BG003
8.97,8.97,e,SORESINI Federico,1996,JM,ATL. BERGAMO 1959 CREBERG,6 fi- 1,Saronno,2015-01-31,https://www.fidal.it/atleta/SORESINI-Federico/dqmRl5WicGc%3D,https://www.fidal.it/societa/ATL--BERGAMO-1959-CREBERG/BG003
8.97,8.97,e,LAGO Alberto,1979,SM35,ATL.BIOTEKNA MARCON,1 su- 1,Ancona,2015-02-28,https://www.fidal.it/atleta/LAGO-Alberto/eKiRkpancWs%3D,https://www.fidal.it/societa/ATL-BIOTEKNA-MARCON/VE471
8.98,8.98,e,SORESINI Federico,1996,JM,ATL. BERGAMO 1959 CREBERG,4 se- 1,Bergamo,2015-01-25,https://www.fidal.it/atleta/SORESINI-Federico/dqmRl5WicGc%3D,https://www.fidal.it/societa/ATL--BERGAMO-1959-CREBERG/BG003
8.98,8.98,e,ISERNIA Gabriele,1996,JM,MONTEPASCHI UISP ATL. SIENA,3 ba- 1,Modena,2015-03-01,https://www.fidal.it/atleta/ISERNIA-Gabriele/faiSkpqhaGg%3D,https://www.fidal.it/societa/MONTEPASCHI-UISP-ATL--SIENA/SI043
8.99,8.99,e,ISERNIA Gabriele,1996,JM,MONTEPASCHI UISP ATL. SIENA,5 ba- 1,Padova,2015-01-18,https://www.fidal.it/atleta/ISERNIA-Gabriele/faiSkpqhaGg%3D,https://www.fidal.it/societa/MONTEPASCHI-UISP-ATL--SIENA/SI043
9.0,9.00,e,RAGO Emanuele,1996,JM,ATL. ADEN  EXPRIVIA MOLFETTA,3 fi- 1,Ancona,2015-02-01,https://www.fidal.it/atleta/RAGO-Emanuele/hKmRkpSiamw%3D,https://www.fidal.it/societa/ATL--ADEN-EXPRIVIA-MOLFETTA/BA091
9.01,9.01,e,DALLA GRANA Samuele,1996,JM,ASD INTERFLUMINA E' PIU' POMI',2 ba- 1,Modena,2015-01-17,https://www.fidal.it/atleta/DALLA-GRANA-Samuele/dqiSl5elaWk%3D,https://www.fidal.it/societa/ASD-INTERFLUMINA-E-PIU-POMI-/PR484
9.01,9.01,e,BRUNERO Diego,1996,JM,ATLETICA CANAVESANA,1 su- 1,Aosta,2015-01-24,https://www.fidal.it/atleta/BRUNERO-Diego/dK6RlpWfbGc%3D,https://www.fidal.it/societa/ATLETICA-CANAVESANA/TO015
9.01,9.01,e,SORESINI Federico,1996,JM,ATL. BERGAMO 1959 CREBERG,1 ba- 2,Saronno,2015-01-31,https://www.fidal.it/atleta/SORESINI-Federico/dqmRl5WicGc%3D,https://www.fidal.it/societa/ATL--BERGAMO-1959-CREBERG/BG003
9.01,9.01,e,MASSIMO Luca,1996,JM,ATL. CHIARI 1964 LIB.,4 ba- 1,Saronno,2015-01-31,https://www.fidal.it/atleta/MASSIMO-Luca/dqmRl5ioa2U%3D,https://www.fidal.it/societa/ATL--CHIARI-1964-LIB-/BS318
9.02,9.02,e,URGNANI Marco,1996,JM,ATL. CHIARI 1964 LIB.,5 ba- 1,Saronno,2015-01-31,https://www.fidal.it/atleta/URGNANI-Marco/dqqRlpqmcWM%3D,https://www.fidal.it/societa/ATL--CHIARI-1964-LIB-/BS318
9.02,9.02,e,CERRI Alessandro,1997,JM,UNIONE GIOVANE BIELLA,1 su- 1,Aosta,2015-02-07,https://www.fidal.it/atleta/CERRI-Alessandro/dKAAARk5ulb2w%3D,https://www.fidal.it/societa/UNIONE-GIOVANE-BIELLA/VC002
9.02,9.02,e,MARIN Cristian,1973,SM40,ATLETICA RIVIERA DEL BRENTA,3 se- 2,Ancona,2015-02-28,https://www.fidal.it/atleta/MARIN-Cristian/eK2RkpmjaWQ%3D,https://www.fidal.it/societa/ATLETICA-RIVIERA-DEL-BRENTA/VE473
9.04,9.04,e,BUCCIOLINI Gabriele,1997,JM,ATL. STUDENTESCA CA.RI.RI,5 fi- 1,Ancona,2015-01-24,https://www.fidal.it/atleta/BUCCIOLINI-Gabriele/f6iRmZSob2U%3D,https://www.fidal.it/societa/ATL--STUDENTESCA-CA-RI-RI/RI223
9.04,9.04,e,RUGGIERO Marco,1997,JM,ATL. BERGAMO 1959 CREBERG,7 su- 1,Padova,2015-01-24,https://www.fidal.it/atleta/RUGGIERO-Marco/dqmRl5ijamg%3D,https://www.fidal.it/societa/ATL--BERGAMO-1959-CREBERG/BG003
9.05,9.05,e,COMEL Alessio,1997,JM,UNIONE SPORTIVA ALBATESE ASD,3 se- 2,Padova,2015-01-25,https://www.fidal.it/atleta/COMEL-Alessio/dquRkpmja2k%3D,https://www.fidal.it/societa/UNIONE-SPORTIVA-ALBATESE-ASD/CO546
9.05,9.05,e,NETTUNO Federico,1975,SM40,N.ATL. FANFULLA LODIGIANA,3 se- 8,Ancona,2015-02-27,https://www.fidal.it/atleta/NETTUNO-Federico/dqiRkpahamo%3D,https://www.fidal.it/societa/N-ATL--FANFULLA-LODIGIANA/MI218
9.07,9.07,e,DALLA GRANA Samuele,1996,JM,ASD INTERFLUMINA E' PIU' POMI',2 ba- 1,Modena,2015-01-10,https://www.fidal.it/atleta/DALLA-GRANA-Samuele/dqiSl5elaWk%3D,https://www.fidal.it/societa/ASD-INTERFLUMINA-E-PIU-POMI-/PR484
9.07,9.07,e,MARCONE Tommaso,1997,JM,ASD ATLETICA GRAN SASSO TERAMO,2 ba- 2,Ancona,2015-01-24,https://www.fidal.it/atleta/MARCONE-Tommaso/gayRkpKia2o%3D,https://www.fidal.it/societa/ASD-ATLETICA-GRAN-SASSO-TERAMO/TE138
9.07,9.07,e,SANFRATELLO Ivan,1979,SM35,N.ATL. FANFULLA LODIGIANA,2 su- 1,Ancona,2015-02-28,https://www.fidal.it/atleta/SANFRATELLO-Ivan/dqiRk5KfbGQ%3D,https://www.fidal.it/societa/N-ATL--FANFULLA-LODIGIANA/MI218
9.07,9.07,e,SPARAPANI Bruno,1997,JM,ATHLETIC CLUB 96 AE SPA,4 ba- 2,Modena,2015-03-01,https://www.fidal.it/atleta/SPARAPANI-Bruno/iaiRkpqiaWg%3D,https://www.fidal.it/societa/ATHLETIC-CLUB-96-AE-SPA/BZ066
9.08,9.08,e,DALLA GRANA Samuele,1996,JM,ASD INTERFLUMINA E' PIU' POMI',2 fi- 1,Modena,2015-01-17,https://www.fidal.it/atleta/DALLA-GRANA-Samuele/dqiSl5elaWk%3D,https://www.fidal.it/societa/ASD-INTERFLUMINA-E-PIU-POMI-/PR484
9.08,9.08,e,SLANZI Paolo,1997,JM,ATLETICA VIS ABANO,7 fi- 1,Padova,2015-01-18,https://www.fidal.it/atleta/SLANZI-Paolo/eKiRlZimbmk%3D,https://www.fidal.it/societa/ATLETICA-VIS-ABANO/PD141
9.08,9.08,e,GRANSINIGH Carlo,1996,JM,TIRRENO ATLETICA CIVITAVECCHIA,2 ba- 1,Formia,2015-01-25,https://www.fidal.it/atleta/GRANSINIGH-Carlo/f6yRkpqkbGg%3D,https://www.fidal.it/societa/TIRRENO-ATLETICA-CIVITAVECCHIA/RM068
9.09,9.09,e,ISERNIA Gabriele,1996,JM,MONTEPASCHI UISP ATL. SIENA,7 ba- 5,Ancona,2015-02-08,https://www.fidal.it/atleta/ISERNIA-Gabriele/faiSkpqhaGg%3D,https://www.fidal.it/societa/MONTEPASCHI-UISP-ATL--SIENA/SI043
9.11,9.11,e,CERESINI Emanuele,1996,JM,C.U.S. PARMA,3 ba- 1,Modena,2015-01-17,https://www.fidal.it/atleta/CERESINI-Emanuele/eqiRlpSmamQ%3D,https://www.fidal.it/societa/C-U-S--PARMA/PR068
9.11,9.11,e,MICHELOTTI Giovanni,1997,JM,A.S.D. ATLETICA CINQUE CERCHI,4 ba- 1,Modena,2015-01-17,https://www.fidal.it/atleta/MICHELOTTI-Giovanni/eq2RkpKlbWw%3D,https://www.fidal.it/societa/A-S-D--ATLETICA-CINQUE-CERCHI/PC461
9.11,9.11,e,PAGLIUCA Riccardo,1997,JM,ACSI CAMPIDOGLIO PALATINO,6 fi- 1,Ancona,2015-01-24,https://www.fidal.it/atleta/PAGLIUCA-Riccardo/f6yRkpWkbGg%3D,https://www.fidal.it/societa/ACSI-CAMPIDOGLIO-PALATINO/RM046
9.12,9.12,e,TETTAMANZI Umberto,1997,JM,ATLETICA MONZA,3 fi- 1,Saronno,2015-01-11,https://www.fidal.it/atleta/TETTAMANZI-Umberto/dq2RlJWkb2g%3D,https://www.fidal.it/societa/ATLETICA-MONZA/MI710
9.13,9.13,e,DALLA GRANA Samuele,1996,JM,ASD INTERFLUMINA E' PIU' POMI',2 fi- 1,Modena,2015-01-10,https://www.fidal.it/atleta/DALLA-GRANA-Samuele/dqiSl5elaWk%3D,https://www.fidal.it/societa/ASD-INTERFLUMINA-E-PIU-POMI-/PR484
9.13,9.13,e,MANGANOZZI Matteo,1997,JM,S.S. LAZIO ATLETICA LEGGERA,4 ba- 1,Roma,2015-01-18,https://www.fidal.it/atleta/MANGANOZZI-Matteo/f6yRkpOnaWU%3D,https://www.fidal.it/societa/S-S--LAZIO-ATLETICA-LEGGERA/RM050
9.14,9.14,e,ISERNIA Gabriele,1996,JM,MONTEPASCHI UISP ATL. SIENA,3 ba- 1,Firenze,2015-01-24,https://www.fidal.it/atleta/ISERNIA-Gabriele/faiSkpqhaGg%3D,https://www.fidal.it/societa/MONTEPASCHI-UISP-ATL--SIENA/SI043
9.15,9.15,e,BERNASCONI Riccardo,1997,JM,O.S.A. SARONNO LIB.,3 ba- 1,Saronno,2015-01-11,https://www.fidal.it/atleta/BERNASCONI-Riccardo/drKRkpSncWo%3D,https://www.fidal.it/societa/O-S-A--SARONNO-LIB-/VA119
9.15,9.15,e,SOMAINI Giovanni,1997,JM,TEAM-A LOMBARDIA,2 ba- 2,Saronno,2015-01-31,https://www.fidal.it/atleta/SOMAINI-Giovanni/dq2RlJancWU%3D,https://www.fidal.it/societa/TEAM-A-LOMBARDIA/MI774
9.16,9.16,e,COMEL Alessio,1997,JM,UNIONE SPORTIVA ALBATESE ASD,2 fi- 1,Saronno,2015-01-17,https://www.fidal.it/atleta/COMEL-Alessio/dquRkpmja2k%3D,https://www.fidal.it/societa/UNIONE-SPORTIVA-ALBATESE-ASD/CO546
9.16,9.16,e,PASCUCCI Nicolas,1997,JM,TEAM-A LOMBARDIA,1 se- 3,Padova,2015-01-25,https://www.fidal.it/atleta/PASCUCCI-Nicolas/dq2RlZKfbmQ%3D,https://www.fidal.it/societa/TEAM-A-LOMBARDIA/MI774
9.16,9.16,e,LAGO Alberto,1979,SM35,ATL.BIOTEKNA MARCON,3 su- 1,Padova,2015-02-07,https://www.fidal.it/atleta/LAGO-Alberto/eKiRkpancWs%3D,https://www.fidal.it/societa/ATL-BIOTEKNA-MARCON/VE471
9.17,9.17,e,CERESINI Emanuele,1996,JM,C.U.S. PARMA,3 fi- 1,Modena,2015-01-17,https://www.fidal.it/atleta/CERESINI-Emanuele/eqiRlpSmamQ%3D,https://www.fidal.it/societa/C-U-S--PARMA/PR068
9.18,9.18,e,GRANSINIGH Carlo,1996,JM,TIRRENO ATLETICA CIVITAVECCHIA,4 fi- 1,Roma,2015-01-18,https://www.fidal.it/atleta/GRANSINIGH-Carlo/f6yRkpqkbGg%3D,https://www.fidal.it/societa/TIRRENO-ATLETICA-CIVITAVECCHIA/RM068
9.18,9.18,e,DALLA GRANA Samuele,1996,JM,ASD INTERFLUMINA E' PIU' POMI',4 ba- 1,Modena,2015-03-01,https://www.fidal.it/atleta/DALLA-GRANA-Samuele/dqiSl5elaWk%3D,https://www.fidal.it/societa/ASD-INTERFLUMINA-E-PIU-POMI-/PR484
9.21,9.21,e,SILEONI Massimiliano,1997,JM,ATL. AVIS MACERATA,1 su- 1,Ancona,2015-01-11,https://www.fidal.it/atleta/SILEONI-Massimiliano/e6uRkpKjbGs%3D,https://www.fidal.it/societa/ATL--AVIS-MACERATA/MC004
9.22,9.22,e,FORLANO Marco,1997,JM,S.S. VITTORIO ALFIERI ASTI,4 fi- 1,Saronno,2015-01-11,https://www.fidal.it/atleta/FORLANO-Marco/dKuRk5anamk%3D,https://www.fidal.it/societa/S-S--VITTORIO-ALFIERI-ASTI/AT001
9.22,9.22,e,FOLAJIN FONSECA Jim,1997,JM,A.S.D.SSV BRIXEN LEICHTATHL.,4 ba- 3,Modena,2015-03-01,https://www.fidal.it/atleta/FOLAJIN-FONSECA-Jim/iaiRk5Sha2o%3D,https://www.fidal.it/societa/A-S-D-SSV-BRIXEN-LEICHTATHL-/BZ031
9.24,9.24,e,TETTAMANZI Umberto,1997,JM,ATLETICA MONZA,4 ba- 1,Saronno,2015-01-11,https://www.fidal.it/atleta/TETTAMANZI-Umberto/dq2RlJWkb2g%3D,https://www.fidal.it/societa/ATLETICA-MONZA/MI710
9.24,9.24,e,MANIACI Filippo,1997,JM,ATL LIBERTAS RUNNERS LIVORNO,2 se- 3,Padova,2015-01-25,https://www.fidal.it/atleta/MANIACI-Filippo/faiSkpmjamU%3D,https://www.fidal.it/societa/ATL-LIBERTAS-RUNNERS-LIVORNO/LI035
9.24,9.24,e,BERNASCONI Riccardo,1997,JM,O.S.A. SARONNO LIB.,4 se- 2,Padova,2015-01-25,https://www.fidal.it/atleta/BERNASCONI-Riccardo/drKRkpSncWo%3D,https://www.fidal.it/societa/O-S-A--SARONNO-LIB-/VA119
9.24,9.24,e,PATERNOSTER Matteo,1996,JM,S.A.F. BOLZANO,4 se- 2,Padova,2015-01-25,https://www.fidal.it/atleta/PATERNOSTER-Matteo/iaiRkpqgamk%3D,https://www.fidal.it/societa/S-A-F--BOLZANO/BZ018
9.25,9.25,e,SIMIONATO Damiano,1997,JM,ASD U.S. ATERNO PESCARA,4 ba- 1,Ancona,2015-01-11,https://www.fidal.it/atleta/SIMIONATO-Damiano/gauRkpKkaGU%3D,https://www.fidal.it/societa/ASD-U-S--ATERNO-PESCARA/PE001
9.25,9.25,e,COMEL Alessio,1997,JM,UNIONE SPORTIVA ALBATESE ASD,2 ba- 1,Saronno,2015-01-17,https://www.fidal.it/atleta/COMEL-Alessio/dquRkpmja2k%3D,https://www.fidal.it/societa/UNIONE-SPORTIVA-ALBATESE-ASD/CO546
9.25,9.25,e,MARCONE Tommaso,1997,JM,ASD ATLETICA GRAN SASSO TERAMO,7 fi- 1,Ancona,2015-01-24,https://www.fidal.it/atleta/MARCONE-Tommaso/gayRkpKia2o%3D,https://www.fidal.it/societa/ASD-ATLETICA-GRAN-SASSO-TERAMO/TE138
9.25,9.25,e,TERRENI Valerio,1978,SM35,ASD LA GALLA PONTEDERA ATL.,1 se- 9,Ancona,2015-02-27,https://www.fidal.it/atleta/TERRENI-Valerio/faAAARkpOibGU%3D,https://www.fidal.it/societa/ASD-LA-GALLA-PONTEDERA-ATL-/PI144
9.27,9.27,e,ISERNIA Gabriele,1996,JM,MONTEPASCHI UISP ATL. SIENA,3 fi- 1,Firenze,2015-01-24,https://www.fidal.it/atleta/ISERNIA-Gabriele/faiSkpqhaGg%3D,https://www.fidal.it/societa/MONTEPASCHI-UISP-ATL--SIENA/SI043
9.27,9.27,e,BERNASCONI Riccardo,1997,JM,O.S.A. SARONNO LIB.,3 ba- 2,Saronno,2015-01-31,https://www.fidal.it/atleta/BERNASCONI-Riccardo/drKRkpSncWo%3D,https://www.fidal.it/societa/O-S-A--SARONNO-LIB-/VA119
9.29,9.29,e,BUCCIOLINI Gabriele,1997,JM,ATL. STUDENTESCA CA.RI.RI,3 ba- 2,Ancona,2015-01-24,https://www.fidal.it/atleta/BUCCIOLINI-Gabriele/f6iRmZSob2U%3D,https://www.fidal.it/societa/ATL--STUDENTESCA-CA-RI-RI/RI223
9.29,9.29,e,FOLAJIN FONSECA Jim,1997,JM,A.S.D.SSV BRIXEN LEICHTATHL.,6 fi- 2,Modena,2015-03-01,https://www.fidal.it/atleta/FOLAJIN-FONSECA-Jim/iaiRk5Sha2o%3D,https://www.fidal.it/societa/A-S-D-SSV-BRIXEN-LEICHTATHL-/BZ031
9.3,9.30,e,CHIODERA Marco,1997,JM,ATL. AVIS MACERATA,4 ba- 1,Ancona,2015-02-01,https://www.fidal.it/atleta/CHIODERA-Marco/e6uRkpKja2M%3D,https://www.fidal.it/societa/ATL--AVIS-MACERATA/MC004
9.31,9.31,e,FOUDHAILI Bilel,1996,JM,A.S.D. ATLETICA CINQUE CERCHI,4 fi- 1,Modena,2015-01-17,https://www.fidal.it/atleta/FOUDHAILI-Bilel/eq2RkpOlaGo%3D,https://www.fidal.it/societa/A-S-D--ATLETICA-CINQUE-CERCHI/PC461
9.31,9.31,e,MANIACI Filippo,1997,JM,ATL LIBERTAS RUNNERS LIVORNO,1 su- 1,Firenze,2015-01-18,https://www.fidal.it/atleta/MANIACI-Filippo/faiSkpmjamU%3D,https://www.fidal.it/societa/ATL-LIBERTAS-RUNNERS-LIVORNO/LI035
9.31,9.31,e,CHIODERA Marco,1997,JM,ATL. AVIS MACERATA,4 fi- 1,Ancona,2015-02-01,https://www.fidal.it/atleta/CHIODERA-Marco/e6uRkpKja2M%3D,https://www.fidal.it/societa/ATL--AVIS-MACERATA/MC004
9.33,9.33,e,FOUDHAILI Bilel,1996,JM,A.S.D. ATLETICA CINQUE CERCHI,5 ba- 1,Modena,2015-01-17,https://www.fidal.it/atleta/FOUDHAILI-Bilel/eq2RkpOlaGo%3D,https://www.fidal.it/societa/A-S-D--ATLETICA-CINQUE-CERCHI/PC461
9.33,9.33,e,PATERNIERI Alessandro,1996,JM,ASD INTERFLUMINA E' PIU' POMI',5 fi- 1,Modena,2015-01-17,https://www.fidal.it/atleta/PATERNIERI-Alessandro/eq6RkpOiaWk%3D,https://www.fidal.it/societa/ASD-INTERFLUMINA-E-PIU-POMI-/PR484
9.34,9.34,e,FORLANO Marco,1997,JM,S.S. VITTORIO ALFIERI ASTI,2 fi- 1,Bra,2015-01-18,https://www.fidal.it/atleta/FORLANO-Marco/dKuRk5anamk%3D,https://www.fidal.it/societa/S-S--VITTORIO-ALFIERI-ASTI/AT001
9.34,9.34,e,ZILIANI Francesco,1996,JM,ATLETICA STRONESE-ZANI SRL,2 su- 1,Aosta,2015-01-18,https://www.fidal.it/atleta/ZILIANI-Francesco/dKAAARk5qgbWs%3D,https://www.fidal.it/societa/ATLETICA-STRONESE-ZANI-SRL/VC019
9.34,9.34,e,FORLANO Marco,1997,JM,S.S. VITTORIO ALFIERI ASTI,2 su- 1,Aosta,2015-01-24,https://www.fidal.it/atleta/FORLANO-Marco/dKuRk5anamk%3D,https://www.fidal.it/societa/S-S--VITTORIO-ALFIERI-ASTI/AT001
9.34,9.34,e,DALMASSO Daniele,1996,JM,ATLETICA PIEMONTE ASD,3 su- 1,Aosta,2015-01-24,https://www.fidal.it/atleta/DALMASSO-Daniele/dK6RlZekb2w%3D,https://www.fidal.it/societa/ATLETICA-PIEMONTE-ASD/TO226
9.34,9.34,e,COZZOLINO Fausto,1971,SM40,ATLETICA POSILLIPO,1 se- 1,Ancona,2015-02-28,https://www.fidal.it/atleta/COZZOLINO-Fausto/gKiRkpKibWc%3D,https://www.fidal.it/societa/ATLETICA-POSILLIPO/NA983
9.39,9.39,e,FORLANO Marco,1997,JM,S.S. VITTORIO ALFIERI ASTI,2 ba- 1,Bra,2015-01-18,https://www.fidal.it/atleta/FORLANO-Marco/dKuRk5anamk%3D,https://www.fidal.it/societa/S-S--VITTORIO-ALFIERI-ASTI/AT001
9.4,9.40,e,PATANE' Lorenzo,1997,JM,TIRRENO ATLETICA CIVITAVECCHIA,2 fi- 1,Formia,2015-01-25,https://www.fidal.it/atleta/PATANE-Lorenzo/f6yRkpOfcGw%3D,https://www.fidal.it/societa/TIRRENO-ATLETICA-CIVITAVECCHIA/RM068
9.41,9.41,e,ROMANO Renzo,1967,SM45,ASD ATLETICA PISTOIA,4 su- 1,Padova,2015-02-07,https://www.fidal.it/atleta/ROMANO-Renzo/faiRkpKgcGg%3D,https://www.fidal.it/societa/ASD-ATLETICA-PISTOIA/PT118
9.41,9.41,e,RINALDI Gabriele,1978,SM35,A.S. DIL. TORREBIANCA,2 se- 9,Ancona,2015-02-27,https://www.fidal.it/atleta/RINALDI-Gabriele/h6iRkpWhaWs%3D,https://www.fidal.it/societa/A-S--DIL--TORREBIANCA/ME110
9.42,9.42,e,TETTAMANZI Umberto,1997,JM,ATLETICA MONZA,6 se- 2,Padova,2015-01-25,https://www.fidal.it/atleta/TETTAMANZI-Umberto/dq2RlJWkb2g%3D,https://www.fidal.it/societa/ATLETICA-MONZA/MI710
9.44,9.44,e,PATERNIERI Alessandro,1996,JM,ASD INTERFLUMINA E' PIU' POMI',6 ba- 1,Modena,2015-01-17,https://www.fidal.it/atleta/PATERNIERI-Alessandro/eq6RkpOiaWk%3D,https://www.fidal.it/societa/ASD-INTERFLUMINA-E-PIU-POMI-/PR484
9.44,9.44,e,ROMANO Renzo,1967,SM45,ASD ATLETICA PISTOIA,1 su- 1,Ancona,2015-02-28,https://www.fidal.it/atleta/ROMANO-Renzo/faiRkpKgcGg%3D,https://www.fidal.it/societa/ASD-ATLETICA-PISTOIA/PT118
9.46,9.46,e,FOUDHAILI Bilel,1996,JM,A.S.D. ATLETICA CINQUE CERCHI,4 se- 1,Padova,2015-01-11,https://www.fidal.it/atleta/FOUDHAILI-Bilel/eq2RkpOlaGo%3D,https://www.fidal.it/societa/A-S-D--ATLETICA-CINQUE-CERCHI/PC461
9.47,9.47,e,SPADONI Stefano,1997,JM,POL. DIL. OMEGA.COM,3 ba- 1,Firenze,2015-01-31,https://www.fidal.it/atleta/SPADONI-Stefano/faqRkpSnb2c%3D,https://www.fidal.it/societa/POL--DIL--OMEGA-COM/FI395
9.47,9.47,e,BRUZZESE FESCHUK Yulian oleksandrovit,1996,JM,ATL. REGGIO ASD,7 sf- 1,Ancona,2015-02-08,https://www.fidal.it/atleta/BRUZZESE-FESCHUK-Yulian-oleksandrovit/erGRkpKkbms%3D,https://www.fidal.it/societa/ATL--REGGIO-ASD/RE128
9.51,9.51,e,PATERNIERI Alessandro,1996,JM,ASD INTERFLUMINA E' PIU' POMI',3 ba- 1,Modena,2015-01-10,https://www.fidal.it/atleta/PATERNIERI-Alessandro/eq6RkpOiaWk%3D,https://www.fidal.it/societa/ASD-INTERFLUMINA-E-PIU-POMI-/PR484
9.54,9.54,e,SPADONI Stefano,1997,JM,POL. DIL. OMEGA.COM,4 fi- 1,Firenze,2015-01-24,https://www.fidal.it/atleta/SPADONI-Stefano/faqRkpSnb2c%3D,https://www.fidal.it/societa/POL--DIL--OMEGA-COM/FI395
9.56,9.56,e,CAMASCHELLA Gian luca,1971,SM40,TEAM ATLETICO-MERCURIO NOVARA,1 su- 1,Bra,2015-01-18,https://www.fidal.it/atleta/CAMASCHELLA-Gian-luca/dKiRkpKjcGU%3D,https://www.fidal.it/societa/TEAM-ATLETICO-MERCURIO-NOVARA/NO020
9.57,9.57,e,PATERNIERI Alessandro,1996,JM,ASD INTERFLUMINA E' PIU' POMI',3 fi- 1,Modena,2015-01-10,https://www.fidal.it/atleta/PATERNIERI-Alessandro/eq6RkpOiaWk%3D,https://www.fidal.it/societa/ASD-INTERFLUMINA-E-PIU-POMI-/PR484
9.59,9.59,e,FORLANO Marco,1997,JM,S.S. VITTORIO ALFIERI ASTI,5 ba- 1,Saronno,2015-01-11,https://www.fidal.it/atleta/FORLANO-Marco/dKuRk5anamk%3D,https://www.fidal.it/societa/S-S--VITTORIO-ALFIERI-ASTI/AT001
9.6,9.60,e,PATANE' Lorenzo,1997,JM,TIRRENO ATLETICA CIVITAVECCHIA,3 ba- 1,Formia,2015-01-25,https://www.fidal.it/atleta/PATANE-Lorenzo/f6yRkpOfcGw%3D,https://www.fidal.it/societa/TIRRENO-ATLETICA-CIVITAVECCHIA/RM068
9.61,9.61,e,BURRI Alessandro,1975,SM40,G.S. ATL. REZZATO,2 su- 1,Bergamo,2015-03-14,https://www.fidal.it/atleta/BURRI-Alessandro/dqqRl5Kmb2Y%3D,https://www.fidal.it/societa/G-S--ATL--REZZATO/BS364
9.65,9.65,e,GAETA Alex,1997,JM,S.S. TRIONFO LIGURE,2 se- 2,Padova,2015-01-11,https://www.fidal.it/atleta/GAETA-Alex/dKmRk5qfcGY%3D,https://www.fidal.it/societa/S-S--TRIONFO-LIGURE/GE003
9.66,9.66,e,PETRACCHI Daniele,1996,JM,MONTEPASCHI UISP ATL. SIENA,4 ba- 1,Firenze,2015-01-24,https://www.fidal.it/atleta/PETRACCHI-Daniele/fbKRkpKmb2w%3D,https://www.fidal.it/societa/MONTEPASCHI-UISP-ATL--SIENA/SI043
9.7,9.70,e,SARTORELLI Luca,1996,JM,ATL. RICCARDI MILANO,3 se- 2,Padova,2015-01-11,https://www.fidal.it/atleta/SARTORELLI-Luca/dq2RlJqja2U%3D,https://www.fidal.it/societa/ATL--RICCARDI-MILANO/MI080
9.71,9.71,e,BALLA Orgest,1997,JM,A.S.D. G.S. ROATA  CHIUSANI,4 ba- 1,Modena,2015-01-10,https://www.fidal.it/atleta/BALLA-Orgest/dKyRlJejbmQ%3D,https://www.fidal.it/societa/A-S-D--G-S--ROATA-CHIUSANI/CN020
9.73,9.73,e,PIERI Luca,1997,JM,ATL. IMOLA SACMI AVIS,4 ba- 2,Ancona,2015-01-24,https://www.fidal.it/atleta/PIERI-Luca/eqAAARkpKhbmM%3D,https://www.fidal.it/societa/ATL--IMOLA-SACMI-AVIS/BO014
9.74,9.74,e,MELICONI Alessandro,1997,JM,A.S.D. PONTEVECCHIO BOLOGNA,5 se- 1,Padova,2015-01-11,https://www.fidal.it/atleta/MELICONI-Alessandro/eqmRkpSiaGY%3D,https://www.fidal.it/societa/A-S-D--PONTEVECCHIO-BOLOGNA/BO506
9.74,9.74,e,SARTORELLI Luca,1996,JM,ATL. RICCARDI MILANO,5 se- 1,Bergamo,2015-01-25,https://www.fidal.it/atleta/SARTORELLI-Luca/dq2RlJqja2U%3D,https://www.fidal.it/societa/ATL--RICCARDI-MILANO/MI080
9.76,9.76,e,TOTI Andrea,1996,JM,ASD LA GALLA PONTEDERA ATL.,5 fi- 1,Firenze,2015-01-24,https://www.fidal.it/atleta/TOTI-Andrea/faAAARkpKfaGk%3D,https://www.fidal.it/societa/ASD-LA-GALLA-PONTEDERA-ATL-/PI144
9.76,9.76,e,SPINI Ivan,1968,SM45,S G AMSICORA,1 su- 1,Iglesias,2015-02-15,https://www.fidal.it/atleta/SPINI-Ivan/iKmRkpWha2M%3D,https://www.fidal.it/societa/S-G-AMSICORA/CA002
9.78,9.78,e,PETRACCHI Daniele,1996,JM,MONTEPASCHI UISP ATL. SIENA,6 fi- 1,Firenze,2015-01-24,https://www.fidal.it/atleta/PETRACCHI-Daniele/fbKRkpKmb2w%3D,https://www.fidal.it/societa/MONTEPASCHI-UISP-ATL--SIENA/SI043
9.79,9.79,e,BAITELLI Raffaello,1967,SM45,ATL. VALLE IMAGNA,1 se- 7,Ancona,2015-02-27,https://www.fidal.it/atleta/BAITELLI-Raffaello/dqmRl5OjaGs%3D,https://www.fidal.it/societa/ATL--VALLE-IMAGNA/BG511
9.79,9.79,e,SPINI Ivan,1968,SM45,S G AMSICORA,2 se- 7,Ancona,2015-02-27,https://www.fidal.it/atleta/SPINI-Ivan/iKmRkpWha2M%3D,https://www.fidal.it/societa/S-G-AMSICORA/CA002
9.85,9.85,e,FORESI Andrea,1997,JM,ATLETICA LIVORNO,2 su- 1,Firenze,2015-01-18,https://www.fidal.it/atleta/FORESI-Andrea/faiSkpKia2k%3D,https://www.fidal.it/societa/ATLETICA-LIVORNO/LI036
9.85,9.85,e,GIANNOTTI Alessandro,1976,SM35,N.ATL. FANFULLA LODIGIANA,3 se- 9,Ancona,2015-02-27,https://www.fidal.it/atleta/GIANNOTTI-Alessandro/faiSkpKlbGk%3D,https://www.fidal.it/societa/N-ATL--FANFULLA-LODIGIANA/MI218
9.88,9.88,e,SARTORELLI Luca,1996,JM,ATL. RICCARDI MILANO,5 su- 1,Bergamo,2015-01-25,https://www.fidal.it/atleta/SARTORELLI-Luca/dq2RlJqja2U%3D,https://www.fidal.it/societa/ATL--RICCARDI-MILANO/MI080
9.88,9.88,e,ALTAMURA Giuseppe,1968,SM45,OLIMPIA AMATORI RIMINI,2 su- 1,Ancona,2015-02-28,https://www.fidal.it/atleta/ALTAMURA-Giuseppe/hKmRkpWiaGc%3D,https://www.fidal.it/societa/OLIMPIA-AMATORI-RIMINI/RN357
9.9,9.90,e,PETRACCHI Daniele,1996,JM,MONTEPASCHI UISP ATL. SIENA,2 fi- 1,Firenze,2015-01-17,https://www.fidal.it/atleta/PETRACCHI-Daniele/fbKRkpKmb2w%3D,https://www.fidal.it/societa/MONTEPASCHI-UISP-ATL--SIENA/SI043
9.9,9.90,e,SPADONI Stefano,1997,JM,POL. DIL. OMEGA.COM,5 ba- 1,Firenze,2015-01-24,https://www.fidal.it/atleta/SPADONI-Stefano/faqRkpSnb2c%3D,https://www.fidal.it/societa/POL--DIL--OMEGA-COM/FI395
9.92,9.92,e,CICCHELLI Gian lorenzo,1969,SM45,ASD 'VINI FANTINI',1 se- 6,Ancona,2015-02-27,https://www.fidal.it/atleta/CICCHELLI-Gian-lorenzo/gauRkpKfamg%3D,https://www.fidal.it/societa/ASD-VINI-FANTINI-/PE032
9.93,9.93,e,SPINI Ivan,1968,SM45,S G AMSICORA,1 su- 1,Iglesias,2015-01-25,https://www.fidal.it/atleta/SPINI-Ivan/iKmRkpWha2M%3D,https://www.fidal.it/societa/S-G-AMSICORA/CA002
9.94,9.94,e,DE LUCA Simone,1976,SM35,A.S. LA FRATELLANZA 1874,3 su- 1,Ancona,2015-02-28,https://www.fidal.it/atleta/DE-LUCA-Simone/eqiRkpmhcGU%3D,https://www.fidal.it/societa/A-S--LA-FRATELLANZA-1874/MO052
9.97,9.97,e,TOTI Andrea,1996,JM,ASD LA GALLA PONTEDERA ATL.,3 su- 1,Firenze,2015-01-18,https://www.fidal.it/atleta/TOTI-Andrea/faAAARkpKfaGk%3D,https://www.fidal.it/societa/ASD-LA-GALLA-PONTEDERA-ATL-/PI144
9.97,9.97,e,PELLANDA Roberto,1975,SM40,DAINI CARATE BRIANZA,4 se- 8,Ancona,2015-02-27,https://www.fidal.it/atleta/PELLANDA-Roberto/dq2RkpWoamY%3D,https://www.fidal.it/societa/DAINI-CARATE-BRIANZA/MI095
9.99,9.99,e,PETRACCHI Daniele,1996,JM,MONTEPASCHI UISP ATL. SIENA,2 ba- 1,Firenze,2015-01-17,https://www.fidal.it/atleta/PETRACCHI-Daniele/fbKRkpKmb2w%3D,https://www.fidal.it/societa/MONTEPASCHI-UISP-ATL--SIENA/SI043
10.01,10.01,e,ALTAMURA Giuseppe,1968,SM45,OLIMPIA AMATORI RIMINI,3 se- 7,Ancona,2015-02-27,https://www.fidal.it/atleta/ALTAMURA-Giuseppe/hKmRkpWiaGc%3D,https://www.fidal.it/societa/OLIMPIA-AMATORI-RIMINI/RN357
10.03,10.03,e,FORESI Andrea,1997,JM,ATLETICA LIVORNO,3 se- 3,Padova,2015-01-25,https://www.fidal.it/atleta/FORESI-Andrea/faiSkpKia2k%3D,https://www.fidal.it/societa/ATLETICA-LIVORNO/LI036
10.05,10.05,e,SPINI Ivan,1968,SM45,S G AMSICORA,3 su- 1,Ancona,2015-02-28,https://www.fidal.it/atleta/SPINI-Ivan/iKmRkpWha2M%3D,https://www.fidal.it/societa/S-G-AMSICORA/CA002
10.07,10.07,e,BALLA Orgest,1997,JM,A.S.D. G.S. ROATA  CHIUSANI,4 fi- 1,Modena,2015-01-10,https://www.fidal.it/atleta/BALLA-Orgest/dKyRlJejbmQ%3D,https://www.fidal.it/societa/A-S-D--G-S--ROATA-CHIUSANI/CN020
10.07,10.07,e,BALLA Orgest,1997,JM,A.S.D. G.S. ROATA  CHIUSANI,3 ba- 1,Bra,2015-01-18,https://www.fidal.it/atleta/BALLA-Orgest/dKyRlJejbmQ%3D,https://www.fidal.it/societa/A-S-D--G-S--ROATA-CHIUSANI/CN020
10.08,10.08,e,EVERTSEN Bronson jonathan,1997,JM,PROSPORT ATL. FIRENZE,4 su- 1,Firenze,2015-01-18,https://www.fidal.it/atleta/EVERTSEN-Bronson-jonathan/faqRkpWkb2o%3D,https://www.fidal.it/societa/PROSPORT-ATL--FIRENZE/FI009
10.08,10.08,e,GIANNOTTI Alessandro,1976,SM35,N.ATL. FANFULLA LODIGIANA,4 su- 1,Ancona,2015-02-28,https://www.fidal.it/atleta/GIANNOTTI-Alessandro/faiSkpKlbGk%3D,https://www.fidal.it/societa/N-ATL--FANFULLA-LODIGIANA/MI218
10.09,10.09,e,PAGANI Daniele,1966,SM45,ATL. VIRTUS CASTENEDOLO,4 su- 1,Ancona,2015-02-28,https://www.fidal.it/atleta/PAGANI-Daniele/eqiRlZqfbms%3D,https://www.fidal.it/societa/ATL--VIRTUS-CASTENEDOLO/BS575
10.15,10.15,e,TOTI Andrea,1996,JM,ASD LA GALLA PONTEDERA ATL.,6 ba- 1,Firenze,2015-01-24,https://www.fidal.it/atleta/TOTI-Andrea/faAAARkpKfaGk%3D,https://www.fidal.it/societa/ASD-LA-GALLA-PONTEDERA-ATL-/PI144
10.16,10.16,e,TONELLO Luca,1973,SM40,GS.TORTELLINI VOLTAN MARTELLAG,4 se- 2,Ancona,2015-02-28,https://www.fidal.it/atleta/TONELLO-Luca/eKiRkpKkcGQ%3D,https://www.fidal.it/societa/GS-TORTELLINI-VOLTAN-MARTELLAG/VE512
10.24,10.24,e,CESCA Nicola,1997,JM,ATL. AVIS MACERATA,5 se- 1,Lione,2015-02-28,https://www.fidal.it/atleta/CESCA-Nicola/e6iRk5ijaWU%3D,https://www.fidal.it/societa/ATL--AVIS-MACERATA/MC004
10.25,10.25,e,REA Felice,1979,SM35,A.S.D. C.U.S. NAPOLI,5 su- 1,Ancona,2015-02-28,https://www.fidal.it/atleta/REA-Felice/gKiRlZKmaWw%3D,https://www.fidal.it/societa/A-S-D--C-U-S--NAPOLI/NA061
10.38,10.38,e,GAETA Alex,1997,JM,S.S. TRIONFO LIGURE,5 ba- 2,Modena,2015-03-01,https://www.fidal.it/atleta/GAETA-Alex/dKmRk5qfcGY%3D,https://www.fidal.it/societa/S-S--TRIONFO-LIGURE/GE003
10.42,10.42,e,URGNANI Marco,1996,JM,ATL. CHIARI 1964 LIB.,4 su- 1,Padova,2015-01-11,https://www.fidal.it/atleta/URGNANI-Marco/dqqRlpqmcWM%3D,https://www.fidal.it/societa/ATL--CHIARI-1964-LIB-/BS318
10.44,10.44,e,CICCHELLI Gian lorenzo,1969,SM45,ASD 'VINI FANTINI',5 su- 1,Ancona,2015-02-28,https://www.fidal.it/atleta/CICCHELLI-Gian-lorenzo/gauRkpKfamg%3D,https://www.fidal.it/societa/ASD-VINI-FANTINI-/PE032
10.48,10.48,e,FUSETTI Matteo,1975,SM40,ATLETICA DEI GELSI,5 se- 8,Ancona,2015-02-27,https://www.fidal.it/atleta/FUSETTI-Matteo/f6yRkpuncGM%3D,https://www.fidal.it/societa/ATLETICA-DEI-GELSI/RM237
10.49,10.49,e,DI STASIO Massimiliano,1997,JM,C.S.S. LEONARDO DA VINCI,4 se- 2,Padova,2015-01-11,https://www.fidal.it/atleta/DI-STASIO-Massimiliano/iaiRkpqja2c%3D,https://www.fidal.it/societa/C-S-S--LEONARDO-DA-VINCI/BZ071
10.53,10.53,e,BUCCIOLINI Gabriele,1997,JM,ATL. STUDENTESCA CA.RI.RI,2 ba- 1,Roma,2015-02-01,https://www.fidal.it/atleta/BUCCIOLINI-Gabriele/f6iRmZSob2U%3D,https://www.fidal.it/societa/ATL--STUDENTESCA-CA-RI-RI/RI223
10.72,10.72,e,BALLA Orgest,1997,JM,A.S.D. G.S. ROATA  CHIUSANI,4 se- 3,Padova,2015-01-25,https://www.fidal.it/atleta/BALLA-Orgest/dKyRlJejbmQ%3D,https://www.fidal.it/societa/A-S-D--G-S--ROATA-CHIUSANI/CN020
10.73,10.73,e,VEGLIA Francesco,1973,SM40,A.S.D.  ATL. VIS NOVA,2 se- 1,Ancona,2015-02-28,https://www.fidal.it/atleta/VEGLIA-Francesco/gKiRk5WgaGU%3D,https://www.fidal.it/societa/A-S-D--ATL--VIS-NOVA/SA126
10.74,10.74,e,ASSENNATO Giuseppe,1970,SM45,A.S.D. TRACK CLUB MASTER CL,2 se- 6,Ancona,2015-02-27,https://www.fidal.it/atleta/ASSENNATO-Giuseppe/h6qRkpKkbGM%3D,https://www.fidal.it/societa/A-S-D--TRACK-CLUB-MASTER-CL/CL150
10.88,10.88,e,BENATI Mario,1966,SM45,ATL. ROMA ACQUACETOSA,6 su- 1,Ancona,2015-02-28,https://www.fidal.it/atleta/BENATI-Mario/f6iRkpKhbmY%3D,https://www.fidal.it/societa/ATL--ROMA-ACQUACETOSA/RM161
10.89,10.89,e,BURCHIETTI Daniele,1969,SM45,ASD ATLETICA PISTOIA,3 se- 6,Ancona,2015-02-27,https://www.fidal.it/atleta/BURCHIETTI-Daniele/fbGRkpOjaWk%3D,https://www.fidal.it/societa/ASD-ATLETICA-PISTOIA/PT118
10.91,10.91,e,ZANETTI Paolo,1977,SM35,A.S.D. ATLETICA CINQUE CERCHI,4 se- 9,Ancona,2015-02-27,https://www.fidal.it/atleta/ZANETTI-Paolo/eq2RkpOlcGM%3D,https://www.fidal.it/societa/A-S-D--ATLETICA-CINQUE-CERCHI/PC461
10.97,10.97,e,CASAGRANDE Luca,1971,SM40,A.S.ATHLON BASTIA,5 se- 2,Ancona,2015-02-28,https://www.fidal.it/atleta/CASAGRANDE-Luca/fqiRkpihbGk%3D,https://www.fidal.it/societa/A-S-ATHLON-BASTIA/PG003
10.98,10.98,e,FORTUNATO Roberto,1972,SM40,MASTERATLETICA,6 se- 8,Ancona,2015-02-27,https://www.fidal.it/atleta/FORTUNATO-Roberto/eKiRk5SgcGU%3D,https://www.fidal.it/societa/MASTERATLETICA/VI650
11.07,11.07,e,LONGO Marco,1974,SM40,ATL.MONTEBELLUNA VENETO BANCA,5 su- 1,Padova,2015-02-07,https://www.fidal.it/atleta/LONGO-Marco/eKyRk5Ofbmc%3D,https://www.fidal.it/societa/ATL-MONTEBELLUNA-VENETO-BANCA/TV335
11.12,11.12,e,DELLA LONGA Cristiano,1971,SM40,ATLETICA DEI GELSI,3 se- 1,Ancona,2015-02-28,https://www.fidal.it/atleta/DELLA-LONGA-Cristiano/f6yRkpSmbWQ%3D,https://www.fidal.it/societa/ATLETICA-DEI-GELSI/RM237
11.22,11.22,e,BALLA Orgest,1997,JM,A.S.D. G.S. ROATA  CHIUSANI,3 fi- 1,Bra,2015-01-18,https://www.fidal.it/atleta/BALLA-Orgest/dKyRlJejbmQ%3D,https://www.fidal.it/societa/A-S-D--G-S--ROATA-CHIUSANI/CN020
11.25,11.25,e,DONATI Franco,1967,SM45,ATL. RIMINI NORD SANTARCANGELO,4 se- 6,Ancona,2015-02-27,https://www.fidal.it/atleta/DONATI-Franco/erORkpOibGQ%3D,https://www.fidal.it/societa/ATL--RIMINI-NORD-SANTARCANGELO/RN273
11.45,11.45,e,USAI Andrea,1967,SM45,S G AMSICORA,4 se- 7,Ancona,2015-02-27,https://www.fidal.it/atleta/USAI-Andrea/iKiRkpKfa2U%3D,https://www.fidal.it/societa/S-G-AMSICORA/CA002
11.57,11.57,e,CONTI Carlo,1968,SM45,ATL. CASAZZA,5 se- 6,Ancona,2015-02-27,https://www.fidal.it/atleta/CONTI-Carlo/dqmRl5qjbWo%3D,https://www.fidal.it/societa/ATL--CASAZZA/BG225
11.87,11.87,e,ITALIANO Dario,1997,JM,TEAM ATLETICO-MERCURIO NOVARA,5 se- 2,Padova,2015-01-11,https://www.fidal.it/atleta/ITALIANO-Dario/dK2RlJOgbGk%3D,https://www.fidal.it/societa/TEAM-ATLETICO-MERCURIO-NOVARA/NO020
11.97,11.97,e,ROLFI Piero,1970,SM45,S.S. VITTORIO ALFIERI ASTI,7 se- 2,Torun,2015-03-26,https://www.fidal.it/atleta/ROLFI-Piero/dKuRk5efaGk%3D,https://www.fidal.it/societa/S-S--VITTORIO-ALFIERI-ASTI/AT001
12.05,12.05,e,SEDDA Enrico antonio,1967,SM45,S G AMSICORA,5 se- 7,Ancona,2015-02-27,https://www.fidal.it/atleta/SEDDA-Enrico-antonio/iKmRkpWiamc%3D,https://www.fidal.it/societa/S-G-AMSICORA/CA002
12.55,12.55,e,DI BLASI Manfred,1969,SM45,G.S. C.S.I. MORBEGNO,3 su- 1,Bergamo,2015-03-14,https://www.fidal.it/atleta/DI-BLASI-Manfred/dqiSl5ifa2Q%3D,https://www.fidal.it/societa/G-S--C-S-I--MORBEGNO/SO114
12.68,12.68,e,DI BLASI Manfred,1969,SM45,G.S. C.S.I. MORBEGNO,6 se- 7,Ancona,2015-02-27,https://www.fidal.it/atleta/DI-BLASI-Manfred/dqiSl5ifa2Q%3D,https://www.fidal.it/societa/G-S--C-S-I--MORBEGNO/SO114
13.21,13.21,e,ROZZARIN Matteo,1968,SM45,ACQUADELA BOLOGNA,6 se- 6,Ancona,2015-02-27,https://www.fidal.it/atleta/ROZZARIN-Matteo/eqiRlpmhamM%3D,https://www.fidal.it/societa/ACQUADELA-BOLOGNA/BO002
13.71,13.71,e,SCARFONE Alfonso,1971,SM40,S.S.FIAMMA ATL.CATANZARO,4 se- 1,Ancona,2015-02-28,https://www.fidal.it/atleta/SCARFONE-Alfonso/hqiRk5WhbWo%3D,https://www.fidal.it/societa/S-S-FIAMMA-ATL-CATANZARO/CZ010
7.86,7.86,e,CESCA Nicola,1997,JM,ATL. AVIS MACERATA,1 fi- 1,Ancona,2016-02-07,https://www.fidal.it/atleta/CESCA-Nicola/e6iRk5ijaWU%3D,https://www.fidal.it/societa/ATL--AVIS-MACERATA/MC004
7.97,7.97,e,CRNIGOJ Gabriele,1997,JM,ATLETICA MALIGNANI LIBERTAS UD,1 sf- 1,Ancona,2016-02-07,https://www.fidal.it/atleta/CRNIGOJ-Gabriele/eayRk5OhamY%3D,https://www.fidal.it/societa/ATLETICA-MALIGNANI-LIBERTAS-UD/UD030
7.97,7.97,e,CRNIGOJ Gabriele,1997,JM,ATLETICA MALIGNANI LIBERTAS UD,2 fi- 1,Ancona,2016-02-07,https://www.fidal.it/atleta/CRNIGOJ-Gabriele/eayRk5OhamY%3D,https://www.fidal.it/societa/ATLETICA-MALIGNANI-LIBERTAS-UD/UD030
8.03,8.03,e,CESCA Nicola,1997,JM,ATL. AVIS MACERATA,1 sf- 3,Ancona,2016-02-07,https://www.fidal.it/atleta/CESCA-Nicola/e6iRk5ijaWU%3D,https://www.fidal.it/societa/ATL--AVIS-MACERATA/MC004
8.04,8.04,e,BIGONI Marco,1998,JM,PRO SESTO ATL.,1 sf- 2,Ancona,2016-02-07,https://www.fidal.it/atleta/BIGONI-Marco/dq2RlJKicGo%3D,https://www.fidal.it/societa/PRO-SESTO-ATL-/MI089
8.06,8.06,e,CESCA Nicola,1997,JM,ATL. AVIS MACERATA,1 fi- 1,Ancona,2016-01-23,https://www.fidal.it/atleta/CESCA-Nicola/e6iRk5ijaWU%3D,https://www.fidal.it/societa/ATL--AVIS-MACERATA/MC004
8.09,8.09,e,CRNIGOJ Gabriele,1997,JM,ATLETICA MALIGNANI LIBERTAS UD,5 su- 1,Padova,2016-02-27,https://www.fidal.it/atleta/CRNIGOJ-Gabriele/eayRk5OhamY%3D,https://www.fidal.it/societa/ATLETICA-MALIGNANI-LIBERTAS-UD/UD030
8.09,8.09,e,CESCA Nicola,1997,JM,ATL. AVIS MACERATA,6 su- 1,Padova,2016-02-27,https://www.fidal.it/atleta/CESCA-Nicola/e6iRk5ijaWU%3D,https://www.fidal.it/societa/ATL--AVIS-MACERATA/MC004
8.1,8.10,e,BIGONI Marco,1998,JM,PRO SESTO ATL.,2 fi- 1,Magglingen,2016-01-30,https://www.fidal.it/atleta/BIGONI-Marco/dq2RlJKicGo%3D,https://www.fidal.it/societa/PRO-SESTO-ATL-/MI089
8.1,8.10,e,BIGONI Marco,1998,JM,PRO SESTO ATL.,3 fi- 1,Ancona,2016-02-07,https://www.fidal.it/atleta/BIGONI-Marco/dq2RlJKicGo%3D,https://www.fidal.it/societa/PRO-SESTO-ATL-/MI089
8.1,8.10,e,CRNIGOJ Gabriele,1997,JM,ATLETICA MALIGNANI LIBERTAS UD,5 su- 1,Padova,2016-02-27,https://www.fidal.it/atleta/CRNIGOJ-Gabriele/eayRk5OhamY%3D,https://www.fidal.it/societa/ATLETICA-MALIGNANI-LIBERTAS-UD/UD030
8.11,8.11,e,CRNIGOJ Gabriele,1997,JM,ATLETICA MALIGNANI LIBERTAS UD,1 ba- 2,Ancona,2016-02-07,https://www.fidal.it/atleta/CRNIGOJ-Gabriele/eayRk5OhamY%3D,https://www.fidal.it/societa/ATLETICA-MALIGNANI-LIBERTAS-UD/UD030
8.12,8.12,e,BIGONI Marco,1998,JM,PRO SESTO ATL.,1 ba- 1,Magglingen,2016-01-30,https://www.fidal.it/atleta/BIGONI-Marco/dq2RlJKicGo%3D,https://www.fidal.it/societa/PRO-SESTO-ATL-/MI089
8.13,8.13,e,CRNIGOJ Gabriele,1997,JM,ATLETICA MALIGNANI LIBERTAS UD,1 su- 1,Udine,2016-01-16,https://www.fidal.it/atleta/CRNIGOJ-Gabriele/eayRk5OhamY%3D,https://www.fidal.it/societa/ATLETICA-MALIGNANI-LIBERTAS-UD/UD030
8.13,8.13,e,CRNIGOJ Gabriele,1997,JM,ATLETICA MALIGNANI LIBERTAS UD,1 su- 1,Udine,2016-01-30,https://www.fidal.it/atleta/CRNIGOJ-Gabriele/eayRk5OhamY%3D,https://www.fidal.it/societa/ATLETICA-MALIGNANI-LIBERTAS-UD/UD030
8.13,8.13,e,MANOJLOVIC Loris,1998,JM,COLLECTION ATLETICA SAMBENEDET,4 fi- 1,Ancona,2016-02-07,https://www.fidal.it/atleta/MANOJLOVIC-Loris/e6iRk5agcGk%3D,https://www.fidal.it/societa/COLLECTION-ATLETICA-SAMBENEDET/AP034
8.14,8.14,e,BIGONI Marco,1998,JM,PRO SESTO ATL.,1 ba- 3,Ancona,2016-02-07,https://www.fidal.it/atleta/BIGONI-Marco/dq2RlJKicGo%3D,https://www.fidal.it/societa/PRO-SESTO-ATL-/MI089
8.16,8.16,e,CESCA Nicola,1997,JM,ATL. AVIS MACERATA,6 su- 1,Padova,2016-02-27,https://www.fidal.it/atleta/CESCA-Nicola/e6iRk5ijaWU%3D,https://www.fidal.it/societa/ATL--AVIS-MACERATA/MC004
8.17,8.17,e,MANOJLOVIC Loris,1998,JM,COLLECTION ATLETICA SAMBENEDET,2 sf- 3,Ancona,2016-02-07,https://www.fidal.it/atleta/MANOJLOVIC-Loris/e6iRk5agcGk%3D,https://www.fidal.it/societa/COLLECTION-ATLETICA-SAMBENEDET/AP034
8.2,8.20,e,CESCA Nicola,1997,JM,ATL. AVIS MACERATA,1 fi- 1,Ancona,2016-01-16,https://www.fidal.it/atleta/CESCA-Nicola/e6iRk5ijaWU%3D,https://www.fidal.it/societa/ATL--AVIS-MACERATA/MC004
8.21,8.21,e,CRNIGOJ Gabriele,1997,JM,ATLETICA MALIGNANI LIBERTAS UD,1 su- 1,Padova,2016-01-10,https://www.fidal.it/atleta/CRNIGOJ-Gabriele/eayRk5OhamY%3D,https://www.fidal.it/societa/ATLETICA-MALIGNANI-LIBERTAS-UD/UD030
8.21,8.21,e,CESCA Nicola,1997,JM,ATL. AVIS MACERATA,1 ba- 1,Ancona,2016-01-23,https://www.fidal.it/atleta/CESCA-Nicola/e6iRk5ijaWU%3D,https://www.fidal.it/societa/ATL--AVIS-MACERATA/MC004
8.26,8.26,e,BIGONI Marco,1998,JM,PRO SESTO ATL.,1 ba- 2,Padova,2016-01-17,https://www.fidal.it/atleta/BIGONI-Marco/dq2RlJKicGo%3D,https://www.fidal.it/societa/PRO-SESTO-ATL-/MI089
8.26,8.26,e,CESCA Nicola,1997,JM,ATL. AVIS MACERATA,1 ba- 1,Ancona,2016-02-07,https://www.fidal.it/atleta/CESCA-Nicola/e6iRk5ijaWU%3D,https://www.fidal.it/societa/ATL--AVIS-MACERATA/MC004
8.28,8.28,e,MANOJLOVIC Loris,1998,JM,COLLECTION ATLETICA SAMBENEDET,1 ba- 5,Ancona,2016-02-07,https://www.fidal.it/atleta/MANOJLOVIC-Loris/e6iRk5agcGk%3D,https://www.fidal.it/societa/COLLECTION-ATLETICA-SAMBENEDET/AP034
8.29,8.29,e,ORSATTI Matteo,1997,JM,C.U.S. PARMA,1 fi- 1,Modena,2016-01-09,https://www.fidal.it/atleta/ORSATTI-Matteo/eq6RkpeibmY%3D,https://www.fidal.it/societa/C-U-S--PARMA/PR068
8.29,8.29,e,BERTO Andrea,1997,JM,TREVISATLETICA,5 fi- 1,Ancona,2016-02-07,https://www.fidal.it/atleta/BERTO-Andrea/eKyRkpqoaGg%3D,https://www.fidal.it/societa/TREVISATLETICA/TV354
8.29,8.29,e,ORSATTI Matteo,1997,JM,C.U.S. PARMA,6 fi- 1,Ancona,2016-02-07,https://www.fidal.it/atleta/ORSATTI-Matteo/eq6RkpeibmY%3D,https://www.fidal.it/societa/C-U-S--PARMA/PR068
8.3,8.30,e,BIGONI Marco,1998,JM,PRO SESTO ATL.,1 fi- 1,Padova,2016-01-17,https://www.fidal.it/atleta/BIGONI-Marco/dq2RlJKicGo%3D,https://www.fidal.it/societa/PRO-SESTO-ATL-/MI089
8.31,8.31,e,ORSATTI Matteo,1997,JM,C.U.S. PARMA,1 ba- 1,Modena,2016-01-23,https://www.fidal.it/atleta/ORSATTI-Matteo/eq6RkpeibmY%3D,https://www.fidal.it/societa/C-U-S--PARMA/PR068
8.31,8.31,e,BRINI Michele,1998,JM,ATL. IMOLA SACMI AVIS,7 fi- 1,Ancona,2016-02-07,https://www.fidal.it/atleta/BRINI-Michele/eqiRlpKicGw%3D,https://www.fidal.it/societa/ATL--IMOLA-SACMI-AVIS/BO014
8.32,8.32,e,CESCA Nicola,1997,JM,ATL. AVIS MACERATA,1 ba- 1,Ancona,2016-01-16,https://www.fidal.it/atleta/CESCA-Nicola/e6iRk5ijaWU%3D,https://www.fidal.it/societa/ATL--AVIS-MACERATA/MC004
8.32,8.32,e,BRINI Michele,1998,JM,ATL. IMOLA SACMI AVIS,1 fi- 1,Modena,2016-01-16,https://www.fidal.it/atleta/BRINI-Michele/eqiRlpKicGw%3D,https://www.fidal.it/societa/ATL--IMOLA-SACMI-AVIS/BO014
8.32,8.32,e,GIACALONE Nicolo',1997,JM,FIAMME GIALLE G. SIMONI,8 fi- 1,Ancona,2016-02-07,https://www.fidal.it/atleta/GIACALONE-Nicolo-/f6yRkpama2w%3D,https://www.fidal.it/societa/FIAMME-GIALLE-G--SIMONI/RM057
8.32,8.32,e,MANOJLOVIC Loris,1998,JM,COLLECTION ATLETICA SAMBENEDET,1 ba- 3,Modena,2016-02-28,https://www.fidal.it/atleta/MANOJLOVIC-Loris/e6iRk5agcGk%3D,https://www.fidal.it/societa/COLLECTION-ATLETICA-SAMBENEDET/AP034
8.32,8.32,e,ROSSI Federico,1997,JM,ATLETICA MALIGNANI LIBERTAS UD,1 fi- 1,Modena,2016-02-28,https://www.fidal.it/atleta/ROSSI-Federico/eayRk5OmaGQ%3D,https://www.fidal.it/societa/ATLETICA-MALIGNANI-LIBERTAS-UD/UD030
8.33,8.33,e,ORSATTI Matteo,1997,JM,C.U.S. PARMA,2 fi- 1,Modena,2016-02-28,https://www.fidal.it/atleta/ORSATTI-Matteo/eq6RkpeibmY%3D,https://www.fidal.it/societa/C-U-S--PARMA/PR068
8.34,8.34,e,DEL TORRE Riccardo,1997,JM,ATLETICA MALIGNANI LIBERTAS UD,2 su- 1,Udine,2016-01-30,https://www.fidal.it/atleta/DEL-TORRE-Riccardo/eayRk5SocWU%3D,https://www.fidal.it/societa/ATLETICA-MALIGNANI-LIBERTAS-UD/UD030
8.34,8.34,e,ROSSI Federico,1997,JM,ATLETICA MALIGNANI LIBERTAS UD,1 fi- 1,Padova,2016-02-21,https://www.fidal.it/atleta/ROSSI-Federico/eayRk5OmaGQ%3D,https://www.fidal.it/societa/ATLETICA-MALIGNANI-LIBERTAS-UD/UD030
8.35,8.35,e,ORSATTI Matteo,1997,JM,C.U.S. PARMA,2 fi- 1,Modena,2016-01-16,https://www.fidal.it/atleta/ORSATTI-Matteo/eq6RkpeibmY%3D,https://www.fidal.it/societa/C-U-S--PARMA/PR068
8.35,8.35,e,ORSATTI Matteo,1997,JM,C.U.S. PARMA,2 ba- 5,Ancona,2016-02-07,https://www.fidal.it/atleta/ORSATTI-Matteo/eq6RkpeibmY%3D,https://www.fidal.it/societa/C-U-S--PARMA/PR068
8.35,8.35,e,GIACALONE Nicolo',1997,JM,FIAMME GIALLE G. SIMONI,2 sf- 1,Ancona,2016-02-07,https://www.fidal.it/atleta/GIACALONE-Nicolo-/f6yRkpama2w%3D,https://www.fidal.it/societa/FIAMME-GIALLE-G--SIMONI/RM057
8.36,8.36,e,MANOJLOVIC Loris,1998,JM,COLLECTION ATLETICA SAMBENEDET,1 ba- 2,Ancona,2016-01-16,https://www.fidal.it/atleta/MANOJLOVIC-Loris/e6iRk5agcGk%3D,https://www.fidal.it/societa/COLLECTION-ATLETICA-SAMBENEDET/AP034
8.36,8.36,e,DEL TORRE Riccardo,1997,JM,ATLETICA MALIGNANI LIBERTAS UD,1 su- 1,Padova,2016-01-23,https://www.fidal.it/atleta/DEL-TORRE-Riccardo/eayRk5SocWU%3D,https://www.fidal.it/societa/ATLETICA-MALIGNANI-LIBERTAS-UD/UD030
8.36,8.36,e,ORSATTI Matteo,1997,JM,C.U.S. PARMA,3 sf- 1,Ancona,2016-02-07,https://www.fidal.it/atleta/ORSATTI-Matteo/eq6RkpeibmY%3D,https://www.fidal.it/societa/C-U-S--PARMA/PR068
8.36,8.36,e,BERTO Andrea,1997,JM,TREVISATLETICA,3 sf- 3,Ancona,2016-02-07,https://www.fidal.it/atleta/BERTO-Andrea/eKyRkpqoaGg%3D,https://www.fidal.it/societa/TREVISATLETICA/TV354
8.36,8.36,e,TESI Emilio,1998,JM,CENTRO ATLETICA PIOMBINO,4 sf- 1,Ancona,2016-02-07,https://www.fidal.it/atleta/TESI-Emilio/fayRkpWgaWs%3D,https://www.fidal.it/societa/CENTRO-ATLETICA-PIOMBINO/LI038
8.37,8.37,e,BRINI Michele,1998,JM,ATL. IMOLA SACMI AVIS,2 sf- 2,Ancona,2016-02-07,https://www.fidal.it/atleta/BRINI-Michele/eqiRlpKicGw%3D,https://www.fidal.it/societa/ATL--IMOLA-SACMI-AVIS/BO014
8.37,8.37,e,ROSSI Federico,1997,JM,ATLETICA MALIGNANI LIBERTAS UD,1 ba- 1,Padova,2016-02-21,https://www.fidal.it/atleta/ROSSI-Federico/eayRk5OmaGQ%3D,https://www.fidal.it/societa/ATLETICA-MALIGNANI-LIBERTAS-UD/UD030
8.37,8.37,e,BERTO Andrea,1997,JM,TREVISATLETICA,3 fi- 1,Modena,2016-02-28,https://www.fidal.it/atleta/BERTO-Andrea/eKyRkpqoaGg%3D,https://www.fidal.it/societa/TREVISATLETICA/TV354
8.38,8.38,e,GIACALONE Nicolo',1997,JM,FIAMME GIALLE G. SIMONI,2 ba- 2,Ancona,2016-02-07,https://www.fidal.it/atleta/GIACALONE-Nicolo-/f6yRkpama2w%3D,https://www.fidal.it/societa/FIAMME-GIALLE-G--SIMONI/RM057
8.38,8.38,e,ORSATTI Matteo,1997,JM,C.U.S. PARMA,1 ba- 1,Modena,2016-02-28,https://www.fidal.it/atleta/ORSATTI-Matteo/eq6RkpeibmY%3D,https://www.fidal.it/societa/C-U-S--PARMA/PR068
8.39,8.39,e,GIACALONE Nicolo',1997,JM,FIAMME GIALLE G. SIMONI,1 fi- 1,Roma,2016-01-31,https://www.fidal.it/atleta/GIACALONE-Nicolo-/f6yRkpama2w%3D,https://www.fidal.it/societa/FIAMME-GIALLE-G--SIMONI/RM057
8.39,8.39,e,MARCHETTI Giovanni,1998,JM,S.E.F. VIRTUS EMILSIDER BO,3 sf- 2,Ancona,2016-02-07,https://www.fidal.it/atleta/MARCHETTI-Giovanni/eqiRlpmoaGw%3D,https://www.fidal.it/societa/S-E-F--VIRTUS-EMILSIDER-BO/BO007
8.4,8.40,e,MOLA Vincenzo francesco,1997,JM,AMATORI ATL. ACQUAVIVA,4 sf- 2,Ancona,2016-02-07,https://www.fidal.it/atleta/MOLA-Vincenzo-francesco/hKiSmpWgcGM%3D,https://www.fidal.it/societa/AMATORI-ATL--ACQUAVIVA/BA005
8.4,8.40,e,BERTO Andrea,1997,JM,TREVISATLETICA,2 ba- 1,Padova,2016-02-21,https://www.fidal.it/atleta/BERTO-Andrea/eKyRkpqoaGg%3D,https://www.fidal.it/societa/TREVISATLETICA/TV354
8.4,8.40,e,ROSSI Federico,1997,JM,ATLETICA MALIGNANI LIBERTAS UD,1 ba- 2,Modena,2016-02-28,https://www.fidal.it/atleta/ROSSI-Federico/eayRk5OmaGQ%3D,https://www.fidal.it/societa/ATLETICA-MALIGNANI-LIBERTAS-UD/UD030
8.4,8.40,e,TESI Emilio,1998,JM,CENTRO ATLETICA PIOMBINO,4 fi- 1,Modena,2016-02-28,https://www.fidal.it/atleta/TESI-Emilio/fayRkpWgaWs%3D,https://www.fidal.it/societa/CENTRO-ATLETICA-PIOMBINO/LI038
8.42,8.42,e,BRINI Michele,1998,JM,ATL. IMOLA SACMI AVIS,2 fi- 1,Modena,2016-01-09,https://www.fidal.it/atleta/BRINI-Michele/eqiRlpKicGw%3D,https://www.fidal.it/societa/ATL--IMOLA-SACMI-AVIS/BO014
8.42,8.42,e,BRINI Michele,1998,JM,ATL. IMOLA SACMI AVIS,1 ba- 1,Modena,2016-01-16,https://www.fidal.it/atleta/BRINI-Michele/eqiRlpKicGw%3D,https://www.fidal.it/societa/ATL--IMOLA-SACMI-AVIS/BO014
8.42,8.42,e,ORSATTI Matteo,1997,JM,C.U.S. PARMA,2 fi- 1,Padova,2016-01-17,https://www.fidal.it/atleta/ORSATTI-Matteo/eq6RkpeibmY%3D,https://www.fidal.it/societa/C-U-S--PARMA/PR068
8.42,8.42,e,LEONE Marco,1998,JM,ATL. LECCO-COLOMBO COSTRUZ.,5 sf- 2,Ancona,2016-02-07,https://www.fidal.it/atleta/LEONE-Marco/dquRkpWmaGg%3D,https://www.fidal.it/societa/ATL--LECCO-COLOMBO-COSTRUZ-/CO208
8.42,8.42,e,BERTO Andrea,1997,JM,TREVISATLETICA,2 fi- 1,Padova,2016-02-21,https://www.fidal.it/atleta/BERTO-Andrea/eKyRkpqoaGg%3D,https://www.fidal.it/societa/TREVISATLETICA/TV354
8.42,8.42,e,BERTO Andrea,1997,JM,TREVISATLETICA,2 ba- 1,Modena,2016-02-28,https://www.fidal.it/atleta/BERTO-Andrea/eKyRkpqoaGg%3D,https://www.fidal.it/societa/TREVISATLETICA/TV354
8.43,8.43,e,MANOJLOVIC Loris,1998,JM,COLLECTION ATLETICA SAMBENEDET,2 fi- 1,Ancona,2016-01-16,https://www.fidal.it/atleta/MANOJLOVIC-Loris/e6iRk5agcGk%3D,https://www.fidal.it/societa/COLLECTION-ATLETICA-SAMBENEDET/AP034
8.43,8.43,e,MOLA Vincenzo francesco,1997,JM,AMATORI ATL. ACQUAVIVA,2 fi- 1,Ancona,2016-01-23,https://www.fidal.it/atleta/MOLA-Vincenzo-francesco/hKiSmpWgcGM%3D,https://www.fidal.it/societa/AMATORI-ATL--ACQUAVIVA/BA005
8.43,8.43,e,LEONE Marco,1998,JM,ATL. LECCO-COLOMBO COSTRUZ.,2 ba- 1,Ancona,2016-02-07,https://www.fidal.it/atleta/LEONE-Marco/dquRkpWmaGg%3D,https://www.fidal.it/societa/ATL--LECCO-COLOMBO-COSTRUZ-/CO208
8.44,8.44,e,BERGAMASCHI Matteo,1998,JM,C.U.S. PARMA,6 sf- 2,Ancona,2016-02-07,https://www.fidal.it/atleta/BERGAMASCHI-Matteo/eq6RkpWmaWM%3D,https://www.fidal.it/societa/C-U-S--PARMA/PR068
8.45,8.45,e,BERTO Andrea,1997,JM,TREVISATLETICA,2 ba- 3,Ancona,2016-02-07,https://www.fidal.it/atleta/BERTO-Andrea/eKyRkpqoaGg%3D,https://www.fidal.it/societa/TREVISATLETICA/TV354
8.45,8.45,e,FURLANETTO Marino,1998,JM,S.S. TRIONFO LIGURE,5 sf- 1,Ancona,2016-02-07,https://www.fidal.it/atleta/FURLANETTO-Marino/dayRkpOlbGk%3D,https://www.fidal.it/societa/S-S--TRIONFO-LIGURE/GE003
8.45,8.45,e,FURLANETTO Marino,1998,JM,S.S. TRIONFO LIGURE,2 ba- 3,Modena,2016-02-28,https://www.fidal.it/atleta/FURLANETTO-Marino/dayRkpOlbGk%3D,https://www.fidal.it/societa/S-S--TRIONFO-LIGURE/GE003
8.46,8.46,e,ORSATTI Matteo,1997,JM,C.U.S. PARMA,1 fi- 1,Modena,2016-01-23,https://www.fidal.it/atleta/ORSATTI-Matteo/eq6RkpeibmY%3D,https://www.fidal.it/societa/C-U-S--PARMA/PR068
8.46,8.46,e,MOLA Vincenzo francesco,1997,JM,AMATORI ATL. ACQUAVIVA,3 ba- 3,Ancona,2016-02-07,https://www.fidal.it/atleta/MOLA-Vincenzo-francesco/hKiSmpWgcGM%3D,https://www.fidal.it/societa/AMATORI-ATL--ACQUAVIVA/BA005
8.47,8.47,e,MOLA Vincenzo francesco,1997,JM,AMATORI ATL. ACQUAVIVA,2 ba- 1,Ancona,2016-01-23,https://www.fidal.it/atleta/MOLA-Vincenzo-francesco/hKiSmpWgcGM%3D,https://www.fidal.it/societa/AMATORI-ATL--ACQUAVIVA/BA005
8.47,8.47,e,NWACHUKWU Gift chukwudi,1998,JM,ATL.VICENTINA,6 sf- 1,Ancona,2016-02-07,https://www.fidal.it/atleta/NWACHUKWU-Gift-chukwudi/eK6RkpaibWY%3D,https://www.fidal.it/societa/ATL-VICENTINA/VI626
8.47,8.47,e,FURLANETTO Marino,1998,JM,S.S. TRIONFO LIGURE,5 fi- 1,Modena,2016-02-28,https://www.fidal.it/atleta/FURLANETTO-Marino/dayRkpOlbGk%3D,https://www.fidal.it/societa/S-S--TRIONFO-LIGURE/GE003
8.48,8.48,e,MARCHETTI Giovanni,1998,JM,S.E.F. VIRTUS EMILSIDER BO,3 fi- 1,Modena,2016-01-09,https://www.fidal.it/atleta/MARCHETTI-Giovanni/eqiRlpmoaGw%3D,https://www.fidal.it/societa/S-E-F--VIRTUS-EMILSIDER-BO/BO007
8.48,8.48,e,MARCHETTI Giovanni,1998,JM,S.E.F. VIRTUS EMILSIDER BO,3 fi- 1,Modena,2016-01-16,https://www.fidal.it/atleta/MARCHETTI-Giovanni/eqiRlpmoaGw%3D,https://www.fidal.it/societa/S-E-F--VIRTUS-EMILSIDER-BO/BO007
8.48,8.48,e,TESI Emilio,1998,JM,CENTRO ATLETICA PIOMBINO,3 ba- 2,Ancona,2016-02-07,https://www.fidal.it/atleta/TESI-Emilio/fayRkpWgaWs%3D,https://www.fidal.it/societa/CENTRO-ATLETICA-PIOMBINO/LI038
8.48,8.48,e,LONGONI Stefano,1975,SM40,ATL. LECCO-COLOMBO COSTRUZ.,1 su- 1,Ancona,2016-02-27,https://www.fidal.it/atleta/LONGONI-Stefano/dqiRkpagaGo%3D,https://www.fidal.it/societa/ATL--LECCO-COLOMBO-COSTRUZ-/CO208
8.49,8.49,e,RETTORI Francesco,1997,JM,TOSCANA ATLETICA FUTURA,1 fi- 1,Firenze,2016-01-16,https://www.fidal.it/atleta/RETTORI-Francesco/faqRkpSla2Y%3D,https://www.fidal.it/societa/TOSCANA-ATLETICA-FUTURA/FI018
8.49,8.49,e,BRINI Michele,1998,JM,ATL. IMOLA SACMI AVIS,1 ba- 4,Ancona,2016-02-07,https://www.fidal.it/atleta/BRINI-Michele/eqiRlpKicGw%3D,https://www.fidal.it/societa/ATL--IMOLA-SACMI-AVIS/BO014
8.49,8.49,e,DEL TORRE Riccardo,1997,JM,ATLETICA MALIGNANI LIBERTAS UD,2 ba- 4,Ancona,2016-02-07,https://www.fidal.it/atleta/DEL-TORRE-Riccardo/eayRk5SocWU%3D,https://www.fidal.it/societa/ATLETICA-MALIGNANI-LIBERTAS-UD/UD030
8.49,8.49,e,CUCULO Jacopo,1997,JM,S.A.F.ATLETICA PIEMONTE A.S.D.,4 ba- 2,Ancona,2016-02-07,https://www.fidal.it/atleta/CUCULO-Jacopo/dK6RlpKhbWg%3D,https://www.fidal.it/societa/S-A-F-ATLETICA-PIEMONTE-A-S-D-/TO226
8.5,8.50,e,ORSATTI Matteo,1997,JM,C.U.S. PARMA,1 ba- 1,Modena,2016-01-09,https://www.fidal.it/atleta/ORSATTI-Matteo/eq6RkpeibmY%3D,https://www.fidal.it/societa/C-U-S--PARMA/PR068
8.5,8.50,e,GIACALONE Nicolo',1997,JM,FIAMME GIALLE G. SIMONI,1 ba- 1,Roma,2016-01-31,https://www.fidal.it/atleta/GIACALONE-Nicolo-/f6yRkpama2w%3D,https://www.fidal.it/societa/FIAMME-GIALLE-G--SIMONI/RM057
8.51,8.51,e,RETTORI Francesco,1997,JM,TOSCANA ATLETICA FUTURA,4 fi- 1,Modena,2016-01-09,https://www.fidal.it/atleta/RETTORI-Francesco/faqRkpSla2Y%3D,https://www.fidal.it/societa/TOSCANA-ATLETICA-FUTURA/FI018
8.51,8.51,e,RETTORI Francesco,1997,JM,TOSCANA ATLETICA FUTURA,1 ba- 1,Firenze,2016-01-16,https://www.fidal.it/atleta/RETTORI-Francesco/faqRkpSla2Y%3D,https://www.fidal.it/societa/TOSCANA-ATLETICA-FUTURA/FI018
8.51,8.51,e,FURLANETTO Marino,1998,JM,S.S. TRIONFO LIGURE,3 ba- 4,Ancona,2016-02-07,https://www.fidal.it/atleta/FURLANETTO-Marino/dayRkpOlbGk%3D,https://www.fidal.it/societa/S-S--TRIONFO-LIGURE/GE003
8.51,8.51,e,BERGAMASCHI Matteo,1998,JM,C.U.S. PARMA,4 ba- 4,Ancona,2016-02-07,https://www.fidal.it/atleta/BERGAMASCHI-Matteo/eq6RkpWmaWM%3D,https://www.fidal.it/societa/C-U-S--PARMA/PR068
8.52,8.52,e,BRINI Michele,1998,JM,ATL. IMOLA SACMI AVIS,2 ba- 1,Modena,2016-01-09,https://www.fidal.it/atleta/BRINI-Michele/eqiRlpKicGw%3D,https://www.fidal.it/societa/ATL--IMOLA-SACMI-AVIS/BO014
8.52,8.52,e,ORSATTI Matteo,1997,JM,C.U.S. PARMA,2 ba- 1,Modena,2016-01-16,https://www.fidal.it/atleta/ORSATTI-Matteo/eq6RkpeibmY%3D,https://www.fidal.it/societa/C-U-S--PARMA/PR068
8.52,8.52,e,MANGANOZZI Matteo,1997,JM,S.S. LAZIO ATLETICA LEGGERA,2 ba- 1,Roma,2016-01-31,https://www.fidal.it/atleta/MANGANOZZI-Matteo/f6yRkpOnaWU%3D,https://www.fidal.it/societa/S-S--LAZIO-ATLETICA-LEGGERA/RM050
8.52,8.52,e,ROBBIN Jean marie,1998,JM,ATLETICA SANDRO CALVESI,7 sf- 1,Ancona,2016-02-07,https://www.fidal.it/atleta/ROBBIN-Jean-marie/dKqRkpKhcGM%3D,https://www.fidal.it/societa/ATLETICA-SANDRO-CALVESI/AO004
8.52,8.52,e,LONGONI Stefano,1975,SM40,ATL. LECCO-COLOMBO COSTRUZ.,1 su- 1,Ancona,2016-04-02,https://www.fidal.it/atleta/LONGONI-Stefano/dqiRkpagaGo%3D,https://www.fidal.it/societa/ATL--LECCO-COLOMBO-COSTRUZ-/CO208
8.53,8.53,e,BERTO Andrea,1997,JM,TREVISATLETICA,2 su- 1,Padova,2016-01-10,https://www.fidal.it/atleta/BERTO-Andrea/eKyRkpqoaGg%3D,https://www.fidal.it/societa/TREVISATLETICA/TV354
8.54,8.54,e,BERTO Andrea,1997,JM,TREVISATLETICA,3 fi- 1,Padova,2016-01-17,https://www.fidal.it/atleta/BERTO-Andrea/eKyRkpqoaGg%3D,https://www.fidal.it/societa/TREVISATLETICA/TV354
8.54,8.54,e,MARCHETTI Giovanni,1998,JM,S.E.F. VIRTUS EMILSIDER BO,3 ba- 1,Ancona,2016-02-07,https://www.fidal.it/atleta/MARCHETTI-Giovanni/eqiRlpmoaGw%3D,https://www.fidal.it/societa/S-E-F--VIRTUS-EMILSIDER-BO/BO007
8.54,8.54,e,TESI Emilio,1998,JM,CENTRO ATLETICA PIOMBINO,2 ba- 2,Modena,2016-02-28,https://www.fidal.it/atleta/TESI-Emilio/fayRkpWgaWs%3D,https://www.fidal.it/societa/CENTRO-ATLETICA-PIOMBINO/LI038
8.55,8.55,e,TESI Emilio,1998,JM,CENTRO ATLETICA PIOMBINO,2 ba- 1,Firenze,2016-01-16,https://www.fidal.it/atleta/TESI-Emilio/fayRkpWgaWs%3D,https://www.fidal.it/societa/CENTRO-ATLETICA-PIOMBINO/LI038
8.55,8.55,e,MARCONE Tommaso,1997,JM,ASD ATL. VOMANO GRAN SASSO,4 sf- 3,Ancona,2016-02-07,https://www.fidal.it/atleta/MARCONE-Tommaso/gayRkpKia2o%3D,https://www.fidal.it/societa/ASD-ATL--VOMANO-GRAN-SASSO/TE049
8.55,8.55,e,PAGLIUCA Riccardo,1997,JM,ACSI CAMPIDOGLIO PALATINO,7 sf- 2,Ancona,2016-02-07,https://www.fidal.it/atleta/PAGLIUCA-Riccardo/f6yRkpWkbGg%3D,https://www.fidal.it/societa/ACSI-CAMPIDOGLIO-PALATINO/RM046
8.55,8.55,e,VILLA Andrea,1998,JM,O.S.A. SARONNO LIB.,8 sf- 1,Ancona,2016-02-07,https://www.fidal.it/atleta/VILLA-Andrea/drKRkpana2c%3D,https://www.fidal.it/societa/O-S-A--SARONNO-LIB-/VA119
8.55,8.55,e,BELTRAME Giacomo,1998,JM,ATLETICA MALIGNANI LIBERTAS UD,3 ba- 1,Modena,2016-02-28,https://www.fidal.it/atleta/BELTRAME-Giacomo/eayRk5Olb2g%3D,https://www.fidal.it/societa/ATLETICA-MALIGNANI-LIBERTAS-UD/UD030
8.55,8.55,e,MARCHETTI Giovanni,1998,JM,S.E.F. VIRTUS EMILSIDER BO,3 ba- 3,Modena,2016-02-28,https://www.fidal.it/atleta/MARCHETTI-Giovanni/eqiRlpmoaGw%3D,https://www.fidal.it/societa/S-E-F--VIRTUS-EMILSIDER-BO/BO007
8.56,8.56,e,MASTRIPPOLITO Giovanni,1998,JM,S.E.F. VIRTUS EMILSIDER BO,4 fi- 1,Modena,2016-01-16,https://www.fidal.it/atleta/MASTRIPPOLITO-Giovanni/eqiRlpOoa2Q%3D,https://www.fidal.it/societa/S-E-F--VIRTUS-EMILSIDER-BO/BO007
8.56,8.56,e,BELTRAME Giacomo,1998,JM,ATLETICA MALIGNANI LIBERTAS UD,3 su- 1,Udine,2016-01-30,https://www.fidal.it/atleta/BELTRAME-Giacomo/eayRk5Olb2g%3D,https://www.fidal.it/societa/ATLETICA-MALIGNANI-LIBERTAS-UD/UD030
8.56,8.56,e,BOZZA Matteo,1998,JM,ATL BRUGNERA PN FRIULINTAGLI,4 su- 1,Udine,2016-01-30,https://www.fidal.it/atleta/BOZZA-Matteo/eaqRkpqiamw%3D,https://www.fidal.it/societa/ATL-BRUGNERA-PN-FRIULINTAGLI/PN039
8.56,8.56,e,MARCONE Tommaso,1997,JM,ASD ATL. VOMANO GRAN SASSO,3 ba- 5,Ancona,2016-02-07,https://www.fidal.it/atleta/MARCONE-Tommaso/gayRkpKia2o%3D,https://www.fidal.it/societa/ASD-ATL--VOMANO-GRAN-SASSO/TE049
8.56,8.56,e,CUCULO Jacopo,1997,JM,S.A.F.ATLETICA PIEMONTE A.S.D.,3 su- 1,Lione,2016-02-21,https://www.fidal.it/atleta/CUCULO-Jacopo/dK6RlpKhbWg%3D,https://www.fidal.it/societa/S-A-F-ATLETICA-PIEMONTE-A-S-D-/TO226
8.57,8.57,e,BERTO Andrea,1997,JM,TREVISATLETICA,1 ba- 1,Padova,2016-01-17,https://www.fidal.it/atleta/BERTO-Andrea/eKyRkpqoaGg%3D,https://www.fidal.it/societa/TREVISATLETICA/TV354
8.57,8.57,e,ROBBIN Jean marie,1998,JM,ATLETICA SANDRO CALVESI,2 su- 1,Padova,2016-01-23,https://www.fidal.it/atleta/ROBBIN-Jean-marie/dKqRkpKhcGM%3D,https://www.fidal.it/societa/ATLETICA-SANDRO-CALVESI/AO004
8.57,8.57,e,VILLA Andrea,1998,JM,O.S.A. SARONNO LIB.,4 ba- 5,Ancona,2016-02-07,https://www.fidal.it/atleta/VILLA-Andrea/drKRkpana2c%3D,https://www.fidal.it/societa/O-S-A--SARONNO-LIB-/VA119
8.58,8.58,e,BOSCOLI Nicola,1998,JM,CUS FERRARA A.S.D.,2 ba- 1,Modena,2016-01-23,https://www.fidal.it/atleta/BOSCOLI-Nicola/eqqRkpKlaGg%3D,https://www.fidal.it/societa/CUS-FERRARA-A-S-D-/FE026
8.58,8.58,e,CUCULO Jacopo,1997,JM,S.A.F.ATLETICA PIEMONTE A.S.D.,5 sf- 3,Ancona,2016-02-07,https://www.fidal.it/atleta/CUCULO-Jacopo/dK6RlpKhbWg%3D,https://www.fidal.it/societa/S-A-F-ATLETICA-PIEMONTE-A-S-D-/TO226
8.58,8.58,e,PATTERSON CAMPBELL Eddy richard,1998,JM,A.S. ATLETICA SARZANA,3 ba- 2,Modena,2016-02-28,https://www.fidal.it/atleta/PATTERSON-CAMPBELL-Eddy-richard/dauRkpOgcGU%3D,https://www.fidal.it/societa/A-S--ATLETICA-SARZANA/SP042
8.59,8.59,e,DEL TORRE Riccardo,1997,JM,ATLETICA MALIGNANI LIBERTAS UD,2 su- 1,Udine,2016-01-16,https://www.fidal.it/atleta/DEL-TORRE-Riccardo/eayRk5SocWU%3D,https://www.fidal.it/societa/ATLETICA-MALIGNANI-LIBERTAS-UD/UD030
8.59,8.59,e,BOZZA Matteo,1998,JM,ATL BRUGNERA PN FRIULINTAGLI,5 ba- 4,Ancona,2016-02-07,https://www.fidal.it/atleta/BOZZA-Matteo/eaqRkpqiamw%3D,https://www.fidal.it/societa/ATL-BRUGNERA-PN-FRIULINTAGLI/PN039
8.6,8.60,e,MASTRIPPOLITO Giovanni,1998,JM,S.E.F. VIRTUS EMILSIDER BO,1 ba- 2,Modena,2016-01-16,https://www.fidal.it/atleta/MASTRIPPOLITO-Giovanni/eqiRlpOoa2Q%3D,https://www.fidal.it/societa/S-E-F--VIRTUS-EMILSIDER-BO/BO007
8.6,8.60,e,LEONE Marco,1998,JM,ATL. LECCO-COLOMBO COSTRUZ.,1 se- 1,Padova,2016-01-24,https://www.fidal.it/atleta/LEONE-Marco/dquRkpWmaGg%3D,https://www.fidal.it/societa/ATL--LECCO-COLOMBO-COSTRUZ-/CO208
8.6,8.60,e,PAGLIUCA Riccardo,1997,JM,ACSI CAMPIDOGLIO PALATINO,1 su- 1,Roma,2016-01-24,https://www.fidal.it/atleta/PAGLIUCA-Riccardo/f6yRkpWkbGg%3D,https://www.fidal.it/societa/ACSI-CAMPIDOGLIO-PALATINO/RM046
8.6,8.60,e,GIACALONE Nicolo',1997,JM,FIAMME GIALLE G. SIMONI,2 su- 1,Roma,2016-01-24,https://www.fidal.it/atleta/GIACALONE-Nicolo-/f6yRkpama2w%3D,https://www.fidal.it/societa/FIAMME-GIALLE-G--SIMONI/RM057
8.6,8.60,e,BRINI Michele,1998,JM,ATL. IMOLA SACMI AVIS,1 ba- 1,Ancona,2016-01-31,https://www.fidal.it/atleta/BRINI-Michele/eqiRlpKicGw%3D,https://www.fidal.it/societa/ATL--IMOLA-SACMI-AVIS/BO014
8.6,8.60,e,BELTRAME Giacomo,1998,JM,ATLETICA MALIGNANI LIBERTAS UD,5 ba- 5,Ancona,2016-02-07,https://www.fidal.it/atleta/BELTRAME-Giacomo/eayRk5Olb2g%3D,https://www.fidal.it/societa/ATLETICA-MALIGNANI-LIBERTAS-UD/UD030
8.61,8.61,e,ORSATTI Matteo,1997,JM,C.U.S. PARMA,2 ba- 2,Padova,2016-01-17,https://www.fidal.it/atleta/ORSATTI-Matteo/eq6RkpeibmY%3D,https://www.fidal.it/societa/C-U-S--PARMA/PR068
8.61,8.61,e,BELLINI Nicolo',1997,JM,ATL.CAPANNE PRO LOCO ATHL.TEAM,3 ba- 1,Ancona,2016-01-23,https://www.fidal.it/atleta/BELLINI-Nicolo-/fqqRkpKkbGo%3D,https://www.fidal.it/societa/ATL-CAPANNE-PRO-LOCO-ATHL-TEAM/PG014
8.61,8.61,e,BELLINI Nicolo',1997,JM,ATL.CAPANNE PRO LOCO ATHL.TEAM,3 fi- 1,Ancona,2016-01-23,https://www.fidal.it/atleta/BELLINI-Nicolo-/fqqRkpKkbGo%3D,https://www.fidal.it/societa/ATL-CAPANNE-PRO-LOCO-ATHL-TEAM/PG014
8.61,8.61,e,MANGANOZZI Matteo,1997,JM,S.S. LAZIO ATLETICA LEGGERA,4 ba- 1,Ancona,2016-02-07,https://www.fidal.it/atleta/MANGANOZZI-Matteo/f6yRkpOnaWU%3D,https://www.fidal.it/societa/S-S--LAZIO-ATLETICA-LEGGERA/RM050
8.61,8.61,e,NWACHUKWU Gift chukwudi,1998,JM,ATL.VICENTINA,4 ba- 3,Ancona,2016-02-07,https://www.fidal.it/atleta/NWACHUKWU-Gift-chukwudi/eK6RkpaibWY%3D,https://www.fidal.it/societa/ATL-VICENTINA/VI626
8.62,8.62,e,ROBBIN Jean marie,1998,JM,ATLETICA SANDRO CALVESI,1 ba- 1,Aosta,2016-01-17,https://www.fidal.it/atleta/ROBBIN-Jean-marie/dKqRkpKhcGM%3D,https://www.fidal.it/societa/ATLETICA-SANDRO-CALVESI/AO004
8.62,8.62,e,ROBBIN Jean marie,1998,JM,ATLETICA SANDRO CALVESI,1 fi- 1,Aosta,2016-01-17,https://www.fidal.it/atleta/ROBBIN-Jean-marie/dKqRkpKhcGM%3D,https://www.fidal.it/societa/ATLETICA-SANDRO-CALVESI/AO004
8.62,8.62,e,TESI Emilio,1998,JM,CENTRO ATLETICA PIOMBINO,1 fi- 1,Firenze,2016-01-23,https://www.fidal.it/atleta/TESI-Emilio/fayRkpWgaWs%3D,https://www.fidal.it/societa/CENTRO-ATLETICA-PIOMBINO/LI038
8.63,8.63,e,MARCHETTI Giovanni,1998,JM,S.E.F. VIRTUS EMILSIDER BO,3 ba- 1,Modena,2016-01-09,https://www.fidal.it/atleta/MARCHETTI-Giovanni/eqiRlpmoaGw%3D,https://www.fidal.it/societa/S-E-F--VIRTUS-EMILSIDER-BO/BO007
8.63,8.63,e,BOZZA Matteo,1998,JM,ATL BRUGNERA PN FRIULINTAGLI,3 su- 1,Udine,2016-01-16,https://www.fidal.it/atleta/BOZZA-Matteo/eaqRkpqiamw%3D,https://www.fidal.it/societa/ATL-BRUGNERA-PN-FRIULINTAGLI/PN039
8.63,8.63,e,PAGLIUCA Riccardo,1997,JM,ACSI CAMPIDOGLIO PALATINO,5 ba- 1,Ancona,2016-02-07,https://www.fidal.it/atleta/PAGLIUCA-Riccardo/f6yRkpWkbGg%3D,https://www.fidal.it/societa/ACSI-CAMPIDOGLIO-PALATINO/RM046
8.64,8.64,e,TESI Emilio,1998,JM,CENTRO ATLETICA PIOMBINO,2 fi- 1,Firenze,2016-01-16,https://www.fidal.it/atleta/TESI-Emilio/fayRkpWgaWs%3D,https://www.fidal.it/societa/CENTRO-ATLETICA-PIOMBINO/LI038
8.64,8.64,e,RENSI Luca,1998,JM,ATL.  VALLI DI NON E SOLE,2 ba- 1,Padova,2016-01-17,https://www.fidal.it/atleta/RENSI-Luca/d6iRk5SjcWU%3D,https://www.fidal.it/societa/ATL--VALLI-DI-NON-E-SOLE/TN102
8.64,8.64,e,BELLINI Nicolo',1997,JM,ATL.CAPANNE PRO LOCO ATHL.TEAM,1 fi- 1,Ancona,2016-01-31,https://www.fidal.it/atleta/BELLINI-Nicolo-/fqqRkpKkbGo%3D,https://www.fidal.it/societa/ATL-CAPANNE-PRO-LOCO-ATHL-TEAM/PG014
8.64,8.64,e,BELLINI Nicolo',1997,JM,ATL.CAPANNE PRO LOCO ATHL.TEAM,2 ba- 1,Ancona,2016-01-31,https://www.fidal.it/atleta/BELLINI-Nicolo-/fqqRkpKkbGo%3D,https://www.fidal.it/societa/ATL-CAPANNE-PRO-LOCO-ATHL-TEAM/PG014
8.65,8.65,e,RETTORI Francesco,1997,JM,TOSCANA ATLETICA FUTURA,4 ba- 1,Modena,2016-01-09,https://www.fidal.it/atleta/RETTORI-Francesco/faqRkpSla2Y%3D,https://www.fidal.it/societa/TOSCANA-ATLETICA-FUTURA/FI018
8.65,8.65,e,BOSCOLI Nicola,1998,JM,CUS FERRARA A.S.D.,5 fi- 1,Modena,2016-01-09,https://www.fidal.it/atleta/BOSCOLI-Nicola/eqqRkpKlaGg%3D,https://www.fidal.it/societa/CUS-FERRARA-A-S-D-/FE026
8.65,8.65,e,RUGGIERO Marco,1997,JM,ATL. BERGAMO 1959 ORIOCENTER,1 su- 1,Bergamo,2016-01-17,https://www.fidal.it/atleta/RUGGIERO-Marco/dqmRl5ijamg%3D,https://www.fidal.it/societa/ATL--BERGAMO-1959-ORIOCENTER/BG003
8.65,8.65,e,ROBBIN Jean marie,1998,JM,ATLETICA SANDRO CALVESI,6 ba- 5,Ancona,2016-02-07,https://www.fidal.it/atleta/ROBBIN-Jean-marie/dKqRkpKhcGM%3D,https://www.fidal.it/societa/ATLETICA-SANDRO-CALVESI/AO004
8.66,8.66,e,BOSCOLI Nicola,1998,JM,CUS FERRARA A.S.D.,2 fi- 1,Modena,2016-01-23,https://www.fidal.it/atleta/BOSCOLI-Nicola/eqqRkpKlaGg%3D,https://www.fidal.it/societa/CUS-FERRARA-A-S-D-/FE026
8.66,8.66,e,GENTILI Lorenzo,1998,JM,CENTRO ATLETICA PIOMBINO,6 ba- 1,Ancona,2016-02-07,https://www.fidal.it/atleta/GENTILI-Lorenzo/fayRkpWka2g%3D,https://www.fidal.it/societa/CENTRO-ATLETICA-PIOMBINO/LI038
8.66,8.66,e,MASTRIPPOLITO Giovanni,1998,JM,S.E.F. VIRTUS EMILSIDER BO,6 ba- 4,Ancona,2016-02-07,https://www.fidal.it/atleta/MASTRIPPOLITO-Giovanni/eqiRlpOoa2Q%3D,https://www.fidal.it/societa/S-E-F--VIRTUS-EMILSIDER-BO/BO007
8.66,8.66,e,RENSI Luca,1998,JM,ATL.  VALLI DI NON E SOLE,4 ba- 1,Modena,2016-02-28,https://www.fidal.it/atleta/RENSI-Luca/d6iRk5SjcWU%3D,https://www.fidal.it/societa/ATL--VALLI-DI-NON-E-SOLE/TN102
8.67,8.67,e,MARCHETTI Giovanni,1998,JM,S.E.F. VIRTUS EMILSIDER BO,2 ba- 2,Modena,2016-01-16,https://www.fidal.it/atleta/MARCHETTI-Giovanni/eqiRlpmoaGw%3D,https://www.fidal.it/societa/S-E-F--VIRTUS-EMILSIDER-BO/BO007
8.67,8.67,e,MANGANOZZI Matteo,1997,JM,S.S. LAZIO ATLETICA LEGGERA,2 fi- 1,Roma,2016-01-31,https://www.fidal.it/atleta/MANGANOZZI-Matteo/f6yRkpOnaWU%3D,https://www.fidal.it/societa/S-S--LAZIO-ATLETICA-LEGGERA/RM050
8.67,8.67,e,BOSCOLI Nicola,1998,JM,CUS FERRARA A.S.D.,5 ba- 2,Ancona,2016-02-07,https://www.fidal.it/atleta/BOSCOLI-Nicola/eqqRkpKlaGg%3D,https://www.fidal.it/societa/CUS-FERRARA-A-S-D-/FE026
8.67,8.67,e,MASCHERONI William,1998,JM,ATL. MARIANO COMENSE,7 ba- 1,Ancona,2016-02-07,https://www.fidal.it/atleta/MASCHERONI-William/dquRkpqjbmY%3D,https://www.fidal.it/societa/ATL--MARIANO-COMENSE/CO014
8.68,8.68,e,RUGGIERO Marco,1997,JM,ATL. BERGAMO 1959 ORIOCENTER,1 su- 1,Bergamo,2016-01-17,https://www.fidal.it/atleta/RUGGIERO-Marco/dqmRl5ijamg%3D,https://www.fidal.it/societa/ATL--BERGAMO-1959-ORIOCENTER/BG003
8.68,8.68,e,VILLA Andrea,1998,JM,O.S.A. SARONNO LIB.,1 se- 1,Saronno,2016-01-23,https://www.fidal.it/atleta/VILLA-Andrea/drKRkpana2c%3D,https://www.fidal.it/societa/O-S-A--SARONNO-LIB-/VA119
8.68,8.68,e,PATTERSON CAMPBELL Eddy richard,1998,JM,A.S. ATLETICA SARZANA,3 fi- 1,Modena,2016-01-23,https://www.fidal.it/atleta/PATTERSON-CAMPBELL-Eddy-richard/dauRkpOgcGU%3D,https://www.fidal.it/societa/A-S--ATLETICA-SARZANA/SP042
8.68,8.68,e,SCHIFFEREGGER Thomas,1998,JM,SSV BRUNECK BRUNICO VOLKSBANK,1 se- 3,Padova,2016-01-24,https://www.fidal.it/atleta/SCHIFFEREGGER-Thomas/iaiRkpujaWs%3D,https://www.fidal.it/societa/SSV-BRUNECK-BRUNICO-VOLKSBANK/BZ008
8.69,8.69,e,BELTRAME Giacomo,1998,JM,ATLETICA MALIGNANI LIBERTAS UD,4 su- 1,Udine,2016-01-16,https://www.fidal.it/atleta/BELTRAME-Giacomo/eayRk5Olb2g%3D,https://www.fidal.it/societa/ATLETICA-MALIGNANI-LIBERTAS-UD/UD030
8.69,8.69,e,RENSI Luca,1998,JM,ATL.  VALLI DI NON E SOLE,4 fi- 1,Padova,2016-01-17,https://www.fidal.it/atleta/RENSI-Luca/d6iRk5SjcWU%3D,https://www.fidal.it/societa/ATL--VALLI-DI-NON-E-SOLE/TN102
8.7,8.70,e,MANGANOZZI Matteo,1997,JM,S.S. LAZIO ATLETICA LEGGERA,8 sf- 2,Ancona,2016-02-07,https://www.fidal.it/atleta/MANGANOZZI-Matteo/f6yRkpOnaWU%3D,https://www.fidal.it/societa/S-S--LAZIO-ATLETICA-LEGGERA/RM050
8.71,8.71,e,MARCONE Tommaso,1997,JM,ASD ATL. VOMANO GRAN SASSO,2 ba- 1,Ancona,2016-01-16,https://www.fidal.it/atleta/MARCONE-Tommaso/gayRkpKia2o%3D,https://www.fidal.it/societa/ASD-ATL--VOMANO-GRAN-SASSO/TE049
8.71,8.71,e,BOSCOLI Nicola,1998,JM,CUS FERRARA A.S.D.,5 fi- 1,Modena,2016-01-16,https://www.fidal.it/atleta/BOSCOLI-Nicola/eqqRkpKlaGg%3D,https://www.fidal.it/societa/CUS-FERRARA-A-S-D-/FE026
8.71,8.71,e,TESI Emilio,1998,JM,CENTRO ATLETICA PIOMBINO,1 ba- 1,Firenze,2016-01-23,https://www.fidal.it/atleta/TESI-Emilio/fayRkpWgaWs%3D,https://www.fidal.it/societa/CENTRO-ATLETICA-PIOMBINO/LI038
8.72,8.72,e,BOSCOLI Nicola,1998,JM,CUS FERRARA A.S.D.,3 ba- 1,Modena,2016-01-16,https://www.fidal.it/atleta/BOSCOLI-Nicola/eqqRkpKlaGg%3D,https://www.fidal.it/societa/CUS-FERRARA-A-S-D-/FE026
8.72,8.72,e,MASTRIPPOLITO Giovanni,1998,JM,S.E.F. VIRTUS EMILSIDER BO,5 fi- 1,Padova,2016-01-17,https://www.fidal.it/atleta/MASTRIPPOLITO-Giovanni/eqiRlpOoa2Q%3D,https://www.fidal.it/societa/S-E-F--VIRTUS-EMILSIDER-BO/BO007
8.72,8.72,e,PAGLIUCA Riccardo,1997,JM,ACSI CAMPIDOGLIO PALATINO,3 fi- 1,Roma,2016-01-31,https://www.fidal.it/atleta/PAGLIUCA-Riccardo/f6yRkpWkbGg%3D,https://www.fidal.it/societa/ACSI-CAMPIDOGLIO-PALATINO/RM046
8.72,8.72,e,MELIS Dante,1998,JM,S G AMSICORA,7 ba- 5,Ancona,2016-02-07,https://www.fidal.it/atleta/MELIS-Dante/iKmRkpilbGc%3D,https://www.fidal.it/societa/S-G-AMSICORA/CA002
8.72,8.72,e,MARIN Cristian,1973,SM40,ATLETICA RIVIERA DEL BRENTA,3 su- 1,Ancona,2016-04-02,https://www.fidal.it/atleta/MARIN-Cristian/eK2RkpmjaWQ%3D,https://www.fidal.it/societa/ATLETICA-RIVIERA-DEL-BRENTA/VE473
8.73,8.73,e,SPARAPANI Bruno,1997,JM,ATHLETIC CLUB 96 AE SPA,1 fi- 1,Muenchen,2016-03-13,https://www.fidal.it/atleta/SPARAPANI-Bruno/iaiRkpqiaWg%3D,https://www.fidal.it/societa/ATHLETIC-CLUB-96-AE-SPA/BZ066
8.74,8.74,e,NWACHUKWU Gift chukwudi,1998,JM,ATL.VICENTINA,3 su- 1,Padova,2016-01-10,https://www.fidal.it/atleta/NWACHUKWU-Gift-chukwudi/eK6RkpaibWY%3D,https://www.fidal.it/societa/ATL-VICENTINA/VI626
8.74,8.74,e,VILLA Andrea,1998,JM,O.S.A. SARONNO LIB.,2 fi- 1,Aosta,2016-01-17,https://www.fidal.it/atleta/VILLA-Andrea/drKRkpana2c%3D,https://www.fidal.it/societa/O-S-A--SARONNO-LIB-/VA119
8.74,8.74,e,MELICONI Alessandro,1997,JM,A.S.D. PONTEVECCHIO BOLOGNA,2 se- 1,Padova,2016-01-24,https://www.fidal.it/atleta/MELICONI-Alessandro/eqmRkpSiaGY%3D,https://www.fidal.it/societa/A-S-D--PONTEVECCHIO-BOLOGNA/BO506
8.74,8.74,e,GENTILI Lorenzo,1998,JM,CENTRO ATLETICA PIOMBINO,1 fi- 1,Firenze,2016-01-30,https://www.fidal.it/atleta/GENTILI-Lorenzo/fayRkpWka2g%3D,https://www.fidal.it/societa/CENTRO-ATLETICA-PIOMBINO/LI038
8.74,8.74,e,SABBATINI Simone,1998,JM,TEAM ATLETICA MARCHE,6 ba- 2,Ancona,2016-02-07,https://www.fidal.it/atleta/SABBATINI-Simone/e6iRk5mibmk%3D,https://www.fidal.it/societa/TEAM-ATLETICA-MARCHE/FM050
8.75,8.75,e,SABBATINI Simone,1998,JM,TEAM ATLETICA MARCHE,3 ba- 1,Ancona,2016-01-16,https://www.fidal.it/atleta/SABBATINI-Simone/e6iRk5mibmk%3D,https://www.fidal.it/societa/TEAM-ATLETICA-MARCHE/FM050
8.76,8.76,e,MASCHERONI William,1998,JM,ATL. MARIANO COMENSE,2 se- 1,Saronno,2016-01-23,https://www.fidal.it/atleta/MASCHERONI-William/dquRkpqjbmY%3D,https://www.fidal.it/societa/ATL--MARIANO-COMENSE/CO014
8.76,8.76,e,CONTI Daniele,1979,SM35,ATL. VIRTUS CASTENEDOLO,1 se- 9,Ancona,2016-02-26,https://www.fidal.it/atleta/CONTI-Daniele/dqiRk5KocGM%3D,https://www.fidal.it/societa/ATL--VIRTUS-CASTENEDOLO/BS575
8.77,8.77,e,SOMAINI Giovanni,1997,JM,TEAM-A LOMBARDIA,2 su- 1,Bergamo,2016-01-17,https://www.fidal.it/atleta/SOMAINI-Giovanni/dq2RlJancWU%3D,https://www.fidal.it/societa/TEAM-A-LOMBARDIA/MI774
8.77,8.77,e,MASTRIPPOLITO Giovanni,1998,JM,S.E.F. VIRTUS EMILSIDER BO,3 ba- 1,Padova,2016-01-17,https://www.fidal.it/atleta/MASTRIPPOLITO-Giovanni/eqiRlpOoa2Q%3D,https://www.fidal.it/societa/S-E-F--VIRTUS-EMILSIDER-BO/BO007
8.77,8.77,e,MELICONI Alessandro,1997,JM,A.S.D. PONTEVECCHIO BOLOGNA,5 ba- 3,Ancona,2016-02-07,https://www.fidal.it/atleta/MELICONI-Alessandro/eqmRkpSiaGY%3D,https://www.fidal.it/societa/A-S-D--PONTEVECCHIO-BOLOGNA/BO506
8.78,8.78,e,BORDI GAYE Nicola ale,1998,JM,ATL. AVIS MACERATA,2 ba- 2,Ancona,2016-01-16,https://www.fidal.it/atleta/BORDI-GAYE-Nicola-ale/e6uRkpKnbGQ%3D,https://www.fidal.it/societa/ATL--AVIS-MACERATA/MC004
8.78,8.78,e,SABBATINI Simone,1998,JM,TEAM ATLETICA MARCHE,3 fi- 1,Ancona,2016-01-16,https://www.fidal.it/atleta/SABBATINI-Simone/e6iRk5mibmk%3D,https://www.fidal.it/societa/TEAM-ATLETICA-MARCHE/FM050
8.79,8.79,e,MANGANOZZI Matteo,1997,JM,S.S. LAZIO ATLETICA LEGGERA,4 fi- 1,Ancona,2016-01-16,https://www.fidal.it/atleta/MANGANOZZI-Matteo/f6yRkpOnaWU%3D,https://www.fidal.it/societa/S-S--LAZIO-ATLETICA-LEGGERA/RM050
8.79,8.79,e,NICOLA Riccardo,1998,JM,G.S. ERMENEGILDO ZEGNA,3 se- 1,Padova,2016-01-24,https://www.fidal.it/atleta/NICOLA-Riccardo/dKAAARk5qjbWY%3D,https://www.fidal.it/societa/G-S--ERMENEGILDO-ZEGNA/VC020
8.79,8.79,e,GENTILI Lorenzo,1998,JM,CENTRO ATLETICA PIOMBINO,1 ba- 1,Firenze,2016-01-30,https://www.fidal.it/atleta/GENTILI-Lorenzo/fayRkpWka2g%3D,https://www.fidal.it/societa/CENTRO-ATLETICA-PIOMBINO/LI038
8.79,8.79,e,PAGLIUCA Riccardo,1997,JM,ACSI CAMPIDOGLIO PALATINO,3 ba- 1,Roma,2016-01-31,https://www.fidal.it/atleta/PAGLIUCA-Riccardo/f6yRkpWkbGg%3D,https://www.fidal.it/societa/ACSI-CAMPIDOGLIO-PALATINO/RM046
8.79,8.79,e,BELTRAME Giacomo,1998,JM,ATLETICA MALIGNANI LIBERTAS UD,6 sf- 3,Ancona,2016-02-07,https://www.fidal.it/atleta/BELTRAME-Giacomo/eayRk5Olb2g%3D,https://www.fidal.it/societa/ATLETICA-MALIGNANI-LIBERTAS-UD/UD030
8.8,8.80,e,BERGAMASCHI Matteo,1998,JM,C.U.S. PARMA,5 ba- 1,Modena,2016-01-09,https://www.fidal.it/atleta/BERGAMASCHI-Matteo/eq6RkpWmaWM%3D,https://www.fidal.it/societa/C-U-S--PARMA/PR068
8.8,8.80,e,BOSCOLI Nicola,1998,JM,CUS FERRARA A.S.D.,6 ba- 1,Modena,2016-01-09,https://www.fidal.it/atleta/BOSCOLI-Nicola/eqqRkpKlaGg%3D,https://www.fidal.it/societa/CUS-FERRARA-A-S-D-/FE026
8.8,8.80,e,NWACHUKWU Gift chukwudi,1998,JM,ATL.VICENTINA,6 fi- 1,Padova,2016-01-17,https://www.fidal.it/atleta/NWACHUKWU-Gift-chukwudi/eK6RkpaibWY%3D,https://www.fidal.it/societa/ATL-VICENTINA/VI626
8.81,8.81,e,SABBATINI Simone,1998,JM,TEAM ATLETICA MARCHE,2 fi- 1,Ancona,2016-01-31,https://www.fidal.it/atleta/SABBATINI-Simone/e6iRk5mibmk%3D,https://www.fidal.it/societa/TEAM-ATLETICA-MARCHE/FM050
8.81,8.81,e,BORDI GAYE Nicola ale,1998,JM,ATL. AVIS MACERATA,8 ba- 5,Ancona,2016-02-07,https://www.fidal.it/atleta/BORDI-GAYE-Nicola-ale/e6uRkpKnbGQ%3D,https://www.fidal.it/societa/ATL--AVIS-MACERATA/MC004
8.81,8.81,e,MARIN Cristian,1973,SM40,ATLETICA RIVIERA DEL BRENTA,2 su- 1,Ancona,2016-02-27,https://www.fidal.it/atleta/MARIN-Cristian/eK2RkpmjaWQ%3D,https://www.fidal.it/societa/ATLETICA-RIVIERA-DEL-BRENTA/VE473
8.82,8.82,e,TRICHES Andrea,1997,JM,A.ATL.DOLOMITI BELLUNO,4 su- 1,Padova,2016-01-10,https://www.fidal.it/atleta/TRICHES-Andrea/eKmRlJOfcGk%3D,https://www.fidal.it/societa/A-ATL-DOLOMITI-BELLUNO/BL010
8.82,8.82,e,BORDI GAYE Nicola ale,1998,JM,ATL. AVIS MACERATA,3 fi- 1,Ancona,2016-01-31,https://www.fidal.it/atleta/BORDI-GAYE-Nicola-ale/e6uRkpKnbGQ%3D,https://www.fidal.it/societa/ATL--AVIS-MACERATA/MC004
8.82,8.82,e,RUGGIERO Marco,1997,JM,ATL. BERGAMO 1959 ORIOCENTER,7 ba- 2,Ancona,2016-02-07,https://www.fidal.it/atleta/RUGGIERO-Marco/dqmRl5ijamg%3D,https://www.fidal.it/societa/ATL--BERGAMO-1959-ORIOCENTER/BG003
8.83,8.83,e,ROBBIN Jean marie,1998,JM,ATLETICA SANDRO CALVESI,1 su- 1,Aosta,2016-01-09,https://www.fidal.it/atleta/ROBBIN-Jean-marie/dKqRkpKhcGM%3D,https://www.fidal.it/societa/ATLETICA-SANDRO-CALVESI/AO004
8.83,8.83,e,CUCULO Jacopo,1997,JM,S.A.F.ATLETICA PIEMONTE A.S.D.,2 ba- 1,Aosta,2016-01-17,https://www.fidal.it/atleta/CUCULO-Jacopo/dK6RlpKhbWg%3D,https://www.fidal.it/societa/S-A-F-ATLETICA-PIEMONTE-A-S-D-/TO226
8.83,8.83,e,SABBATINI Simone,1998,JM,TEAM ATLETICA MARCHE,3 ba- 1,Ancona,2016-01-31,https://www.fidal.it/atleta/SABBATINI-Simone/e6iRk5mibmk%3D,https://www.fidal.it/societa/TEAM-ATLETICA-MARCHE/FM050
8.83,8.83,e,POLIDORI Davide,1997,JM,ATL.STUD. RIETI ANDREA MILARDI,4 fi- 1,Ancona,2016-01-31,https://www.fidal.it/atleta/POLIDORI-Davide/f6yRkpWhbWQ%3D,https://www.fidal.it/societa/ATL-STUD--RIETI-ANDREA-MILARDI/RI223
8.83,8.83,e,CITTERIO Paolo,1975,SM40,DAINI CARATE BRIANZA,1 se- 8,Ancona,2016-02-26,https://www.fidal.it/atleta/CITTERIO-Paolo/dq2RkpOmcWs%3D,https://www.fidal.it/societa/DAINI-CARATE-BRIANZA/MI095
8.84,8.84,e,PATTERSON CAMPBELL Eddy richard,1998,JM,A.S. ATLETICA SARZANA,3 ba- 1,Modena,2016-01-23,https://www.fidal.it/atleta/PATTERSON-CAMPBELL-Eddy-richard/dauRkpOgcGU%3D,https://www.fidal.it/societa/A-S--ATLETICA-SARZANA/SP042
8.84,8.84,e,NWACHUKWU Gift chukwudi,1998,JM,ATL.VICENTINA,3 su- 1,Padova,2016-01-23,https://www.fidal.it/atleta/NWACHUKWU-Gift-chukwudi/eK6RkpaibWY%3D,https://www.fidal.it/societa/ATL-VICENTINA/VI626
8.85,8.85,e,MASTRIPPOLITO Giovanni,1998,JM,S.E.F. VIRTUS EMILSIDER BO,5 su- 1,Padova,2016-01-10,https://www.fidal.it/atleta/MASTRIPPOLITO-Giovanni/eqiRlpOoa2Q%3D,https://www.fidal.it/societa/S-E-F--VIRTUS-EMILSIDER-BO/BO007
8.85,8.85,e,NWACHUKWU Gift chukwudi,1998,JM,ATL.VICENTINA,3 ba- 2,Padova,2016-01-17,https://www.fidal.it/atleta/NWACHUKWU-Gift-chukwudi/eK6RkpaibWY%3D,https://www.fidal.it/societa/ATL-VICENTINA/VI626
8.85,8.85,e,SPARAPANI Bruno,1997,JM,ATHLETIC CLUB 96 AE SPA,4 ba- 1,Padova,2016-01-17,https://www.fidal.it/atleta/SPARAPANI-Bruno/iaiRkpqiaWg%3D,https://www.fidal.it/societa/ATHLETIC-CLUB-96-AE-SPA/BZ066
8.85,8.85,e,BUSETTO Riccardo,1998,JM,G.S.SELF ATL. MONTANARI GRUZZA,4 se- 1,Padova,2016-01-24,https://www.fidal.it/atleta/BUSETTO-Riccardo/erORkpKncWs%3D,https://www.fidal.it/societa/G-S-SELF-ATL--MONTANARI-GRUZZA/RE105
8.86,8.86,e,CUCULO Jacopo,1997,JM,S.A.F.ATLETICA PIEMONTE A.S.D.,3 fi- 1,Aosta,2016-01-17,https://www.fidal.it/atleta/CUCULO-Jacopo/dK6RlpKhbWg%3D,https://www.fidal.it/societa/S-A-F-ATLETICA-PIEMONTE-A-S-D-/TO226
8.86,8.86,e,TRICHES Andrea,1997,JM,A.ATL.DOLOMITI BELLUNO,4 ba- 2,Padova,2016-01-17,https://www.fidal.it/atleta/TRICHES-Andrea/eKmRlJOfcGk%3D,https://www.fidal.it/societa/A-ATL-DOLOMITI-BELLUNO/BL010
8.86,8.86,e,SILEONI Massimiliano,1997,JM,ATL. AVIS MACERATA,5 se- 1,Padova,2016-01-24,https://www.fidal.it/atleta/SILEONI-Massimiliano/e6uRkpKjbGs%3D,https://www.fidal.it/societa/ATL--AVIS-MACERATA/MC004
8.86,8.86,e,BARCELLONA Sergio,1998,JM,A.S.D. C.U.S. PALERMO,6 ba- 3,Ancona,2016-02-07,https://www.fidal.it/atleta/BARCELLONA-Sergio/h66RkpOmcWY%3D,https://www.fidal.it/societa/A-S-D--C-U-S--PALERMO/PA001
8.86,8.86,e,SOMAINI Giovanni,1997,JM,TEAM-A LOMBARDIA,8 ba- 2,Ancona,2016-02-07,https://www.fidal.it/atleta/SOMAINI-Giovanni/dq2RlJancWU%3D,https://www.fidal.it/societa/TEAM-A-LOMBARDIA/MI774
8.86,8.86,e,TERRENI Valerio,1978,SM35,ASD LA GALLA PONTEDERA ATL.,2 se- 9,Ancona,2016-02-26,https://www.fidal.it/atleta/TERRENI-Valerio/faAAARkpOibGU%3D,https://www.fidal.it/societa/ASD-LA-GALLA-PONTEDERA-ATL-/PI144
8.87,8.87,e,LEONE Marco,1998,JM,ATL. LECCO-COLOMBO COSTRUZ.,1 se- 3,Padova,2016-01-10,https://www.fidal.it/atleta/LEONE-Marco/dquRkpWmaGg%3D,https://www.fidal.it/societa/ATL--LECCO-COLOMBO-COSTRUZ-/CO208
8.87,8.87,e,CUCULO Jacopo,1997,JM,S.A.F.ATLETICA PIEMONTE A.S.D.,6 se- 1,Padova,2016-01-24,https://www.fidal.it/atleta/CUCULO-Jacopo/dK6RlpKhbWg%3D,https://www.fidal.it/societa/S-A-F-ATLETICA-PIEMONTE-A-S-D-/TO226
8.87,8.87,e,SILEONI Massimiliano,1997,JM,ATL. AVIS MACERATA,4 ba- 1,Ancona,2016-01-31,https://www.fidal.it/atleta/SILEONI-Massimiliano/e6uRkpKjbGs%3D,https://www.fidal.it/societa/ATL--AVIS-MACERATA/MC004
8.88,8.88,e,SEMPRINI Alberto,1998,JM,EDERA ATL. FORLI,3 ba- 2,Modena,2016-01-16,https://www.fidal.it/atleta/SEMPRINI-Alberto/equRkpKkbGs%3D,https://www.fidal.it/societa/EDERA-ATL--FORLI/FC038
8.88,8.88,e,BERGAMASCHI Matteo,1998,JM,C.U.S. PARMA,5 ba- 1,Padova,2016-01-17,https://www.fidal.it/atleta/BERGAMASCHI-Matteo/eq6RkpWmaWM%3D,https://www.fidal.it/societa/C-U-S--PARMA/PR068
8.88,8.88,e,CITTERIO Paolo,1975,SM40,DAINI CARATE BRIANZA,1 se- 4,Ancona,2016-03-30,https://www.fidal.it/atleta/CITTERIO-Paolo/dq2RkpOmcWs%3D,https://www.fidal.it/societa/DAINI-CARATE-BRIANZA/MI095
8.89,8.89,e,MARCONE Tommaso,1997,JM,ASD ATL. VOMANO GRAN SASSO,5 fi- 1,Ancona,2016-01-16,https://www.fidal.it/atleta/MARCONE-Tommaso/gayRkpKia2o%3D,https://www.fidal.it/societa/ASD-ATL--VOMANO-GRAN-SASSO/TE049
8.89,8.89,e,TRICHES Andrea,1997,JM,A.ATL.DOLOMITI BELLUNO,7 fi- 1,Padova,2016-01-17,https://www.fidal.it/atleta/TRICHES-Andrea/eKmRlJOfcGk%3D,https://www.fidal.it/societa/A-ATL-DOLOMITI-BELLUNO/BL010
8.9,8.90,e,NICOLA Riccardo,1998,JM,G.S. ERMENEGILDO ZEGNA,2 su- 1,Aosta,2016-01-09,https://www.fidal.it/atleta/NICOLA-Riccardo/dKAAARk5qjbWY%3D,https://www.fidal.it/societa/G-S--ERMENEGILDO-ZEGNA/VC020
8.9,8.90,e,BUSETTO Riccardo,1998,JM,G.S.SELF ATL. MONTANARI GRUZZA,1 su- 1,Ancona,2016-01-10,https://www.fidal.it/atleta/BUSETTO-Riccardo/erORkpKncWs%3D,https://www.fidal.it/societa/G-S-SELF-ATL--MONTANARI-GRUZZA/RE105
8.9,8.90,e,SOMAINI Giovanni,1997,JM,TEAM-A LOMBARDIA,2 su- 1,Bergamo,2016-01-17,https://www.fidal.it/atleta/SOMAINI-Giovanni/dq2RlJancWU%3D,https://www.fidal.it/societa/TEAM-A-LOMBARDIA/MI774
8.9,8.90,e,GASTALDIN Giulio,1998,JM,ATLETICA MONZA,1 fi- 1,Saronno,2016-02-07,https://www.fidal.it/atleta/GASTALDIN-Giulio/dq2RlZioamo%3D,https://www.fidal.it/societa/ATLETICA-MONZA/MI710
8.91,8.91,e,LOMBARDO Luca,1997,JM,S.A.F.ATLETICA PIEMONTE A.S.D.,1 ba- 1,Bra,2016-01-24,https://www.fidal.it/atleta/LOMBARDO-Luca/dK6RlZWmcWs%3D,https://www.fidal.it/societa/S-A-F-ATLETICA-PIEMONTE-A-S-D-/TO226
8.92,8.92,e,MELICONI Alessandro,1997,JM,A.S.D. PONTEVECCHIO BOLOGNA,1 se- 1,Padova,2016-01-10,https://www.fidal.it/atleta/MELICONI-Alessandro/eqmRkpSiaGY%3D,https://www.fidal.it/societa/A-S-D--PONTEVECCHIO-BOLOGNA/BO506
8.92,8.92,e,MANIACI Filippo,1997,JM,ATL LIBERTAS RUNNERS LIVORNO,2 fi- 1,Firenze,2016-01-30,https://www.fidal.it/atleta/MANIACI-Filippo/faiSkpmjamU%3D,https://www.fidal.it/societa/ATL-LIBERTAS-RUNNERS-LIVORNO/LI035
8.93,8.93,e,SABBATINI Simone,1998,JM,TEAM ATLETICA MARCHE,2 su- 1,Ancona,2016-01-10,https://www.fidal.it/atleta/SABBATINI-Simone/e6iRk5mibmk%3D,https://www.fidal.it/societa/TEAM-ATLETICA-MARCHE/FM050
8.93,8.93,e,MUSSI Jacopo,1998,JM,ASD ATLETICA ALTA TOSCANA,1 se- 1,Firenze,2016-01-16,https://www.fidal.it/atleta/MUSSI-Jacopo/faiSk5Kgb2Y%3D,https://www.fidal.it/societa/ASD-ATLETICA-ALTA-TOSCANA/MS424
8.93,8.93,e,MANGANOZZI Matteo,1997,JM,S.S. LAZIO ATLETICA LEGGERA,4 ba- 1,Ancona,2016-01-16,https://www.fidal.it/atleta/MANGANOZZI-Matteo/f6yRkpOnaWU%3D,https://www.fidal.it/societa/S-S--LAZIO-ATLETICA-LEGGERA/RM050
8.93,8.93,e,SPARAPANI Bruno,1997,JM,ATHLETIC CLUB 96 AE SPA,8 fi- 1,Padova,2016-01-17,https://www.fidal.it/atleta/SPARAPANI-Bruno/iaiRkpqiaWg%3D,https://www.fidal.it/societa/ATHLETIC-CLUB-96-AE-SPA/BZ066
8.93,8.93,e,MANIACI Filippo,1997,JM,ATL LIBERTAS RUNNERS LIVORNO,1 se- 2,Padova,2016-01-24,https://www.fidal.it/atleta/MANIACI-Filippo/faiSkpmjamU%3D,https://www.fidal.it/societa/ATL-LIBERTAS-RUNNERS-LIVORNO/LI035
8.93,8.93,e,MANIACI Filippo,1997,JM,ATL LIBERTAS RUNNERS LIVORNO,2 ba- 1,Firenze,2016-01-30,https://www.fidal.it/atleta/MANIACI-Filippo/faiSkpmjamU%3D,https://www.fidal.it/societa/ATL-LIBERTAS-RUNNERS-LIVORNO/LI035
8.93,8.93,e,POLIDORI Davide,1997,JM,ATL.STUD. RIETI ANDREA MILARDI,7 ba- 3,Ancona,2016-02-07,https://www.fidal.it/atleta/POLIDORI-Davide/f6yRkpWhbWQ%3D,https://www.fidal.it/societa/ATL-STUD--RIETI-ANDREA-MILARDI/RI223
8.93,8.93,e,NWACHUKWU Gift chukwudi,1998,JM,ATL.VICENTINA,4 ba- 2,Modena,2016-02-28,https://www.fidal.it/atleta/NWACHUKWU-Gift-chukwudi/eK6RkpaibWY%3D,https://www.fidal.it/societa/ATL-VICENTINA/VI626
8.93,8.93,e,SPARAPANI Bruno,1997,JM,ATHLETIC CLUB 96 AE SPA,4 ba- 3,Modena,2016-02-28,https://www.fidal.it/atleta/SPARAPANI-Bruno/iaiRkpqiaWg%3D,https://www.fidal.it/societa/ATHLETIC-CLUB-96-AE-SPA/BZ066
8.94,8.94,e,SPARAPANI Bruno,1997,JM,ATHLETIC CLUB 96 AE SPA,4 su- 1,Padova,2016-01-23,https://www.fidal.it/atleta/SPARAPANI-Bruno/iaiRkpqiaWg%3D,https://www.fidal.it/societa/ATHLETIC-CLUB-96-AE-SPA/BZ066
8.94,8.94,e,SILEONI Massimiliano,1997,JM,ATL. AVIS MACERATA,5 fi- 1,Ancona,2016-01-31,https://www.fidal.it/atleta/SILEONI-Massimiliano/e6uRkpKjbGs%3D,https://www.fidal.it/societa/ATL--AVIS-MACERATA/MC004
8.95,8.95,e,BORDI GAYE Nicola ale,1998,JM,ATL. AVIS MACERATA,5 ba- 1,Ancona,2016-01-31,https://www.fidal.it/atleta/BORDI-GAYE-Nicola-ale/e6uRkpKnbGQ%3D,https://www.fidal.it/societa/ATL--AVIS-MACERATA/MC004
8.95,8.95,e,GASTALDIN Giulio,1998,JM,ATLETICA MONZA,1 ba- 1,Saronno,2016-02-07,https://www.fidal.it/atleta/GASTALDIN-Giulio/dq2RlZioamo%3D,https://www.fidal.it/societa/ATLETICA-MONZA/MI710
8.96,8.96,e,MELIS Dante,1998,JM,S G AMSICORA,1 se- 2,Saronno,2016-01-23,https://www.fidal.it/atleta/MELIS-Dante/iKmRkpilbGc%3D,https://www.fidal.it/societa/S-G-AMSICORA/CA002
8.96,8.96,e,COMEL Alessio,1997,JM,UNIONE SPORTIVA ALBATESE ASD,2 se- 2,Padova,2016-01-24,https://www.fidal.it/atleta/COMEL-Alessio/dquRkpmja2k%3D,https://www.fidal.it/societa/UNIONE-SPORTIVA-ALBATESE-ASD/CO546
8.96,8.96,e,ZUCCARINI Mattia,1998,JM,GSD ATLETICA CHIETI,6 ba- 1,Ancona,2016-01-31,https://www.fidal.it/atleta/ZUCCARINI-Mattia/gaqRkpKfcWc%3D,https://www.fidal.it/societa/GSD-ATLETICA-CHIETI/CH150
8.96,8.96,e,PUFF Markus,1997,JM,ASV S.V. LANA - RAIKA,5 ba- 2,Modena,2016-02-28,https://www.fidal.it/atleta/PUFF-Markus/iaiRkpuhamw%3D,https://www.fidal.it/societa/ASV-S-V--LANA-RAIKA/BZ011
8.98,8.98,e,SOMAINI Giovanni,1997,JM,TEAM-A LOMBARDIA,1 se- 1,Saronno,2016-01-23,https://www.fidal.it/atleta/SOMAINI-Giovanni/dq2RlJancWU%3D,https://www.fidal.it/societa/TEAM-A-LOMBARDIA/MI774
8.98,8.98,e,GOLIN Antonio,1997,JM,ATL.VICENTINA,5 su- 1,Padova,2016-01-23,https://www.fidal.it/atleta/GOLIN-Antonio/eK6RkpambGo%3D,https://www.fidal.it/societa/ATL-VICENTINA/VI626
8.98,8.98,e,GIACOMETTI Leonardo,1998,JM,ASSOCIAZIONE ATLETICA N.E.VI.,7 se- 1,Padova,2016-01-24,https://www.fidal.it/atleta/GIACOMETTI-Leonardo/eKqRkpWfb2g%3D,https://www.fidal.it/societa/ASSOCIAZIONE-ATLETICA-N-E-VI-/VI623
8.98,8.98,e,POLIDORI Davide,1997,JM,ATL.STUD. RIETI ANDREA MILARDI,7 ba- 1,Ancona,2016-01-31,https://www.fidal.it/atleta/POLIDORI-Davide/f6yRkpWhbWQ%3D,https://www.fidal.it/societa/ATL-STUD--RIETI-ANDREA-MILARDI/RI223
8.99,8.99,e,MARIN Cristian,1973,SM40,ATLETICA RIVIERA DEL BRENTA,1 su- 1,Padova,2016-02-13,https://www.fidal.it/atleta/MARIN-Cristian/eK2RkpmjaWQ%3D,https://www.fidal.it/societa/ATLETICA-RIVIERA-DEL-BRENTA/VE473
9.0,9.00,e,SILEONI Massimiliano,1997,JM,ATL. AVIS MACERATA,6 fi- 1,Ancona,2016-01-16,https://www.fidal.it/atleta/SILEONI-Massimiliano/e6uRkpKjbGs%3D,https://www.fidal.it/societa/ATL--AVIS-MACERATA/MC004
9.01,9.01,e,NICOLA Riccardo,1998,JM,G.S. ERMENEGILDO ZEGNA,7 ba- 4,Ancona,2016-02-07,https://www.fidal.it/atleta/NICOLA-Riccardo/dKAAARk5qjbWY%3D,https://www.fidal.it/societa/G-S--ERMENEGILDO-ZEGNA/VC020
9.01,9.01,e,MANIACI Filippo,1997,JM,ATL LIBERTAS RUNNERS LIVORNO,5 ba- 3,Modena,2016-02-28,https://www.fidal.it/atleta/MANIACI-Filippo/faiSkpmjamU%3D,https://www.fidal.it/societa/ATL-LIBERTAS-RUNNERS-LIVORNO/LI035
9.02,9.02,e,GIACOMETTI Leonardo,1998,JM,ASSOCIAZIONE ATLETICA N.E.VI.,1 se- 2,Padova,2016-01-10,https://www.fidal.it/atleta/GIACOMETTI-Leonardo/eKqRkpWfb2g%3D,https://www.fidal.it/societa/ASSOCIAZIONE-ATLETICA-N-E-VI-/VI623
9.02,9.02,e,GASTALDIN Giulio,1998,JM,ATLETICA MONZA,2 se- 3,Padova,2016-01-10,https://www.fidal.it/atleta/GASTALDIN-Giulio/dq2RlZioamo%3D,https://www.fidal.it/societa/ATLETICA-MONZA/MI710
9.02,9.02,e,SILEONI Massimiliano,1997,JM,ATL. AVIS MACERATA,5 ba- 1,Ancona,2016-01-16,https://www.fidal.it/atleta/SILEONI-Massimiliano/e6uRkpKjbGs%3D,https://www.fidal.it/societa/ATL--AVIS-MACERATA/MC004
9.02,9.02,e,VILLA Andrea,1998,JM,O.S.A. SARONNO LIB.,2 se- 1,Saronno,2016-01-23,https://www.fidal.it/atleta/VILLA-Andrea/drKRkpana2c%3D,https://www.fidal.it/societa/O-S-A--SARONNO-LIB-/VA119
9.02,9.02,e,MARIN Cristian,1973,SM40,ATLETICA RIVIERA DEL BRENTA,6 su- 1,Padova,2016-01-23,https://www.fidal.it/atleta/MARIN-Cristian/eK2RkpmjaWQ%3D,https://www.fidal.it/societa/ATLETICA-RIVIERA-DEL-BRENTA/VE473
9.02,9.02,e,TERRENI Valerio,1978,SM35,ASD LA GALLA PONTEDERA ATL.,1 se- 1,Ancona,2016-03-30,https://www.fidal.it/atleta/TERRENI-Valerio/faAAARkpOibGU%3D,https://www.fidal.it/societa/ASD-LA-GALLA-PONTEDERA-ATL-/PI144
9.03,9.03,e,SILEONI Massimiliano,1997,JM,ATL. AVIS MACERATA,3 su- 1,Ancona,2016-01-10,https://www.fidal.it/atleta/SILEONI-Massimiliano/e6uRkpKjbGs%3D,https://www.fidal.it/societa/ATL--AVIS-MACERATA/MC004
9.03,9.03,e,SOMAINI Giovanni,1997,JM,TEAM-A LOMBARDIA,3 se- 1,Saronno,2016-01-23,https://www.fidal.it/atleta/SOMAINI-Giovanni/dq2RlJancWU%3D,https://www.fidal.it/societa/TEAM-A-LOMBARDIA/MI774
9.03,9.03,e,BADIN Giorgio,1971,SM45,ATLETICA GORIZIA CA. RI. FVG,2 ba- 1,Ancona,2016-04-01,https://www.fidal.it/atleta/BADIN-Giorgio/eauRk5OjbWY%3D,https://www.fidal.it/societa/ATLETICA-GORIZIA-CA--RI--FVG/GO050
9.04,9.04,e,LUSSIGNOLI Davide,1997,JM,ATL. CHIARI 1964 LIB.,2 se- 1,Padova,2016-01-10,https://www.fidal.it/atleta/LUSSIGNOLI-Davide/dqqRl5ama2g%3D,https://www.fidal.it/societa/ATL--CHIARI-1964-LIB-/BS318
9.04,9.04,e,ZUCCARINI Mattia,1998,JM,GSD ATLETICA CHIETI,4 su- 1,Ancona,2016-01-10,https://www.fidal.it/atleta/ZUCCARINI-Mattia/gaqRkpKfcWc%3D,https://www.fidal.it/societa/GSD-ATLETICA-CHIETI/CH150
9.04,9.04,e,BERGAMASCHI Matteo,1998,JM,C.U.S. PARMA,4 ba- 1,Modena,2016-01-16,https://www.fidal.it/atleta/BERGAMASCHI-Matteo/eq6RkpWmaWM%3D,https://www.fidal.it/societa/C-U-S--PARMA/PR068
9.05,9.05,e,MASCHERONI William,1998,JM,ATL. MARIANO COMENSE,2 se- 2,Saronno,2016-01-23,https://www.fidal.it/atleta/MASCHERONI-William/dquRkpqjbmY%3D,https://www.fidal.it/societa/ATL--MARIANO-COMENSE/CO014
9.05,9.05,e,MELIS Dante,1998,JM,S G AMSICORA,99 se- 2,Saronno,2016-01-23,https://www.fidal.it/atleta/MELIS-Dante/iKmRkpilbGc%3D,https://www.fidal.it/societa/S-G-AMSICORA/CA002
9.05,9.05,e,RENSI Luca,1998,JM,ATL.  VALLI DI NON E SOLE,8 ba- 3,Ancona,2016-02-07,https://www.fidal.it/atleta/RENSI-Luca/d6iRk5SjcWU%3D,https://www.fidal.it/societa/ATL--VALLI-DI-NON-E-SOLE/TN102
9.06,9.06,e,COMEL Alessio,1997,JM,UNIONE SPORTIVA ALBATESE ASD,3 se- 1,Padova,2016-01-10,https://www.fidal.it/atleta/COMEL-Alessio/dquRkpmja2k%3D,https://www.fidal.it/societa/UNIONE-SPORTIVA-ALBATESE-ASD/CO546
9.07,9.07,e,LOMBARDO Luca,1997,JM,S.A.F.ATLETICA PIEMONTE A.S.D.,1 fi- 1,Bra,2016-01-24,https://www.fidal.it/atleta/LOMBARDO-Luca/dK6RlZWmcWs%3D,https://www.fidal.it/societa/S-A-F-ATLETICA-PIEMONTE-A-S-D-/TO226
9.07,9.07,e,LAGO Alberto,1979,SM35,ATL.BIOTEKNA MARCON,1 su- 1,Ancona,2016-02-27,https://www.fidal.it/atleta/LAGO-Alberto/eKiRkpancWs%3D,https://www.fidal.it/societa/ATL-BIOTEKNA-MARCON/VE471
9.07,9.07,e,BADIN Giorgio,1971,SM45,ATLETICA GORIZIA CA. RI. FVG,5 fi- 1,Ancona,2016-04-02,https://www.fidal.it/atleta/BADIN-Giorgio/eauRk5OjbWY%3D,https://www.fidal.it/societa/ATLETICA-GORIZIA-CA--RI--FVG/GO050
9.08,9.08,e,GASTALDIN Giulio,1998,JM,ATLETICA MONZA,8 se- 1,Padova,2016-01-24,https://www.fidal.it/atleta/GASTALDIN-Giulio/dq2RlZioamo%3D,https://www.fidal.it/societa/ATLETICA-MONZA/MI710
9.09,9.09,e,BERGAMASCHI Matteo,1998,JM,C.U.S. PARMA,4 fi- 1,Modena,2016-01-23,https://www.fidal.it/atleta/BERGAMASCHI-Matteo/eq6RkpWmaWM%3D,https://www.fidal.it/societa/C-U-S--PARMA/PR068
9.12,9.12,e,BADIN Giorgio,1971,SM45,ATLETICA GORIZIA CA. RI. FVG,1 se- 2,Ancona,2016-02-27,https://www.fidal.it/atleta/BADIN-Giorgio/eauRk5OjbWY%3D,https://www.fidal.it/societa/ATLETICA-GORIZIA-CA--RI--FVG/GO050
9.13,9.13,e,SPADONI Stefano,1997,JM,ATL. CASTELLO,3 ba- 1,Firenze,2016-01-30,https://www.fidal.it/atleta/SPADONI-Stefano/faqRkpSnb2c%3D,https://www.fidal.it/societa/ATL--CASTELLO/FI021
9.14,9.14,e,RAFRAF Farouk,1998,JM,UNIONE SPORTIVA ALBATESE ASD,3 se- 1,Saronno,2016-01-23,https://www.fidal.it/atleta/RAFRAF-Farouk/dquRkpuicWg%3D,https://www.fidal.it/societa/UNIONE-SPORTIVA-ALBATESE-ASD/CO546
9.15,9.15,e,ROMANO Renzo,1967,SM45,ASD ATLETICA PISTOIA,6 fi- 1,Ancona,2016-04-02,https://www.fidal.it/atleta/ROMANO-Renzo/faiRkpKgcGg%3D,https://www.fidal.it/societa/ASD-ATLETICA-PISTOIA/PT118
9.16,9.16,e,BADIN Giorgio,1971,SM45,ATLETICA GORIZIA CA. RI. FVG,1 se- 7,Ancona,2016-02-26,https://www.fidal.it/atleta/BADIN-Giorgio/eauRk5OjbWY%3D,https://www.fidal.it/societa/ATLETICA-GORIZIA-CA--RI--FVG/GO050
9.17,9.17,e,MATARAZZO Antonio,1997,JM,A.S. DIL. MILONE,2 se- 3,Padova,2016-01-24,https://www.fidal.it/atleta/MATARAZZO-Antonio/h7GRkpKibms%3D,https://www.fidal.it/societa/A-S--DIL--MILONE/SR128
9.18,9.18,e,FORLANO Marco,1997,JM,S.S. VITTORIO ALFIERI ASTI,3 su- 1,Aosta,2016-01-09,https://www.fidal.it/atleta/FORLANO-Marco/dKuRk5anamk%3D,https://www.fidal.it/societa/S-S--VITTORIO-ALFIERI-ASTI/AT001
9.18,9.18,e,PASCUCCI Nicolas,1997,JM,TEAM-A LOMBARDIA,3 se- 2,Padova,2016-01-24,https://www.fidal.it/atleta/PASCUCCI-Nicolas/dq2RlZKfbmQ%3D,https://www.fidal.it/societa/TEAM-A-LOMBARDIA/MI774
9.19,9.19,e,BERGAMASCHI Matteo,1998,JM,C.U.S. PARMA,4 ba- 1,Modena,2016-01-23,https://www.fidal.it/atleta/BERGAMASCHI-Matteo/eq6RkpWmaWM%3D,https://www.fidal.it/societa/C-U-S--PARMA/PR068
9.19,9.19,e,FORLANO Marco,1997,JM,S.S. VITTORIO ALFIERI ASTI,2 fi- 1,Bra,2016-01-24,https://www.fidal.it/atleta/FORLANO-Marco/dKuRk5anamk%3D,https://www.fidal.it/societa/S-S--VITTORIO-ALFIERI-ASTI/AT001
9.2,9.20,e,RAFRAF Farouk,1998,JM,UNIONE SPORTIVA ALBATESE ASD,4 se- 1,Saronno,2016-01-23,https://www.fidal.it/atleta/RAFRAF-Farouk/dquRkpuicWg%3D,https://www.fidal.it/societa/UNIONE-SPORTIVA-ALBATESE-ASD/CO546
9.21,9.21,e,SIMONI Matteo,1998,JM,A.S.D. PONTEVECCHIO BOLOGNA,2 se- 2,Padova,2016-01-10,https://www.fidal.it/atleta/SIMONI-Matteo/eqmRkpSiaGM%3D,https://www.fidal.it/societa/A-S-D--PONTEVECCHIO-BOLOGNA/BO506
9.21,9.21,e,FORLANO Marco,1997,JM,S.S. VITTORIO ALFIERI ASTI,4 fi- 1,Aosta,2016-01-17,https://www.fidal.it/atleta/FORLANO-Marco/dKuRk5anamk%3D,https://www.fidal.it/societa/S-S--VITTORIO-ALFIERI-ASTI/AT001
9.21,9.21,e,SEMPRINI Alberto,1998,JM,EDERA ATL. FORLI,4 ba- 1,Ancona,2016-01-23,https://www.fidal.it/atleta/SEMPRINI-Alberto/equRkpKkbGs%3D,https://www.fidal.it/societa/EDERA-ATL--FORLI/FC038
9.21,9.21,e,ZUCCARINI Mattia,1998,JM,GSD ATLETICA CHIETI,6 fi- 1,Ancona,2016-01-31,https://www.fidal.it/atleta/ZUCCARINI-Mattia/gaqRkpKfcWc%3D,https://www.fidal.it/societa/GSD-ATLETICA-CHIETI/CH150
9.23,9.23,e,MINIERO Stefano,1998,JM,A.S.D. ASTRO 2000 BN-AGROPOLI,5 su- 1,Ancona,2016-01-10,https://www.fidal.it/atleta/MINIERO-Stefano/gKyRkpOkb2k%3D,https://www.fidal.it/societa/A-S-D--ASTRO-2000-BN-AGROPOLI/BN286
9.24,9.24,e,BADIN Giorgio,1971,SM45,ATLETICA GORIZIA CA. RI. FVG,1 su- 1,Udine,2016-01-16,https://www.fidal.it/atleta/BADIN-Giorgio/eauRk5OjbWY%3D,https://www.fidal.it/societa/ATLETICA-GORIZIA-CA--RI--FVG/GO050
9.24,9.24,e,IRRERA Lorenzo,1998,JM,ATL.STUD. RIETI ANDREA MILARDI,3 se- 3,Padova,2016-01-24,https://www.fidal.it/atleta/IRRERA-Lorenzo/f6uRkpKiaGU%3D,https://www.fidal.it/societa/ATL-STUD--RIETI-ANDREA-MILARDI/RI223
9.24,9.24,e,ROMANO Renzo,1967,SM45,ASD ATLETICA PISTOIA,2 se- 2,Ancona,2016-02-27,https://www.fidal.it/atleta/ROMANO-Renzo/faiRkpKgcGg%3D,https://www.fidal.it/societa/ASD-ATLETICA-PISTOIA/PT118
9.25,9.25,e,RAFRAF Farouk,1998,JM,UNIONE SPORTIVA ALBATESE ASD,3 se- 3,Padova,2016-01-10,https://www.fidal.it/atleta/RAFRAF-Farouk/dquRkpuicWg%3D,https://www.fidal.it/societa/UNIONE-SPORTIVA-ALBATESE-ASD/CO546
9.25,9.25,e,FONTI Niccolo',1997,JM,ATL.GROSSETO BANCA TEMA,2 fi- 1,Firenze,2016-01-23,https://www.fidal.it/atleta/FONTI-Niccolo-/faiSkpalcWo%3D,https://www.fidal.it/societa/ATL-GROSSETO-BANCA-TEMA/GR065
9.25,9.25,e,CHIODERA Marco,1997,JM,ATL. AVIS MACERATA,5 ba- 1,Ancona,2016-01-23,https://www.fidal.it/atleta/CHIODERA-Marco/e6uRkpKja2M%3D,https://www.fidal.it/societa/ATL--AVIS-MACERATA/MC004
9.25,9.25,e,ROMANO Renzo,1967,SM45,ASD ATLETICA PISTOIA,2 su- 1,Padova,2016-02-13,https://www.fidal.it/atleta/ROMANO-Renzo/faiRkpKgcGg%3D,https://www.fidal.it/societa/ASD-ATLETICA-PISTOIA/PT118
9.25,9.25,e,GELIO Nicholas,1997,JM,A.S.D.SSV BRIXEN LEICHTATHL.,2 fi- 1,Muenchen,2016-03-13,https://www.fidal.it/atleta/GELIO-Nicholas/iaiRk5SlbmQ%3D,https://www.fidal.it/societa/A-S-D-SSV-BRIXEN-LEICHTATHL-/BZ031
9.25,9.25,e,CAMASCHELLA Gian luca,1971,SM45,TEAM ATLETICO-MERCURIO NOVARA,2 ba- 2,Ancona,2016-04-01,https://www.fidal.it/atleta/CAMASCHELLA-Gian-luca/dKiRkpKjcGU%3D,https://www.fidal.it/societa/TEAM-ATLETICO-MERCURIO-NOVARA/NO020
9.26,9.26,e,FORLANO Marco,1997,JM,S.S. VITTORIO ALFIERI ASTI,1 ba- 1,Bra,2016-01-10,https://www.fidal.it/atleta/FORLANO-Marco/dKuRk5anamk%3D,https://www.fidal.it/societa/S-S--VITTORIO-ALFIERI-ASTI/AT001
9.27,9.27,e,RAFRAF Farouk,1998,JM,UNIONE SPORTIVA ALBATESE ASD,2 ba- 1,Saronno,2016-02-07,https://www.fidal.it/atleta/RAFRAF-Farouk/dquRkpuicWg%3D,https://www.fidal.it/societa/UNIONE-SPORTIVA-ALBATESE-ASD/CO546
9.28,9.28,e,FORLANO Marco,1997,JM,S.S. VITTORIO ALFIERI ASTI,1 fi- 1,Bra,2016-01-10,https://www.fidal.it/atleta/FORLANO-Marco/dKuRk5anamk%3D,https://www.fidal.it/societa/S-S--VITTORIO-ALFIERI-ASTI/AT001
9.28,9.28,e,CORDELLA Giovanni marco,1998,JM,A.S.D. ASTRO 2000 BN-AGROPOLI,6 su- 1,Ancona,2016-01-10,https://www.fidal.it/atleta/CORDELLA-Giovanni-marco/gKqRkpOfb2g%3D,https://www.fidal.it/societa/A-S-D--ASTRO-2000-BN-AGROPOLI/BN286
9.29,9.29,e,DOZIO Matteo,1998,JM,ATL. LECCO-COLOMBO COSTRUZ.,5 se- 1,Saronno,2016-01-23,https://www.fidal.it/atleta/DOZIO-Matteo/dquRkpmnbWk%3D,https://www.fidal.it/societa/ATL--LECCO-COLOMBO-COSTRUZ-/CO208
9.3,9.30,e,FONTI Niccolo',1997,JM,ATL.GROSSETO BANCA TEMA,2 ba- 1,Firenze,2016-01-23,https://www.fidal.it/atleta/FONTI-Niccolo-/faiSkpalcWo%3D,https://www.fidal.it/societa/ATL-GROSSETO-BANCA-TEMA/GR065
9.31,9.31,e,BENZA Jacopo,1997,JM,U.S. MAURINA OLIO CARLI,5 fi- 1,Aosta,2016-01-17,https://www.fidal.it/atleta/BENZA-Jacopo/daqRkpKkaWs%3D,https://www.fidal.it/societa/U-S--MAURINA-OLIO-CARLI/IM029
9.32,9.32,e,FUSER Giovanni,1998,JM,ATL.VICENTINA,6 su- 1,Padova,2016-01-10,https://www.fidal.it/atleta/FUSER-Giovanni/eK6Rk5KgaWg%3D,https://www.fidal.it/societa/ATL-VICENTINA/VI626
9.32,9.32,e,FORLANO Marco,1997,JM,S.S. VITTORIO ALFIERI ASTI,1 ba- 2,Aosta,2016-01-17,https://www.fidal.it/atleta/FORLANO-Marco/dKuRk5anamk%3D,https://www.fidal.it/societa/S-S--VITTORIO-ALFIERI-ASTI/AT001
9.32,9.32,e,ROMANO Renzo,1967,SM45,ASD ATLETICA PISTOIA,1 su- 1,Saronno,2016-03-06,https://www.fidal.it/atleta/ROMANO-Renzo/faiRkpKgcGg%3D,https://www.fidal.it/societa/ASD-ATLETICA-PISTOIA/PT118
9.33,9.33,e,SEMPRINI Alberto,1998,JM,EDERA ATL. FORLI,1 ba- 1,Ancona,2016-01-10,https://www.fidal.it/atleta/SEMPRINI-Alberto/equRkpKkbGs%3D,https://www.fidal.it/societa/EDERA-ATL--FORLI/FC038
9.33,9.33,e,SEMPRINI Alberto,1998,JM,EDERA ATL. FORLI,1 fi- 1,Ancona,2016-01-10,https://www.fidal.it/atleta/SEMPRINI-Alberto/equRkpKkbGs%3D,https://www.fidal.it/societa/EDERA-ATL--FORLI/FC038
9.33,9.33,e,ROMANO Renzo,1967,SM45,ASD ATLETICA PISTOIA,4 ba- 1,Firenze,2016-01-30,https://www.fidal.it/atleta/ROMANO-Renzo/faiRkpKgcGg%3D,https://www.fidal.it/societa/ASD-ATLETICA-PISTOIA/PT118
9.35,9.35,e,DAVIN Andrea,1998,JM,O.S.A. SARONNO LIB.,6 se- 1,Saronno,2016-01-23,https://www.fidal.it/atleta/DAVIN-Andrea/drKRkpmgb2Y%3D,https://www.fidal.it/societa/O-S-A--SARONNO-LIB-/VA119
9.36,9.36,e,CERIOLI Luca,1978,SM35,ATL. VIRTUS SENAGO,2 se- 3,Ancona,2016-03-30,https://www.fidal.it/atleta/CERIOLI-Luca/dqiRkpegbGw%3D,https://www.fidal.it/societa/ATL--VIRTUS-SENAGO/MI062
9.37,9.37,e,DAVIN Andrea,1998,JM,O.S.A. SARONNO LIB.,3 su- 1,Bergamo,2016-01-17,https://www.fidal.it/atleta/DAVIN-Andrea/drKRkpmgb2Y%3D,https://www.fidal.it/societa/O-S-A--SARONNO-LIB-/VA119
9.37,9.37,e,RAFRAF Farouk,1998,JM,UNIONE SPORTIVA ALBATESE ASD,2 fi- 1,Saronno,2016-02-07,https://www.fidal.it/atleta/RAFRAF-Farouk/dquRkpuicWg%3D,https://www.fidal.it/societa/UNIONE-SPORTIVA-ALBATESE-ASD/CO546
9.37,9.37,e,CORRIAS Marco,1974,SM40,SS ATL ORISTANO,1 su- 1,Iglesias,2016-02-14,https://www.fidal.it/atleta/CORRIAS-Marco/iKiRkpKkaWQ%3D,https://www.fidal.it/societa/SS-ATL-ORISTANO/OR030
9.38,9.38,e,ROMANO Renzo,1967,SM45,ASD ATLETICA PISTOIA,4 ba- 2,Ancona,2016-04-01,https://www.fidal.it/atleta/ROMANO-Renzo/faiRkpKgcGg%3D,https://www.fidal.it/societa/ASD-ATLETICA-PISTOIA/PT118
9.38,9.38,e,CAMASCHELLA Gian luca,1971,SM45,TEAM ATLETICO-MERCURIO NOVARA,7 fi- 1,Ancona,2016-04-02,https://www.fidal.it/atleta/CAMASCHELLA-Gian-luca/dKiRkpKjcGU%3D,https://www.fidal.it/societa/TEAM-ATLETICO-MERCURIO-NOVARA/NO020
9.39,9.39,e,CHIODERA Marco,1997,JM,ATL. AVIS MACERATA,3 ba- 2,Ancona,2016-01-16,https://www.fidal.it/atleta/CHIODERA-Marco/e6uRkpKja2M%3D,https://www.fidal.it/societa/ATL--AVIS-MACERATA/MC004
9.39,9.39,e,CAMASCHELLA Gian luca,1971,SM45,TEAM ATLETICO-MERCURIO NOVARA,3 se- 2,Ancona,2016-02-27,https://www.fidal.it/atleta/CAMASCHELLA-Gian-luca/dKiRkpKjcGU%3D,https://www.fidal.it/societa/TEAM-ATLETICO-MERCURIO-NOVARA/NO020
9.4,9.40,e,MONTRESOR Luca,1997,JM,ATL. INSIEME NEW FOODS VR,3 se- 2,Padova,2016-01-10,https://www.fidal.it/atleta/MONTRESOR-Luca/eKAAARkpejamk%3D,https://www.fidal.it/societa/ATL--INSIEME-NEW-FOODS-VR/VR761
9.41,9.41,e,BENZA Jacopo,1997,JM,U.S. MAURINA OLIO CARLI,2 ba- 2,Aosta,2016-01-17,https://www.fidal.it/atleta/BENZA-Jacopo/daqRkpKkaWs%3D,https://www.fidal.it/societa/U-S--MAURINA-OLIO-CARLI/IM029
9.42,9.42,e,DAVIN Andrea,1998,JM,O.S.A. SARONNO LIB.,4 se- 1,Saronno,2016-01-23,https://www.fidal.it/atleta/DAVIN-Andrea/drKRkpmgb2Y%3D,https://www.fidal.it/societa/O-S-A--SARONNO-LIB-/VA119
9.42,9.42,e,CAPCELEA Marin,1998,JM,ATL.CSAIN PERUGIA,4 se- 2,Padova,2016-01-24,https://www.fidal.it/atleta/CAPCELEA-Marin/fqmRkpSmcWU%3D,https://www.fidal.it/societa/ATL-CSAIN-PERUGIA/PG020
9.42,9.42,e,DOZIO Matteo,1998,JM,ATL. LECCO-COLOMBO COSTRUZ.,3 ba- 1,Saronno,2016-02-07,https://www.fidal.it/atleta/DOZIO-Matteo/dquRkpmnbWk%3D,https://www.fidal.it/societa/ATL--LECCO-COLOMBO-COSTRUZ-/CO208
9.44,9.44,e,MERCATILI Riccardo,1998,JM,COLLECTION ATLETICA SAMBENEDET,7 su- 1,Ancona,2016-01-10,https://www.fidal.it/atleta/MERCATILI-Riccardo/e6qRkpOkamM%3D,https://www.fidal.it/societa/COLLECTION-ATLETICA-SAMBENEDET/AP034
9.44,9.44,e,DOZIO Matteo,1998,JM,ATL. LECCO-COLOMBO COSTRUZ.,3 se- 2,Saronno,2016-01-23,https://www.fidal.it/atleta/DOZIO-Matteo/dquRkpmnbWk%3D,https://www.fidal.it/societa/ATL--LECCO-COLOMBO-COSTRUZ-/CO208
9.44,9.44,e,BROGI Stefano,1971,SM45,ASD LA GALLA PONTEDERA ATL.,2 se- 7,Ancona,2016-02-26,https://www.fidal.it/atleta/BROGI-Stefano/faiRkpKlbGM%3D,https://www.fidal.it/societa/ASD-LA-GALLA-PONTEDERA-ATL-/PI144
9.46,9.46,e,DE VITIS Niccolo',1998,JM,PROSPORT ATL. FIRENZE,2 se- 1,Firenze,2016-01-16,https://www.fidal.it/atleta/DE-VITIS-Niccolo-/faqRkpOmaWw%3D,https://www.fidal.it/societa/PROSPORT-ATL--FIRENZE/FI009
9.46,9.46,e,FORESI Andrea,1997,JM,ATLETICA LIVORNO,5 se- 2,Padova,2016-01-24,https://www.fidal.it/atleta/FORESI-Andrea/faiSkpKia2k%3D,https://www.fidal.it/societa/ATLETICA-LIVORNO/LI036
9.46,9.46,e,COZZOLINO Fausto,1971,SM45,ATLETICA POSILLIPO,4 se- 2,Ancona,2016-02-27,https://www.fidal.it/atleta/COZZOLINO-Fausto/gKiRkpKibWc%3D,https://www.fidal.it/societa/ATLETICA-POSILLIPO/NA983
9.47,9.47,e,DAVIN Andrea,1998,JM,O.S.A. SARONNO LIB.,3 su- 1,Bergamo,2016-01-17,https://www.fidal.it/atleta/DAVIN-Andrea/drKRkpmgb2Y%3D,https://www.fidal.it/societa/O-S-A--SARONNO-LIB-/VA119
9.47,9.47,e,FORLANO Marco,1997,JM,S.S. VITTORIO ALFIERI ASTI,2 ba- 1,Bra,2016-01-24,https://www.fidal.it/atleta/FORLANO-Marco/dKuRk5anamk%3D,https://www.fidal.it/societa/S-S--VITTORIO-ALFIERI-ASTI/AT001
9.47,9.47,e,DE MARCO Giacomo,1998,JM,CENTRO ATLETICA PIOMBINO,4 se- 3,Padova,2016-01-24,https://www.fidal.it/atleta/DE-MARCO-Giacomo/fayRkpOjbmY%3D,https://www.fidal.it/societa/CENTRO-ATLETICA-PIOMBINO/LI038
9.47,9.47,e,SPADONI Stefano,1997,JM,ATL. CASTELLO,3 fi- 1,Firenze,2016-01-30,https://www.fidal.it/atleta/SPADONI-Stefano/faqRkpSnb2c%3D,https://www.fidal.it/societa/ATL--CASTELLO/FI021
9.47,9.47,e,BROGI Stefano,1971,SM45,ASD LA GALLA PONTEDERA ATL.,5 se- 2,Ancona,2016-02-27,https://www.fidal.it/atleta/BROGI-Stefano/faiRkpKlbGM%3D,https://www.fidal.it/societa/ASD-LA-GALLA-PONTEDERA-ATL-/PI144
9.52,9.52,e,MERLO Marco,1998,JM,GRUPPO SPORTIVO VIRTUS,1 su- 1,Napoli,2016-02-06,https://www.fidal.it/atleta/MERLO-Marco/g6mRkpKfcWw%3D,https://www.fidal.it/societa/GRUPPO-SPORTIVO-VIRTUS/CB005
9.54,9.54,e,DOZIO Matteo,1998,JM,ATL. LECCO-COLOMBO COSTRUZ.,4 se- 3,Padova,2016-01-10,https://www.fidal.it/atleta/DOZIO-Matteo/dquRkpmnbWk%3D,https://www.fidal.it/societa/ATL--LECCO-COLOMBO-COSTRUZ-/CO208
9.56,9.56,e,DE MARCO Giacomo,1998,JM,CENTRO ATLETICA PIOMBINO,3 se- 1,Firenze,2016-01-16,https://www.fidal.it/atleta/DE-MARCO-Giacomo/fayRkpOjbmY%3D,https://www.fidal.it/societa/CENTRO-ATLETICA-PIOMBINO/LI038
9.57,9.57,e,CAPCELEA Marin,1998,JM,ATL.CSAIN PERUGIA,8 su- 1,Ancona,2016-01-10,https://www.fidal.it/atleta/CAPCELEA-Marin/fqmRkpSmcWU%3D,https://www.fidal.it/societa/ATL-CSAIN-PERUGIA/PG020
9.57,9.57,e,MALANDRA Gabriel,1998,JM,ATL.STUD. RIETI ANDREA MILARDI,8 ba- 1,Ancona,2016-01-31,https://www.fidal.it/atleta/MALANDRA-Gabriel/f6yRkpeoamM%3D,https://www.fidal.it/societa/ATL-STUD--RIETI-ANDREA-MILARDI/RI223
9.59,9.59,e,PASCUCCI Nicolas,1997,JM,TEAM-A LOMBARDIA,4 se- 1,Padova,2016-01-10,https://www.fidal.it/atleta/PASCUCCI-Nicolas/dq2RlZKfbmQ%3D,https://www.fidal.it/societa/TEAM-A-LOMBARDIA/MI774
9.59,9.59,e,CAON Federico,1998,JM,CUS INSUBRIA EOLO,99 se- 2,Saronno,2016-01-23,https://www.fidal.it/atleta/CAON-Federico/drKRkpmlb2w%3D,https://www.fidal.it/societa/CUS-INSUBRIA-EOLO/VA123
9.62,9.62,e,EBERT Samuele,1998,JM,LIB. VALPOLICELLA LUPATOTINA,5 se- 3,Padova,2016-01-10,https://www.fidal.it/atleta/EBERT-Samuele/eKAAARkpqncGY%3D,https://www.fidal.it/societa/LIB--VALPOLICELLA-LUPATOTINA/VR833
9.63,9.63,e,MONTRESOR Luca,1997,JM,ATL. INSIEME NEW FOODS VR,6 se- 2,Padova,2016-01-24,https://www.fidal.it/atleta/MONTRESOR-Luca/eKAAARkpejamk%3D,https://www.fidal.it/societa/ATL--INSIEME-NEW-FOODS-VR/VR761
9.63,9.63,e,ROMANO Renzo,1967,SM45,ASD ATLETICA PISTOIA,4 fi- 1,Firenze,2016-01-30,https://www.fidal.it/atleta/ROMANO-Renzo/faiRkpKgcGg%3D,https://www.fidal.it/societa/ASD-ATLETICA-PISTOIA/PT118
9.64,9.64,e,MERCATILI Riccardo,1998,JM,COLLECTION ATLETICA SAMBENEDET,4 ba- 2,Ancona,2016-01-16,https://www.fidal.it/atleta/MERCATILI-Riccardo/e6qRkpOkamM%3D,https://www.fidal.it/societa/COLLECTION-ATLETICA-SAMBENEDET/AP034
9.65,9.65,e,LAGO Alberto,1979,SM35,ATL.BIOTEKNA MARCON,3 su- 1,Padova,2016-02-13,https://www.fidal.it/atleta/LAGO-Alberto/eKiRkpancWs%3D,https://www.fidal.it/societa/ATL-BIOTEKNA-MARCON/VE471
9.66,9.66,e,MONTRESOR Luca,1997,JM,ATL. INSIEME NEW FOODS VR,6 ba- 1,Padova,2016-01-17,https://www.fidal.it/atleta/MONTRESOR-Luca/eKAAARkpejamk%3D,https://www.fidal.it/societa/ATL--INSIEME-NEW-FOODS-VR/VR761
9.66,9.66,e,VEDANA Filippo,1974,SM40,A.ATL.DOLOMITI BELLUNO,2 se- 8,Ancona,2016-02-26,https://www.fidal.it/atleta/VEDANA-Filippo/eKmRlJKicWs%3D,https://www.fidal.it/societa/A-ATL-DOLOMITI-BELLUNO/BL010
9.7,9.70,e,MENGONI Roman,1998,JM,S.S. LAZIO ATLETICA LEGGERA,4 ba- 1,Roma,2016-01-31,https://www.fidal.it/atleta/MENGONI-Roman/f6yRkpWmamU%3D,https://www.fidal.it/societa/S-S--LAZIO-ATLETICA-LEGGERA/RM050
9.71,9.71,e,VILLA Andrea,1998,JM,O.S.A. SARONNO LIB.,3 ba- 1,Aosta,2016-01-17,https://www.fidal.it/atleta/VILLA-Andrea/drKRkpana2c%3D,https://www.fidal.it/societa/O-S-A--SARONNO-LIB-/VA119
9.72,9.72,e,MENGONI Roman,1998,JM,S.S. LAZIO ATLETICA LEGGERA,4 fi- 1,Roma,2016-01-31,https://www.fidal.it/atleta/MENGONI-Roman/f6yRkpWmamU%3D,https://www.fidal.it/societa/S-S--LAZIO-ATLETICA-LEGGERA/RM050
9.73,9.73,e,FORESI Andrea,1997,JM,ATLETICA LIVORNO,5 se- 1,Padova,2016-01-10,https://www.fidal.it/atleta/FORESI-Andrea/faiSkpKia2k%3D,https://www.fidal.it/societa/ATLETICA-LIVORNO/LI036
9.73,9.73,e,DE LUCA Simone,1976,SM40,A.S. LA FRATELLANZA 1874,1 se- 1,Ancona,2016-03-30,https://www.fidal.it/atleta/DE-LUCA-Simone/eqiRkpmhcGU%3D,https://www.fidal.it/societa/A-S--LA-FRATELLANZA-1874/MO052
9.73,9.73,e,NETTUNO Federico,1975,SM40,N.ATL. FANFULLA LODIGIANA,2 se- 3,Ancona,2016-03-30,https://www.fidal.it/atleta/NETTUNO-Federico/dqiRkpahamo%3D,https://www.fidal.it/societa/N-ATL--FANFULLA-LODIGIANA/MI218
9.77,9.77,e,VEDANA Filippo,1974,SM40,A.ATL.DOLOMITI BELLUNO,3 su- 1,Ancona,2016-02-27,https://www.fidal.it/atleta/VEDANA-Filippo/eKmRlJKicWs%3D,https://www.fidal.it/societa/A-ATL-DOLOMITI-BELLUNO/BL010
9.81,9.81,e,SPINI Ivan,1968,SM45,S G AMSICORA,4 ba- 1,Ancona,2016-04-01,https://www.fidal.it/atleta/SPINI-Ivan/iKmRkpWha2M%3D,https://www.fidal.it/societa/S-G-AMSICORA/CA002
9.82,9.82,e,MALANDRA Gabriel,1998,JM,ATL.STUD. RIETI ANDREA MILARDI,7 fi- 1,Ancona,2016-01-31,https://www.fidal.it/atleta/MALANDRA-Gabriel/f6yRkpeoamM%3D,https://www.fidal.it/societa/ATL-STUD--RIETI-ANDREA-MILARDI/RI223
9.82,9.82,e,PELLANDA Roberto,1975,SM40,DAINI CARATE BRIANZA,2 su- 1,Saronno,2016-03-06,https://www.fidal.it/atleta/PELLANDA-Roberto/dq2RkpWoamY%3D,https://www.fidal.it/societa/DAINI-CARATE-BRIANZA/MI095
9.82,9.82,e,VEDANA Filippo,1974,SM40,A.ATL.DOLOMITI BELLUNO,2 se- 1,Ancona,2016-03-30,https://www.fidal.it/atleta/VEDANA-Filippo/eKmRlJKicWs%3D,https://www.fidal.it/societa/A-ATL-DOLOMITI-BELLUNO/BL010
9.85,9.85,e,CAON Federico,1998,JM,CUS INSUBRIA EOLO,4 se- 2,Saronno,2016-01-23,https://www.fidal.it/atleta/CAON-Federico/drKRkpmlb2w%3D,https://www.fidal.it/societa/CUS-INSUBRIA-EOLO/VA123
9.86,9.86,e,DOZIO Matteo,1998,JM,ATL. LECCO-COLOMBO COSTRUZ.,3 fi- 1,Saronno,2016-02-07,https://www.fidal.it/atleta/DOZIO-Matteo/dquRkpmnbWk%3D,https://www.fidal.it/societa/ATL--LECCO-COLOMBO-COSTRUZ-/CO208
9.86,9.86,e,DE LUCA Simone,1976,SM40,A.S. LA FRATELLANZA 1874,4 su- 1,Ancona,2016-02-27,https://www.fidal.it/atleta/DE-LUCA-Simone/eqiRkpmhcGU%3D,https://www.fidal.it/societa/A-S--LA-FRATELLANZA-1874/MO052
9.88,9.88,e,FAVRO Stefano,1998,JM,ATLETICA CANAVESANA,6 fi- 1,Aosta,2016-01-17,https://www.fidal.it/atleta/FAVRO-Stefano/dKAAARk5ufamk%3D,https://www.fidal.it/societa/ATLETICA-CANAVESANA/TO015
9.88,9.88,e,EBERT Samuele,1998,JM,LIB. VALPOLICELLA LUPATOTINA,7 se- 2,Padova,2016-01-24,https://www.fidal.it/atleta/EBERT-Samuele/eKAAARkpqncGY%3D,https://www.fidal.it/societa/LIB--VALPOLICELLA-LUPATOTINA/VR833
9.9,9.90,e,COLZANI Francesco,1998,JM,ATLETICA MONZA,4 se- 2,Padova,2016-01-10,https://www.fidal.it/atleta/COLZANI-Francesco/dq2RlpenamQ%3D,https://www.fidal.it/societa/ATLETICA-MONZA/MI710
9.9,9.90,e,FAVRO Stefano,1998,JM,ATLETICA CANAVESANA,3 ba- 2,Aosta,2016-01-17,https://www.fidal.it/atleta/FAVRO-Stefano/dKAAARk5ufamk%3D,https://www.fidal.it/societa/ATLETICA-CANAVESANA/TO015
9.91,9.91,e,CICCHELLI Gian lorenzo,1969,SM45,ASD 'VINI FANTINI',3 se- 7,Ancona,2016-02-26,https://www.fidal.it/atleta/CICCHELLI-Gian-lorenzo/gauRkpKfamg%3D,https://www.fidal.it/societa/ASD-VINI-FANTINI-/PE032
9.94,9.94,e,SPINI Ivan,1968,SM45,S G AMSICORA,4 se- 7,Ancona,2016-02-26,https://www.fidal.it/atleta/SPINI-Ivan/iKmRkpWha2M%3D,https://www.fidal.it/societa/S-G-AMSICORA/CA002
9.94,9.94,e,BAITELLI Raffaello,1967,SM45,ATL. VALLE IMAGNA,1 se- 1,Ancona,2016-02-27,https://www.fidal.it/atleta/BAITELLI-Raffaello/dqmRl5OjaGs%3D,https://www.fidal.it/societa/ATL--VALLE-IMAGNA/BG511
9.97,9.97,e,SPINI Ivan,1968,SM45,S G AMSICORA,2 se- 1,Ancona,2016-02-27,https://www.fidal.it/atleta/SPINI-Ivan/iKmRkpWha2M%3D,https://www.fidal.it/societa/S-G-AMSICORA/CA002
10.0,10.00,e,SPINI Ivan,1968,SM45,S G AMSICORA,1 su- 1,Iglesias,2016-01-24,https://www.fidal.it/atleta/SPINI-Ivan/iKmRkpWha2M%3D,https://www.fidal.it/societa/S-G-AMSICORA/CA002
10.02,10.02,e,CICCHELLI Gian lorenzo,1969,SM45,ASD 'VINI FANTINI',3 se- 1,Ancona,2016-02-27,https://www.fidal.it/atleta/CICCHELLI-Gian-lorenzo/gauRkpKfamg%3D,https://www.fidal.it/societa/ASD-VINI-FANTINI-/PE032
10.03,10.03,e,MINIERO Stefano,1998,JM,A.S.D. ASTRO 2000 BN-AGROPOLI,8 se- 2,Padova,2016-01-24,https://www.fidal.it/atleta/MINIERO-Stefano/gKyRkpOkb2k%3D,https://www.fidal.it/societa/A-S-D--ASTRO-2000-BN-AGROPOLI/BN286
10.13,10.13,e,BERTOGLIO Alex,1998,JM,C.S.S. LEONARDO DA VINCI,3 fi- 1,Muenchen,2016-03-13,https://www.fidal.it/atleta/BERTOGLIO-Alex/iaiRk5Olbmw%3D,https://www.fidal.it/societa/C-S-S--LEONARDO-DA-VINCI/BZ071
10.15,10.15,e,BERTOGLIO Alex,1998,JM,C.S.S. LEONARDO DA VINCI,5 ba- 2,Padova,2016-01-17,https://www.fidal.it/atleta/BERTOGLIO-Alex/iaiRk5Olbmw%3D,https://www.fidal.it/societa/C-S-S--LEONARDO-DA-VINCI/BZ071
10.24,10.24,e,FASSINA Andrea,1998,JM,TEAM-A LOMBARDIA,6 se- 1,Padova,2016-01-10,https://www.fidal.it/atleta/FASSINA-Andrea/dq2RlZKfbWw%3D,https://www.fidal.it/societa/TEAM-A-LOMBARDIA/MI774
10.24,10.24,e,BAITELLI Raffaello,1967,SM45,ATL. VALLE IMAGNA,1 se- 2,Ancona,2016-03-30,https://www.fidal.it/atleta/BAITELLI-Raffaello/dqmRl5OjaGs%3D,https://www.fidal.it/societa/ATL--VALLE-IMAGNA/BG511
10.33,10.33,e,STAFFIERI Marco,1998,JM,CUS CASSINO,2 su- 1,Napoli,2016-02-06,https://www.fidal.it/atleta/STAFFIERI-Marco/f6mRkpKnb2Q%3D,https://www.fidal.it/societa/CUS-CASSINO/FR256
10.34,10.34,e,CHIODERA Marco,1997,JM,ATL. AVIS MACERATA,7 fi- 1,Ancona,2016-01-16,https://www.fidal.it/atleta/CHIODERA-Marco/e6uRkpKja2M%3D,https://www.fidal.it/societa/ATL--AVIS-MACERATA/MC004
10.35,10.35,e,PELLANDA Roberto,1975,SM40,DAINI CARATE BRIANZA,4 se- 2,Ancona,2016-03-30,https://www.fidal.it/atleta/PELLANDA-Roberto/dq2RkpWoamY%3D,https://www.fidal.it/societa/DAINI-CARATE-BRIANZA/MI095
10.58,10.58,e,SIRONI Kevin,1998,JM,UNIONE SPORTIVA ALBATESE ASD,5 se- 2,Padova,2016-01-10,https://www.fidal.it/atleta/SIRONI-Kevin/dquRkpiha2g%3D,https://www.fidal.it/societa/UNIONE-SPORTIVA-ALBATESE-ASD/CO546
10.69,10.69,e,LAGO Alberto,1979,SM35,ATL.BIOTEKNA MARCON,4 ba- 1,Ancona,2016-04-01,https://www.fidal.it/atleta/LAGO-Alberto/eKiRkpancWs%3D,https://www.fidal.it/societa/ATL-BIOTEKNA-MARCON/VE471
10.8,10.80,e,LORUSSO Mirko,1997,JM,ATLETICA ALTAMURA,3 su- 1,Napoli,2016-02-06,https://www.fidal.it/atleta/LORUSSO-Mirko/hKmRkpKgaGk%3D,https://www.fidal.it/societa/ATLETICA-ALTAMURA/BA715
10.81,10.81,e,BIANCO Simone,1997,JM,S.S. TRIONFO LIGURE,5 se- 3,Padova,2016-01-24,https://www.fidal.it/atleta/BIANCO-Simone/dayRkpKlb2U%3D,https://www.fidal.it/societa/S-S--TRIONFO-LIGURE/GE003
10.86,10.86,e,FORTUNATO Roberto,1972,SM40,ATL.VICENTINA,5 su- 1,Ancona,2016-02-27,https://www.fidal.it/atleta/FORTUNATO-Roberto/eKiRk5SgcGU%3D,https://www.fidal.it/societa/ATL-VICENTINA/VI626
10.88,10.88,e,PETRONE Gianluca,1972,SM40,DUE PONTI SRL,3 se- 8,Ancona,2016-02-26,https://www.fidal.it/atleta/PETRONE-Gianluca/f6iRkpOmaGQ%3D,https://www.fidal.it/societa/DUE-PONTI-SRL/RM129
10.89,10.89,e,MASOUDI Edoardo,1998,JM,LIB. VALPOLICELLA LUPATOTINA,6 se- 2,Padova,2016-01-10,https://www.fidal.it/atleta/MASOUDI-Edoardo/eKAAARkpWfcGM%3D,https://www.fidal.it/societa/LIB--VALPOLICELLA-LUPATOTINA/VR833
10.9,10.90,e,CAPRIOLI Riccardo,1978,SM35,ATL. ROMA ACQUACETOSA,4 se- 1,Ancona,2016-03-30,https://www.fidal.it/atleta/CAPRIOLI-Riccardo/f6iRkpWla2M%3D,https://www.fidal.it/societa/ATL--ROMA-ACQUACETOSA/RM161
10.93,10.93,e,CONTI Carlo,1968,SM45,ATL. CASAZZA,5 se- 7,Ancona,2016-02-26,https://www.fidal.it/atleta/CONTI-Carlo/dqmRl5qjbWo%3D,https://www.fidal.it/societa/ATL--CASAZZA/BG225
11.24,11.24,e,ZANETTI Paolo,1977,SM35,A.S.D. ATLETICA CINQUE CERCHI,5 se- 1,Ancona,2016-03-30,https://www.fidal.it/atleta/ZANETTI-Paolo/eq2RkpOlcGM%3D,https://www.fidal.it/societa/A-S-D--ATLETICA-CINQUE-CERCHI/PC461
11.3,11.30,e,BENNATI Danny,1970,SM45,DUE PONTI SRL,6 se- 7,Ancona,2016-02-26,https://www.fidal.it/atleta/BENNATI-Danny/f6iRkpKjbms%3D,https://www.fidal.it/societa/DUE-PONTI-SRL/RM129
11.47,11.47,e,ZANETTI Paolo,1977,SM35,A.S.D. ATLETICA CINQUE CERCHI,3 se- 9,Ancona,2016-02-26,https://www.fidal.it/atleta/ZANETTI-Paolo/eq2RkpOlcGM%3D,https://www.fidal.it/societa/A-S-D--ATLETICA-CINQUE-CERCHI/PC461
11.91,11.91,e,MENGOLI Rosario,1969,SM45,CLUB CORRERE GALATINA,7 se- 7,Ancona,2016-02-26,https://www.fidal.it/atleta/MENGOLI-Rosario/hKyRkpOkams%3D,https://www.fidal.it/societa/CLUB-CORRERE-GALATINA/LE303
11.96,11.96,e,CASAGRANDE Luca,1971,SM45,A.S.ATHLON BASTIA,4 se- 1,Ancona,2016-02-27,https://www.fidal.it/atleta/CASAGRANDE-Luca/fqiRkpihbGk%3D,https://www.fidal.it/societa/A-S-ATHLON-BASTIA/PG003
12.04,12.04,e,DI BLASI Manfred,1969,SM45,G.S. C.S.I. MORBEGNO,8 se- 7,Ancona,2016-02-26,https://www.fidal.it/atleta/DI-BLASI-Manfred/dqiSl5ifa2Q%3D,https://www.fidal.it/societa/G-S--C-S-I--MORBEGNO/SO114
12.18,12.18,e,POPULIN Davide,1970,SM45,ATL. AMBROSIANA,3 su- 1,Saronno,2016-03-06,https://www.fidal.it/atleta/POPULIN-Davide/dq2RlpqgbGY%3D,https://www.fidal.it/societa/ATL--AMBROSIANA/MI189
12.31,12.31,e,POLETTI Marco,1971,SM45,ATL. CASSANO D'ADDA,4 se- 3,Ancona,2016-03-30,https://www.fidal.it/atleta/POLETTI-Marco/dq2RlpShamQ%3D,https://www.fidal.it/societa/ATL--CASSANO-D-ADDA/MI238
12.37,12.37,e,CICERONI Luciano,1977,SM35,RUNNING OLTREPO',4 se- 9,Ancona,2016-02-26,https://www.fidal.it/atleta/CICERONI-Luciano/dqAAARl5Oka2U%3D,https://www.fidal.it/societa/RUNNING-OLTREPO-/PV628
12.37,12.37,e,DI BLASI Manfred,1969,SM45,G.S. C.S.I. MORBEGNO,3 se- 3,Ancona,2016-03-30,https://www.fidal.it/atleta/DI-BLASI-Manfred/dqiSl5ifa2Q%3D,https://www.fidal.it/societa/G-S--C-S-I--MORBEGNO/SO114
12.38,12.38,e,PELLORCA Jampier,1976,SM40,S.S. LAZIO ATLETICA LEGGERA,4 se- 8,Ancona,2016-02-26,https://www.fidal.it/atleta/PELLORCA-Jampier/f6yRkpeibGc%3D,https://www.fidal.it/societa/S-S--LAZIO-ATLETICA-LEGGERA/RM050
13.0,13.00,e,CHIODERA Marco,1997,JM,ATL. AVIS MACERATA,4 fi- 1,Ancona,2016-01-23,https://www.fidal.it/atleta/CHIODERA-Marco/e6uRkpKja2M%3D,https://www.fidal.it/societa/ATL--AVIS-MACERATA/MC004
13.02,13.02,e,DI BLASI Manfred,1969,SM45,G.S. C.S.I. MORBEGNO,4 su- 1,Saronno,2016-03-06,https://www.fidal.it/atleta/DI-BLASI-Manfred/dqiSl5ifa2Q%3D,https://www.fidal.it/societa/G-S--C-S-I--MORBEGNO/SO114
13.31,13.31,e,ALFE' Alessandro,1975,SM40,TRIESTE ATLETICA,5 se- 8,Ancona,2016-02-26,https://www.fidal.it/atleta/ALFE-Alessandro/eaiRkpSgbWs%3D,https://www.fidal.it/societa/TRIESTE-ATLETICA/TS044
13.74,13.74,e,MONDILLA Nicola,1970,SM45,S.S.FIAMMA ATL.CATANZARO,5 se- 1,Ancona,2016-02-27,https://www.fidal.it/atleta/MONDILLA-Nicola/hqiRkpKfb2c%3D,https://www.fidal.it/societa/S-S-FIAMMA-ATL-CATANZARO/CZ010
15.77,15.77,e,GRUTTADAURIA Michele,1973,SM40,A.S.D. TRACK CLUB MASTER CL,5 se- 1,Ancona,2016-03-30,https://www.fidal.it/atleta/GRUTTADAURIA-Michele/h6qRkpKka2w%3D,https://www.fidal.it/societa/A-S-D--TRACK-CLUB-MASTER-CL/CL150
7.83,7.83,e,DI PANFILO Mattia,1999,JM,A.S.D. ATLETICA FUTURA ROMA,2 ex- 1,Halle,2017-03-04,https://www.fidal.it/atleta/DI-PANFILO-Mattia/f6iRmZincWw%3D,https://www.fidal.it/societa/A-S-D--ATLETICA-FUTURA-ROMA/RM555
7.88,7.88,e,MONTINI Mattia,1999,JM,ATL. LECCO-COLOMBO COSTRUZ.,3 ex- 1,Halle,2017-03-04,https://www.fidal.it/atleta/MONTINI-Mattia/dquRkpefbWg%3D,https://www.fidal.it/societa/ATL--LECCO-COLOMBO-COSTRUZ-/CO208
7.91,7.91,e,DI PANFILO Mattia,1999,JM,A.S.D. ATLETICA FUTURA ROMA,2 se- 1,Halle,2017-03-04,https://www.fidal.it/atleta/DI-PANFILO-Mattia/f6iRmZincWw%3D,https://www.fidal.it/societa/A-S-D--ATLETICA-FUTURA-ROMA/RM555
7.97,7.97,e,DI PANFILO Mattia,1999,JM,A.S.D. ATLETICA FUTURA ROMA,1 fi- 1,Ancona,2017-02-05,https://www.fidal.it/atleta/DI-PANFILO-Mattia/f6iRmZincWw%3D,https://www.fidal.it/societa/A-S-D--ATLETICA-FUTURA-ROMA/RM555
7.97,7.97,e,MONTINI Mattia,1999,JM,ATL. LECCO-COLOMBO COSTRUZ.,1 sf- 3,Ancona,2017-02-05,https://www.fidal.it/atleta/MONTINI-Mattia/dquRkpefbWg%3D,https://www.fidal.it/societa/ATL--LECCO-COLOMBO-COSTRUZ-/CO208
7.98,7.98,e,DI PANFILO Mattia,1999,JM,A.S.D. ATLETICA FUTURA ROMA,1 sf- 1,Ancona,2017-02-05,https://www.fidal.it/atleta/DI-PANFILO-Mattia/f6iRmZincWw%3D,https://www.fidal.it/societa/A-S-D--ATLETICA-FUTURA-ROMA/RM555
7.99,7.99,e,MONTINI Mattia,1999,JM,ATL. LECCO-COLOMBO COSTRUZ.,1 ba- 2,Ancona,2017-02-05,https://www.fidal.it/atleta/MONTINI-Mattia/dquRkpefbWg%3D,https://www.fidal.it/societa/ATL--LECCO-COLOMBO-COSTRUZ-/CO208
8.0,8.00,e,MONTINI Mattia,1999,JM,ATL. LECCO-COLOMBO COSTRUZ.,2 fi- 1,Ancona,2017-02-05,https://www.fidal.it/atleta/MONTINI-Mattia/dquRkpefbWg%3D,https://www.fidal.it/societa/ATL--LECCO-COLOMBO-COSTRUZ-/CO208
8.01,8.01,e,DI PANFILO Mattia,1999,JM,A.S.D. ATLETICA FUTURA ROMA,1 fi- 1,Ancona,2017-01-29,https://www.fidal.it/atleta/DI-PANFILO-Mattia/f6iRmZincWw%3D,https://www.fidal.it/societa/A-S-D--ATLETICA-FUTURA-ROMA/RM555
8.02,8.02,e,DI PANFILO Mattia,1999,JM,A.S.D. ATLETICA FUTURA ROMA,1 ba- 1,Ancona,2017-02-05,https://www.fidal.it/atleta/DI-PANFILO-Mattia/f6iRmZincWw%3D,https://www.fidal.it/societa/A-S-D--ATLETICA-FUTURA-ROMA/RM555
8.03,8.03,e,MONTINI Mattia,1999,JM,ATL. LECCO-COLOMBO COSTRUZ.,4 se- 1,Halle,2017-03-04,https://www.fidal.it/atleta/MONTINI-Mattia/dquRkpefbWg%3D,https://www.fidal.it/societa/ATL--LECCO-COLOMBO-COSTRUZ-/CO208
8.09,8.09,e,MONTINI Mattia,1999,JM,ATL. LECCO-COLOMBO COSTRUZ.,1 su- 1,Padova,2017-01-15,https://www.fidal.it/atleta/MONTINI-Mattia/dquRkpefbWg%3D,https://www.fidal.it/societa/ATL--LECCO-COLOMBO-COSTRUZ-/CO208
8.09,8.09,e,DI PANFILO Mattia,1999,JM,A.S.D. ATLETICA FUTURA ROMA,1 ba- 1,Ancona,2017-01-29,https://www.fidal.it/atleta/DI-PANFILO-Mattia/f6iRmZincWw%3D,https://www.fidal.it/societa/A-S-D--ATLETICA-FUTURA-ROMA/RM555
8.11,8.11,e,MONTINI Mattia,1999,JM,ATL. LECCO-COLOMBO COSTRUZ.,1 su- 1,Saronno,2017-01-21,https://www.fidal.it/atleta/MONTINI-Mattia/dquRkpefbWg%3D,https://www.fidal.it/societa/ATL--LECCO-COLOMBO-COSTRUZ-/CO208
8.12,8.12,e,GALBIATI Amos,1999,JM,ATL.  CENTO TORRI PAVIA,6 fi- 1,Magglingen,2017-01-28,https://www.fidal.it/atleta/GALBIATI-Amos/dq2RlpWibmo%3D,https://www.fidal.it/societa/ATL--CENTO-TORRI-PAVIA/PV110
8.13,8.13,e,MARCHETTI Giovanni,1998,JM,S.E.F. VIRTUS EMILSIDER BO,1 fi- 1,Modena,2017-02-26,https://www.fidal.it/atleta/MARCHETTI-Giovanni/eqiRlpmoaGw%3D,https://www.fidal.it/societa/S-E-F--VIRTUS-EMILSIDER-BO/BO007
8.14,8.14,e,BERGAMASCHI Matteo,1998,JM,C.U.S. PARMA,3 fi- 1,Ancona,2017-02-05,https://www.fidal.it/atleta/BERGAMASCHI-Matteo/eq6RkpWmaWM%3D,https://www.fidal.it/societa/C-U-S--PARMA/PR068
8.15,8.15,e,DI PANFILO Mattia,1999,JM,A.S.D. ATLETICA FUTURA ROMA,1 fi- 1,Ancona,2017-01-21,https://www.fidal.it/atleta/DI-PANFILO-Mattia/f6iRmZincWw%3D,https://www.fidal.it/societa/A-S-D--ATLETICA-FUTURA-ROMA/RM555
8.16,8.16,e,MONTINI Mattia,1999,JM,ATL. LECCO-COLOMBO COSTRUZ.,1 se- 1,Saronno,2017-01-21,https://www.fidal.it/atleta/MONTINI-Mattia/dquRkpefbWg%3D,https://www.fidal.it/societa/ATL--LECCO-COLOMBO-COSTRUZ-/CO208
8.17,8.17,e,GALBIATI Amos,1999,JM,ATL.  CENTO TORRI PAVIA,4 ba- 1,Magglingen,2017-01-28,https://www.fidal.it/atleta/GALBIATI-Amos/dq2RlpWibmo%3D,https://www.fidal.it/societa/ATL--CENTO-TORRI-PAVIA/PV110
8.17,8.17,e,MARCHETTI Giovanni,1998,JM,S.E.F. VIRTUS EMILSIDER BO,4 fi- 1,Ancona,2017-02-05,https://www.fidal.it/atleta/MARCHETTI-Giovanni/eqiRlpmoaGw%3D,https://www.fidal.it/societa/S-E-F--VIRTUS-EMILSIDER-BO/BO007
8.2,8.20,e,DI PANFILO Mattia,1999,JM,A.S.D. ATLETICA FUTURA ROMA,1 ba- 1,Ancona,2017-01-21,https://www.fidal.it/atleta/DI-PANFILO-Mattia/f6iRmZincWw%3D,https://www.fidal.it/societa/A-S-D--ATLETICA-FUTURA-ROMA/RM555
8.21,8.21,e,LIBERA Francesco,1999,JM,ATL.  VALLI DI NON E SOLE,2 sf- 3,Ancona,2017-02-05,https://www.fidal.it/atleta/LIBERA-Francesco/d6iRk5Kmb2Y%3D,https://www.fidal.it/societa/ATL--VALLI-DI-NON-E-SOLE/TN102
8.23,8.23,e,BERGAMASCHI Matteo,1998,JM,C.U.S. PARMA,1 fi- 1,Modena,2017-01-28,https://www.fidal.it/atleta/BERGAMASCHI-Matteo/eq6RkpWmaWM%3D,https://www.fidal.it/societa/C-U-S--PARMA/PR068
8.23,8.23,e,GALBIATI Amos,1999,JM,ATL.  CENTO TORRI PAVIA,1 sf- 2,Ancona,2017-02-05,https://www.fidal.it/atleta/GALBIATI-Amos/dq2RlpWibmo%3D,https://www.fidal.it/societa/ATL--CENTO-TORRI-PAVIA/PV110
8.24,8.24,e,LIBERA Francesco,1999,JM,ATL.  VALLI DI NON E SOLE,5 fi- 1,Ancona,2017-02-05,https://www.fidal.it/atleta/LIBERA-Francesco/d6iRk5Kmb2Y%3D,https://www.fidal.it/societa/ATL--VALLI-DI-NON-E-SOLE/TN102
8.24,8.24,e,LIBERA Francesco,1999,JM,ATL.  VALLI DI NON E SOLE,2 fi- 1,Modena,2017-02-26,https://www.fidal.it/atleta/LIBERA-Francesco/d6iRk5Kmb2Y%3D,https://www.fidal.it/societa/ATL--VALLI-DI-NON-E-SOLE/TN102
8.25,8.25,e,MARCHETTI Giovanni,1998,JM,S.E.F. VIRTUS EMILSIDER BO,2 sf- 1,Ancona,2017-02-05,https://www.fidal.it/atleta/MARCHETTI-Giovanni/eqiRlpmoaGw%3D,https://www.fidal.it/societa/S-E-F--VIRTUS-EMILSIDER-BO/BO007
8.26,8.26,e,MARCHETTI Giovanni,1998,JM,S.E.F. VIRTUS EMILSIDER BO,2 fi- 1,Modena,2017-01-28,https://www.fidal.it/atleta/MARCHETTI-Giovanni/eqiRlpmoaGw%3D,https://www.fidal.it/societa/S-E-F--VIRTUS-EMILSIDER-BO/BO007
8.26,8.26,e,GALBIATI Amos,1999,JM,ATL.  CENTO TORRI PAVIA,1 ba- 3,Ancona,2017-02-05,https://www.fidal.it/atleta/GALBIATI-Amos/dq2RlpWibmo%3D,https://www.fidal.it/societa/ATL--CENTO-TORRI-PAVIA/PV110
8.27,8.27,e,BERGAMASCHI Matteo,1998,JM,C.U.S. PARMA,2 sf- 2,Ancona,2017-02-05,https://www.fidal.it/atleta/BERGAMASCHI-Matteo/eq6RkpWmaWM%3D,https://www.fidal.it/societa/C-U-S--PARMA/PR068
8.28,8.28,e,BOLDRINI Simone,1998,JM,A.S. LA FRATELLANZA 1874,1 fi- 1,Modena,2017-01-14,https://www.fidal.it/atleta/BOLDRINI-Simone/eqyRkpOgamQ%3D,https://www.fidal.it/societa/A-S--LA-FRATELLANZA-1874/MO052
8.28,8.28,e,VILLA Andrea,1998,JM,O.S.A. SARONNO LIB.,2 su- 1,Saronno,2017-01-21,https://www.fidal.it/atleta/VILLA-Andrea/drKRkpana2c%3D,https://www.fidal.it/societa/O-S-A--SARONNO-LIB-/VA119
8.28,8.28,e,BERGAMASCHI Matteo,1998,JM,C.U.S. PARMA,1 ba- 5,Ancona,2017-02-05,https://www.fidal.it/atleta/BERGAMASCHI-Matteo/eq6RkpWmaWM%3D,https://www.fidal.it/societa/C-U-S--PARMA/PR068
8.28,8.28,e,MARCHETTI Giovanni,1998,JM,S.E.F. VIRTUS EMILSIDER BO,1 ba- 2,Modena,2017-02-26,https://www.fidal.it/atleta/MARCHETTI-Giovanni/eqiRlpmoaGw%3D,https://www.fidal.it/societa/S-E-F--VIRTUS-EMILSIDER-BO/BO007
8.29,8.29,e,BERGAMASCHI Matteo,1998,JM,C.U.S. PARMA,1 ba- 1,Modena,2017-01-28,https://www.fidal.it/atleta/BERGAMASCHI-Matteo/eq6RkpWmaWM%3D,https://www.fidal.it/societa/C-U-S--PARMA/PR068
8.3,8.30,e,BOLDRINI Simone,1998,JM,A.S. LA FRATELLANZA 1874,1 ba- 1,Modena,2017-01-21,https://www.fidal.it/atleta/BOLDRINI-Simone/eqyRkpOgamQ%3D,https://www.fidal.it/societa/A-S--LA-FRATELLANZA-1874/MO052
8.3,8.30,e,VILLA Andrea,1998,JM,O.S.A. SARONNO LIB.,2 se- 1,Saronno,2017-01-21,https://www.fidal.it/atleta/VILLA-Andrea/drKRkpana2c%3D,https://www.fidal.it/societa/O-S-A--SARONNO-LIB-/VA119
8.3,8.30,e,BOLDRINI Simone,1998,JM,A.S. LA FRATELLANZA 1874,3 sf- 3,Ancona,2017-02-05,https://www.fidal.it/atleta/BOLDRINI-Simone/eqyRkpOgamQ%3D,https://www.fidal.it/societa/A-S--LA-FRATELLANZA-1874/MO052
8.31,8.31,e,VILLA Andrea,1998,JM,O.S.A. SARONNO LIB.,3 sf- 2,Ancona,2017-02-05,https://www.fidal.it/atleta/VILLA-Andrea/drKRkpana2c%3D,https://www.fidal.it/societa/O-S-A--SARONNO-LIB-/VA119
8.31,8.31,e,GALBIATI Amos,1999,JM,ATL.  CENTO TORRI PAVIA,6 fi- 1,Ancona,2017-02-05,https://www.fidal.it/atleta/GALBIATI-Amos/dq2RlpWibmo%3D,https://www.fidal.it/societa/ATL--CENTO-TORRI-PAVIA/PV110
8.31,8.31,e,LIBERA Francesco,1999,JM,ATL.  VALLI DI NON E SOLE,2 ba- 2,Modena,2017-02-26,https://www.fidal.it/atleta/LIBERA-Francesco/d6iRk5Kmb2Y%3D,https://www.fidal.it/societa/ATL--VALLI-DI-NON-E-SOLE/TN102
8.32,8.32,e,LIBERA Francesco,1999,JM,ATL.  VALLI DI NON E SOLE,2 ba- 3,Ancona,2017-02-05,https://www.fidal.it/atleta/LIBERA-Francesco/d6iRk5Kmb2Y%3D,https://www.fidal.it/societa/ATL--VALLI-DI-NON-E-SOLE/TN102
8.34,8.34,e,VILLA Andrea,1998,JM,O.S.A. SARONNO LIB.,1 fi- 1,Aosta,2017-01-14,https://www.fidal.it/atleta/VILLA-Andrea/drKRkpana2c%3D,https://www.fidal.it/societa/O-S-A--SARONNO-LIB-/VA119
8.34,8.34,e,BOLDRINI Simone,1998,JM,A.S. LA FRATELLANZA 1874,1 fi- 1,Modena,2017-01-21,https://www.fidal.it/atleta/BOLDRINI-Simone/eqyRkpOgamQ%3D,https://www.fidal.it/societa/A-S--LA-FRATELLANZA-1874/MO052
8.34,8.34,e,BERGAMASCHI Matteo,1998,JM,C.U.S. PARMA,2 fi- 1,Modena,2017-01-21,https://www.fidal.it/atleta/BERGAMASCHI-Matteo/eq6RkpWmaWM%3D,https://www.fidal.it/societa/C-U-S--PARMA/PR068
8.35,8.35,e,MARCHETTI Giovanni,1998,JM,S.E.F. VIRTUS EMILSIDER BO,2 fi- 1,Modena,2017-01-14,https://www.fidal.it/atleta/MARCHETTI-Giovanni/eqiRlpmoaGw%3D,https://www.fidal.it/societa/S-E-F--VIRTUS-EMILSIDER-BO/BO007
8.36,8.36,e,MARCHETTI Giovanni,1998,JM,S.E.F. VIRTUS EMILSIDER BO,1 ba- 4,Ancona,2017-02-05,https://www.fidal.it/atleta/MARCHETTI-Giovanni/eqiRlpmoaGw%3D,https://www.fidal.it/societa/S-E-F--VIRTUS-EMILSIDER-BO/BO007
8.37,8.37,e,MANDUSIC Max,1998,JM,TRIESTE ATLETICA,1 fi- 1,Padova,2017-01-08,https://www.fidal.it/atleta/MANDUSIC-Max/eauRk5OfbWc%3D,https://www.fidal.it/societa/TRIESTE-ATLETICA/TS044
8.37,8.37,e,GALBIATI Amos,1999,JM,ATL.  CENTO TORRI PAVIA,1 su- 1,Bergamo,2017-01-14,https://www.fidal.it/atleta/GALBIATI-Amos/dq2RlpWibmo%3D,https://www.fidal.it/societa/ATL--CENTO-TORRI-PAVIA/PV110
8.37,8.37,e,BOLDRINI Simone,1998,JM,A.S. LA FRATELLANZA 1874,7 fi- 1,Ancona,2017-02-05,https://www.fidal.it/atleta/BOLDRINI-Simone/eqyRkpOgamQ%3D,https://www.fidal.it/societa/A-S--LA-FRATELLANZA-1874/MO052
8.37,8.37,e,VILLA Andrea,1998,JM,O.S.A. SARONNO LIB.,8 fi- 1,Ancona,2017-02-05,https://www.fidal.it/atleta/VILLA-Andrea/drKRkpana2c%3D,https://www.fidal.it/societa/O-S-A--SARONNO-LIB-/VA119
8.37,8.37,e,MIGLIETTA Riccardo,1999,JM,ATL.VICENTINA,3 fi- 1,Modena,2017-02-26,https://www.fidal.it/atleta/MIGLIETTA-Riccardo/eK6RkpSocGo%3D,https://www.fidal.it/societa/ATL-VICENTINA/VI626
8.39,8.39,e,SIENA Leone,1999,JM,ASD LIB. MANTOVA MASCH-FEMM.,4 sf- 2,Ancona,2017-02-05,https://www.fidal.it/atleta/SIENA-Leone/dq6RkpKka2U%3D,https://www.fidal.it/societa/ASD-LIB--MANTOVA-MASCH-FEMM-/MN043
8.39,8.39,e,MIGLIETTA Riccardo,1999,JM,ATL.VICENTINA,1 ba- 1,Modena,2017-02-26,https://www.fidal.it/atleta/MIGLIETTA-Riccardo/eK6RkpSocGo%3D,https://www.fidal.it/societa/ATL-VICENTINA/VI626
8.39,8.39,e,GENTILI Lorenzo,1998,JM,CENTRO ATLETICA PIOMBINO,4 fi- 1,Modena,2017-02-26,https://www.fidal.it/atleta/GENTILI-Lorenzo/fayRkpWka2g%3D,https://www.fidal.it/societa/CENTRO-ATLETICA-PIOMBINO/LI038
8.4,8.40,e,MARCHETTI Giovanni,1998,JM,S.E.F. VIRTUS EMILSIDER BO,1 ba- 1,Modena,2017-01-14,https://www.fidal.it/atleta/MARCHETTI-Giovanni/eqiRlpmoaGw%3D,https://www.fidal.it/societa/S-E-F--VIRTUS-EMILSIDER-BO/BO007
8.4,8.40,e,MASTRIPPOLITO Giovanni,1998,JM,S.E.F. VIRTUS EMILSIDER BO,3 fi- 1,Modena,2017-01-28,https://www.fidal.it/atleta/MASTRIPPOLITO-Giovanni/eqiRlpOoa2Q%3D,https://www.fidal.it/societa/S-E-F--VIRTUS-EMILSIDER-BO/BO007
8.4,8.40,e,BERGAMASCHI Matteo,1998,JM,C.U.S. PARMA,2 ba- 1,Modena,2017-02-26,https://www.fidal.it/atleta/BERGAMASCHI-Matteo/eq6RkpWmaWM%3D,https://www.fidal.it/societa/C-U-S--PARMA/PR068
8.41,8.41,e,MASTRIPPOLITO Giovanni,1998,JM,S.E.F. VIRTUS EMILSIDER BO,3 fi- 1,Modena,2017-01-21,https://www.fidal.it/atleta/MASTRIPPOLITO-Giovanni/eqiRlpOoa2Q%3D,https://www.fidal.it/societa/S-E-F--VIRTUS-EMILSIDER-BO/BO007
8.41,8.41,e,BERGAMASCHI Matteo,1998,JM,C.U.S. PARMA,5 fi- 1,Modena,2017-02-26,https://www.fidal.it/atleta/BERGAMASCHI-Matteo/eq6RkpWmaWM%3D,https://www.fidal.it/societa/C-U-S--PARMA/PR068
8.42,8.42,e,MARCHETTI Giovanni,1998,JM,S.E.F. VIRTUS EMILSIDER BO,1 ba- 2,Modena,2017-01-28,https://www.fidal.it/atleta/MARCHETTI-Giovanni/eqiRlpmoaGw%3D,https://www.fidal.it/societa/S-E-F--VIRTUS-EMILSIDER-BO/BO007
8.42,8.42,e,BOLDRINI Simone,1998,JM,A.S. LA FRATELLANZA 1874,2 ba- 4,Ancona,2017-02-05,https://www.fidal.it/atleta/BOLDRINI-Simone/eqyRkpOgamQ%3D,https://www.fidal.it/societa/A-S--LA-FRATELLANZA-1874/MO052
8.42,8.42,e,LEONE Marco,1998,JM,ATL. LECCO-COLOMBO COSTRUZ.,4 sf- 3,Ancona,2017-02-05,https://www.fidal.it/atleta/LEONE-Marco/dquRkpWmaGg%3D,https://www.fidal.it/societa/ATL--LECCO-COLOMBO-COSTRUZ-/CO208
8.43,8.43,e,ROBBIN Jean marie,1998,JM,ATLETICA SANDRO CALVESI,2 ba- 1,Ancona,2017-02-05,https://www.fidal.it/atleta/ROBBIN-Jean-marie/dKqRkpKhcGM%3D,https://www.fidal.it/societa/ATLETICA-SANDRO-CALVESI/AO004
8.44,8.44,e,ROBBIN Jean marie,1998,JM,ATLETICA SANDRO CALVESI,1 fi- 1,Aosta,2017-01-22,https://www.fidal.it/atleta/ROBBIN-Jean-marie/dKqRkpKhcGM%3D,https://www.fidal.it/societa/ATLETICA-SANDRO-CALVESI/AO004
8.44,8.44,e,GENTILI Lorenzo,1998,JM,CENTRO ATLETICA PIOMBINO,3 ba- 1,Modena,2017-02-26,https://www.fidal.it/atleta/GENTILI-Lorenzo/fayRkpWka2g%3D,https://www.fidal.it/societa/CENTRO-ATLETICA-PIOMBINO/LI038
8.45,8.45,e,GALBIATI Amos,1999,JM,ATL.  CENTO TORRI PAVIA,1 su- 1,Bergamo,2017-01-14,https://www.fidal.it/atleta/GALBIATI-Amos/dq2RlpWibmo%3D,https://www.fidal.it/societa/ATL--CENTO-TORRI-PAVIA/PV110
8.45,8.45,e,VILLA Andrea,1998,JM,O.S.A. SARONNO LIB.,2 ba- 5,Ancona,2017-02-05,https://www.fidal.it/atleta/VILLA-Andrea/drKRkpana2c%3D,https://www.fidal.it/societa/O-S-A--SARONNO-LIB-/VA119
8.46,8.46,e,MASTRIPPOLITO Giovanni,1998,JM,S.E.F. VIRTUS EMILSIDER BO,3 fi- 1,Modena,2017-01-14,https://www.fidal.it/atleta/MASTRIPPOLITO-Giovanni/eqiRlpOoa2Q%3D,https://www.fidal.it/societa/S-E-F--VIRTUS-EMILSIDER-BO/BO007
8.47,8.47,e,BERGAMASCHI Matteo,1998,JM,C.U.S. PARMA,2 ba- 1,Modena,2017-01-14,https://www.fidal.it/atleta/BERGAMASCHI-Matteo/eq6RkpWmaWM%3D,https://www.fidal.it/societa/C-U-S--PARMA/PR068
8.47,8.47,e,BERGAMASCHI Matteo,1998,JM,C.U.S. PARMA,4 fi- 1,Modena,2017-01-14,https://www.fidal.it/atleta/BERGAMASCHI-Matteo/eq6RkpWmaWM%3D,https://www.fidal.it/societa/C-U-S--PARMA/PR068
8.47,8.47,e,SIENA Leone,1999,JM,ASD LIB. MANTOVA MASCH-FEMM.,5 fi- 1,Modena,2017-01-14,https://www.fidal.it/atleta/SIENA-Leone/dq6RkpKka2U%3D,https://www.fidal.it/societa/ASD-LIB--MANTOVA-MASCH-FEMM-/MN043
8.47,8.47,e,ROBBIN Jean marie,1998,JM,ATLETICA SANDRO CALVESI,1 ba- 1,Aosta,2017-01-22,https://www.fidal.it/atleta/ROBBIN-Jean-marie/dKqRkpKhcGM%3D,https://www.fidal.it/societa/ATLETICA-SANDRO-CALVESI/AO004
8.47,8.47,e,GENTILI Lorenzo,1998,JM,CENTRO ATLETICA PIOMBINO,1 se- 1,Padova,2017-01-29,https://www.fidal.it/atleta/GENTILI-Lorenzo/fayRkpWka2g%3D,https://www.fidal.it/societa/CENTRO-ATLETICA-PIOMBINO/LI038
8.48,8.48,e,MIGLIETTA Riccardo,1999,JM,ATL.VICENTINA,1 ba- 1,Padova,2017-01-08,https://www.fidal.it/atleta/MIGLIETTA-Riccardo/eK6RkpSocGo%3D,https://www.fidal.it/societa/ATL-VICENTINA/VI626
8.48,8.48,e,NAIDON Lorenzo,1999,JM,U.S. QUERCIA TRENTINGRANA,2 se- 1,Padova,2017-01-29,https://www.fidal.it/atleta/NAIDON-Lorenzo/d6iRk5imbGY%3D,https://www.fidal.it/societa/U-S--QUERCIA-TRENTINGRANA/TN109
8.48,8.48,e,ROBBIN Jean marie,1998,JM,ATLETICA SANDRO CALVESI,3 sf- 1,Ancona,2017-02-05,https://www.fidal.it/atleta/ROBBIN-Jean-marie/dKqRkpKhcGM%3D,https://www.fidal.it/societa/ATLETICA-SANDRO-CALVESI/AO004
8.49,8.49,e,MASTRIPPOLITO Giovanni,1998,JM,S.E.F. VIRTUS EMILSIDER BO,2 ba- 1,Modena,2017-01-21,https://www.fidal.it/atleta/MASTRIPPOLITO-Giovanni/eqiRlpOoa2Q%3D,https://www.fidal.it/societa/S-E-F--VIRTUS-EMILSIDER-BO/BO007
8.49,8.49,e,DENZA Fabio,1999,JM,ATLETICA LIVORNO,4 sf- 1,Ancona,2017-02-05,https://www.fidal.it/atleta/DENZA-Fabio/faiSkpqlaGk%3D,https://www.fidal.it/societa/ATLETICA-LIVORNO/LI036
8.49,8.49,e,MELPIGNANO Luca,1999,JM,SISPORT SSD,5 sf- 2,Ancona,2017-02-05,https://www.fidal.it/atleta/MELPIGNANO-Luca/dK6RlpakaGQ%3D,https://www.fidal.it/societa/SISPORT-SSD/TO002
8.5,8.50,e,VILLA Andrea,1998,JM,O.S.A. SARONNO LIB.,1 ba- 1,Aosta,2017-01-14,https://www.fidal.it/atleta/VILLA-Andrea/drKRkpana2c%3D,https://www.fidal.it/societa/O-S-A--SARONNO-LIB-/VA119
8.5,8.50,e,GATTO Andy,1999,JM,A.S.D. ATLETICA ALBA,1 fi- 1,Bra,2017-01-15,https://www.fidal.it/atleta/GATTO-Andy/dKyRlJOibms%3D,https://www.fidal.it/societa/A-S-D--ATLETICA-ALBA/CN008
8.5,8.50,e,MIGLIETTA Riccardo,1999,JM,ATL.VICENTINA,1 se- 3,Padova,2017-01-15,https://www.fidal.it/atleta/MIGLIETTA-Riccardo/eK6RkpSocGo%3D,https://www.fidal.it/societa/ATL-VICENTINA/VI626
8.5,8.50,e,BERGAMASCHI Matteo,1998,JM,C.U.S. PARMA,3 ba- 1,Modena,2017-01-21,https://www.fidal.it/atleta/BERGAMASCHI-Matteo/eq6RkpWmaWM%3D,https://www.fidal.it/societa/C-U-S--PARMA/PR068
8.5,8.50,e,LEONE Marco,1998,JM,ATL. LECCO-COLOMBO COSTRUZ.,3 se- 1,Padova,2017-01-29,https://www.fidal.it/atleta/LEONE-Marco/dquRkpWmaGg%3D,https://www.fidal.it/societa/ATL--LECCO-COLOMBO-COSTRUZ-/CO208
8.5,8.50,e,MIGLIETTA Riccardo,1999,JM,ATL.VICENTINA,3 ba- 3,Ancona,2017-02-05,https://www.fidal.it/atleta/MIGLIETTA-Riccardo/eK6RkpSocGo%3D,https://www.fidal.it/societa/ATL-VICENTINA/VI626
8.51,8.51,e,VICENTINI Pietro,1999,JM,ATL. INSIEME NEW FOODS VR,1 ba- 2,Modena,2017-01-21,https://www.fidal.it/atleta/VICENTINI-Pietro/eKAAARkpufaGk%3D,https://www.fidal.it/societa/ATL--INSIEME-NEW-FOODS-VR/VR761
8.51,8.51,e,SIENA Leone,1999,JM,ASD LIB. MANTOVA MASCH-FEMM.,4 su- 1,Saronno,2017-01-21,https://www.fidal.it/atleta/SIENA-Leone/dq6RkpKka2U%3D,https://www.fidal.it/societa/ASD-LIB--MANTOVA-MASCH-FEMM-/MN043
8.51,8.51,e,MELIS Dante,1998,JM,S G AMSICORA,1 su- 1,Iglesias,2017-01-22,https://www.fidal.it/atleta/MELIS-Dante/iKmRkpilbGc%3D,https://www.fidal.it/societa/S-G-AMSICORA/CA002
8.51,8.51,e,PAGANINI Lorenzo,1999,JM,PRO SESTO ATL.,6 sf- 2,Ancona,2017-02-05,https://www.fidal.it/atleta/PAGANINI-Lorenzo/dq2RlZmgbmQ%3D,https://www.fidal.it/societa/PRO-SESTO-ATL-/MI089
8.51,8.51,e,ZULIANI Zeno maria,1998,JM,ATL. INSIEME NEW FOODS VR,7 sf- 2,Ancona,2017-02-05,https://www.fidal.it/atleta/ZULIANI-Zeno-maria/eKAAARkpufamQ%3D,https://www.fidal.it/societa/ATL--INSIEME-NEW-FOODS-VR/VR761
8.52,8.52,e,SIENA Leone,1999,JM,ASD LIB. MANTOVA MASCH-FEMM.,3 se- 1,Saronno,2017-01-21,https://www.fidal.it/atleta/SIENA-Leone/dq6RkpKka2U%3D,https://www.fidal.it/societa/ASD-LIB--MANTOVA-MASCH-FEMM-/MN043
8.52,8.52,e,MASTRIPPOLITO Giovanni,1998,JM,S.E.F. VIRTUS EMILSIDER BO,3 ba- 1,Ancona,2017-02-05,https://www.fidal.it/atleta/MASTRIPPOLITO-Giovanni/eqiRlpOoa2Q%3D,https://www.fidal.it/societa/S-E-F--VIRTUS-EMILSIDER-BO/BO007
8.52,8.52,e,GATTO Andy,1999,JM,A.S.D. ATLETICA ALBA,5 sf- 1,Ancona,2017-02-05,https://www.fidal.it/atleta/GATTO-Andy/dKyRlJOibms%3D,https://www.fidal.it/societa/A-S-D--ATLETICA-ALBA/CN008
8.53,8.53,e,LEONE Marco,1998,JM,ATL. LECCO-COLOMBO COSTRUZ.,3 ba- 4,Ancona,2017-02-05,https://www.fidal.it/atleta/LEONE-Marco/dquRkpWmaGg%3D,https://www.fidal.it/societa/ATL--LECCO-COLOMBO-COSTRUZ-/CO208
8.53,8.53,e,MASTRIPPOLITO Giovanni,1998,JM,S.E.F. VIRTUS EMILSIDER BO,5 sf- 3,Ancona,2017-02-05,https://www.fidal.it/atleta/MASTRIPPOLITO-Giovanni/eqiRlpOoa2Q%3D,https://www.fidal.it/societa/S-E-F--VIRTUS-EMILSIDER-BO/BO007
8.53,8.53,e,MIGLIETTA Riccardo,1999,JM,ATL.VICENTINA,6 sf- 1,Ancona,2017-02-05,https://www.fidal.it/atleta/MIGLIETTA-Riccardo/eK6RkpSocGo%3D,https://www.fidal.it/societa/ATL-VICENTINA/VI626
8.54,8.54,e,SCHIFFEREGGER Thomas,1998,JM,SSV BRUNECK BRUNICO VOLKSBANK,1 fi- 1,Innsbruck,2017-01-14,https://www.fidal.it/atleta/SCHIFFEREGGER-Thomas/iaiRkpujaWs%3D,https://www.fidal.it/societa/SSV-BRUNECK-BRUNICO-VOLKSBANK/BZ008
8.54,8.54,e,CHIUSOLO Matteo,1998,JM,SPORTRACE,1 se- 2,Padova,2017-01-29,https://www.fidal.it/atleta/CHIUSOLO-Matteo/f6yRkpWnbGU%3D,https://www.fidal.it/societa/SPORTRACE/RM243
8.54,8.54,e,MELPIGNANO Luca,1999,JM,SISPORT SSD,2 ba- 2,Ancona,2017-02-05,https://www.fidal.it/atleta/MELPIGNANO-Luca/dK6RlpakaGQ%3D,https://www.fidal.it/societa/SISPORT-SSD/TO002
8.54,8.54,e,BOSCOLI Nicola,1998,JM,CENTRO ATLETICA COPPARO,3 ba- 5,Ancona,2017-02-05,https://www.fidal.it/atleta/BOSCOLI-Nicola/eqqRkpKlaGg%3D,https://www.fidal.it/societa/CENTRO-ATLETICA-COPPARO/FE028
8.55,8.55,e,ZULIANI Zeno maria,1998,JM,ATL. INSIEME NEW FOODS VR,4 ba- 4,Ancona,2017-02-05,https://www.fidal.it/atleta/ZULIANI-Zeno-maria/eKAAARkpufamQ%3D,https://www.fidal.it/societa/ATL--INSIEME-NEW-FOODS-VR/VR761
8.56,8.56,e,GIACOMETTI Leonardo,1998,JM,ASSOCIAZIONE ATLETICA N.E.VI.,2 ba- 1,Padova,2017-01-08,https://www.fidal.it/atleta/GIACOMETTI-Leonardo/eKqRkpWfb2g%3D,https://www.fidal.it/societa/ASSOCIAZIONE-ATLETICA-N-E-VI-/VI623
8.56,8.56,e,GATTO Andy,1999,JM,A.S.D. ATLETICA ALBA,1 ba- 2,Bra,2017-01-15,https://www.fidal.it/atleta/GATTO-Andy/dKyRlJOibms%3D,https://www.fidal.it/societa/A-S-D--ATLETICA-ALBA/CN008
8.56,8.56,e,GENTILI Lorenzo,1998,JM,CENTRO ATLETICA PIOMBINO,1 se- 1,Padova,2017-01-15,https://www.fidal.it/atleta/GENTILI-Lorenzo/fayRkpWka2g%3D,https://www.fidal.it/societa/CENTRO-ATLETICA-PIOMBINO/LI038
8.56,8.56,e,PAGANINI Lorenzo,1999,JM,PRO SESTO ATL.,5 su- 1,Saronno,2017-01-21,https://www.fidal.it/atleta/PAGANINI-Lorenzo/dq2RlZmgbmQ%3D,https://www.fidal.it/societa/PRO-SESTO-ATL-/MI089
8.56,8.56,e,MASTRIPPOLITO Giovanni,1998,JM,S.E.F. VIRTUS EMILSIDER BO,2 ba- 2,Modena,2017-01-28,https://www.fidal.it/atleta/MASTRIPPOLITO-Giovanni/eqiRlpOoa2Q%3D,https://www.fidal.it/societa/S-E-F--VIRTUS-EMILSIDER-BO/BO007
8.56,8.56,e,MANOJLOVIC Loris,1998,JM,COLLECTION ATLETICA SAMBENEDET,2 ba- 1,Ancona,2017-01-29,https://www.fidal.it/atleta/MANOJLOVIC-Loris/e6iRk5agcGk%3D,https://www.fidal.it/societa/COLLECTION-ATLETICA-SAMBENEDET/AP034
8.56,8.56,e,MELIS Dante,1998,JM,S G AMSICORA,7 sf- 1,Ancona,2017-02-05,https://www.fidal.it/atleta/MELIS-Dante/iKmRkpilbGc%3D,https://www.fidal.it/societa/S-G-AMSICORA/CA002
8.57,8.57,e,LEONE Marco,1998,JM,ATL. LECCO-COLOMBO COSTRUZ.,4 se- 1,Saronno,2017-01-21,https://www.fidal.it/atleta/LEONE-Marco/dquRkpWmaGg%3D,https://www.fidal.it/societa/ATL--LECCO-COLOMBO-COSTRUZ-/CO208
8.57,8.57,e,LEONE Marco,1998,JM,ATL. LECCO-COLOMBO COSTRUZ.,6 su- 1,Saronno,2017-01-21,https://www.fidal.it/atleta/LEONE-Marco/dquRkpWmaGg%3D,https://www.fidal.it/societa/ATL--LECCO-COLOMBO-COSTRUZ-/CO208
8.57,8.57,e,GATTO Andy,1999,JM,A.S.D. ATLETICA ALBA,4 ba- 5,Ancona,2017-02-05,https://www.fidal.it/atleta/GATTO-Andy/dKyRlJOibms%3D,https://www.fidal.it/societa/A-S-D--ATLETICA-ALBA/CN008
8.58,8.58,e,BOZZA Matteo,1998,JM,ATL BRUGNERA PN FRIULINTAGLI,1 su- 1,Udine,2017-01-21,https://www.fidal.it/atleta/BOZZA-Matteo/eaqRkpqiamw%3D,https://www.fidal.it/societa/ATL-BRUGNERA-PN-FRIULINTAGLI/PN039
8.58,8.58,e,BOSCOLI Nicola,1998,JM,CENTRO ATLETICA COPPARO,4 fi- 1,Modena,2017-01-28,https://www.fidal.it/atleta/BOSCOLI-Nicola/eqqRkpKlaGg%3D,https://www.fidal.it/societa/CENTRO-ATLETICA-COPPARO/FE028
8.58,8.58,e,PAGANINI Lorenzo,1999,JM,PRO SESTO ATL.,5 ba- 4,Ancona,2017-02-05,https://www.fidal.it/atleta/PAGANINI-Lorenzo/dq2RlZmgbmQ%3D,https://www.fidal.it/societa/PRO-SESTO-ATL-/MI089
8.59,8.59,e,BELTRAME Giacomo,1998,JM,ATLETICA MALIGNANI LIBERTAS UD,1 su- 1,Udine,2017-01-14,https://www.fidal.it/atleta/BELTRAME-Giacomo/eayRk5Olb2g%3D,https://www.fidal.it/societa/ATLETICA-MALIGNANI-LIBERTAS-UD/UD030
8.59,8.59,e,NAIDON Lorenzo,1999,JM,U.S. QUERCIA TRENTINGRANA,2 se- 3,Padova,2017-01-15,https://www.fidal.it/atleta/NAIDON-Lorenzo/d6iRk5imbGY%3D,https://www.fidal.it/societa/U-S--QUERCIA-TRENTINGRANA/TN109
8.59,8.59,e,DENZA Fabio,1999,JM,ATLETICA LIVORNO,1 ba- 1,Firenze,2017-01-28,https://www.fidal.it/atleta/DENZA-Fabio/faiSkpqlaGk%3D,https://www.fidal.it/societa/ATLETICA-LIVORNO/LI036
8.59,8.59,e,CARRIERO Daniele,1999,JM,POL.ATL. ENDAS CESENATICO,3 ba- 2,Modena,2017-01-28,https://www.fidal.it/atleta/CARRIERO-Daniele/eqiRlpmna2Y%3D,https://www.fidal.it/societa/POL-ATL--ENDAS-CESENATICO/FC338
8.59,8.59,e,SCHIFFEREGGER Thomas,1998,JM,SSV BRUNECK BRUNICO VOLKSBANK,4 se- 1,Padova,2017-01-29,https://www.fidal.it/atleta/SCHIFFEREGGER-Thomas/iaiRkpujaWs%3D,https://www.fidal.it/societa/SSV-BRUNECK-BRUNICO-VOLKSBANK/BZ008
8.6,8.60,e,ROBBIN Jean marie,1998,JM,ATLETICA SANDRO CALVESI,1 su- 1,Aosta,2017-01-08,https://www.fidal.it/atleta/ROBBIN-Jean-marie/dKqRkpKhcGM%3D,https://www.fidal.it/societa/ATLETICA-SANDRO-CALVESI/AO004
8.6,8.60,e,MASTRIPPOLITO Giovanni,1998,JM,S.E.F. VIRTUS EMILSIDER BO,3 ba- 1,Modena,2017-01-14,https://www.fidal.it/atleta/MASTRIPPOLITO-Giovanni/eqiRlpOoa2Q%3D,https://www.fidal.it/societa/S-E-F--VIRTUS-EMILSIDER-BO/BO007
8.6,8.60,e,BOSCOLI Nicola,1998,JM,CENTRO ATLETICA COPPARO,4 ba- 1,Modena,2017-01-14,https://www.fidal.it/atleta/BOSCOLI-Nicola/eqqRkpKlaGg%3D,https://www.fidal.it/societa/CENTRO-ATLETICA-COPPARO/FE028
8.6,8.60,e,MELPIGNANO Luca,1999,JM,SISPORT SSD,2 fi- 1,Bra,2017-01-15,https://www.fidal.it/atleta/MELPIGNANO-Luca/dK6RlpakaGQ%3D,https://www.fidal.it/societa/SISPORT-SSD/TO002
8.6,8.60,e,SPOTTI Gabriele,1999,JM,ATL.  CENTO TORRI PAVIA,2 ba- 2,Magglingen,2017-01-28,https://www.fidal.it/atleta/SPOTTI-Gabriele/dqmRl5qicGg%3D,https://www.fidal.it/societa/ATL--CENTO-TORRI-PAVIA/PV110
8.6,8.60,e,ZULIANI Zeno maria,1998,JM,ATL. INSIEME NEW FOODS VR,3 ba- 2,Modena,2017-02-26,https://www.fidal.it/atleta/ZULIANI-Zeno-maria/eKAAARkpufamQ%3D,https://www.fidal.it/societa/ATL--INSIEME-NEW-FOODS-VR/VR761
8.61,8.61,e,ROBBIN Jean marie,1998,JM,ATLETICA SANDRO CALVESI,2 ba- 1,Aosta,2017-01-14,https://www.fidal.it/atleta/ROBBIN-Jean-marie/dKqRkpKhcGM%3D,https://www.fidal.it/societa/ATLETICA-SANDRO-CALVESI/AO004
8.61,8.61,e,BOZZA Matteo,1998,JM,ATL BRUGNERA PN FRIULINTAGLI,2 su- 1,Udine,2017-01-14,https://www.fidal.it/atleta/BOZZA-Matteo/eaqRkpqiamw%3D,https://www.fidal.it/societa/ATL-BRUGNERA-PN-FRIULINTAGLI/PN039
8.61,8.61,e,SABBATINI Simone,1998,JM,TEAM ATLETICA MARCHE,1 fi- 2,Modena,2017-02-26,https://www.fidal.it/atleta/SABBATINI-Simone/e6iRk5mibmk%3D,https://www.fidal.it/societa/TEAM-ATLETICA-MARCHE/FM050
8.62,8.62,e,BOSCOLI Nicola,1998,JM,CENTRO ATLETICA COPPARO,2 ba- 1,Modena,2017-01-28,https://www.fidal.it/atleta/BOSCOLI-Nicola/eqqRkpKlaGg%3D,https://www.fidal.it/societa/CENTRO-ATLETICA-COPPARO/FE028
8.62,8.62,e,BOSCOLI Nicola,1998,JM,CENTRO ATLETICA COPPARO,8 sf- 1,Ancona,2017-02-05,https://www.fidal.it/atleta/BOSCOLI-Nicola/eqqRkpKlaGg%3D,https://www.fidal.it/societa/CENTRO-ATLETICA-COPPARO/FE028
8.63,8.63,e,MANDUSIC Max,1998,JM,TRIESTE ATLETICA,3 ba- 1,Padova,2017-01-08,https://www.fidal.it/atleta/MANDUSIC-Max/eauRk5OfbWc%3D,https://www.fidal.it/societa/TRIESTE-ATLETICA/TS044
8.63,8.63,e,BARBINI Luca,1999,JM,ATL. LECCO-COLOMBO COSTRUZ.,1 se- 2,Padova,2017-01-15,https://www.fidal.it/atleta/BARBINI-Luca/iKiSmZmiaWw%3D,https://www.fidal.it/societa/ATL--LECCO-COLOMBO-COSTRUZ-/CO208
8.63,8.63,e,ZULIANI Zeno maria,1998,JM,ATL. INSIEME NEW FOODS VR,2 ba- 2,Modena,2017-01-21,https://www.fidal.it/atleta/ZULIANI-Zeno-maria/eKAAARkpufamQ%3D,https://www.fidal.it/societa/ATL--INSIEME-NEW-FOODS-VR/VR761
8.63,8.63,e,MIGLIETTA Riccardo,1999,JM,ATL.VICENTINA,5 se- 1,Padova,2017-01-29,https://www.fidal.it/atleta/MIGLIETTA-Riccardo/eK6RkpSocGo%3D,https://www.fidal.it/societa/ATL-VICENTINA/VI626
8.63,8.63,e,SIENA Leone,1999,JM,ASD LIB. MANTOVA MASCH-FEMM.,3 ba- 2,Ancona,2017-02-05,https://www.fidal.it/atleta/SIENA-Leone/dq6RkpKka2U%3D,https://www.fidal.it/societa/ASD-LIB--MANTOVA-MASCH-FEMM-/MN043
8.64,8.64,e,CHIUSOLO Matteo,1998,JM,SPORTRACE,1 su- 1,Ancona,2017-01-08,https://www.fidal.it/atleta/CHIUSOLO-Matteo/f6yRkpWnbGU%3D,https://www.fidal.it/societa/SPORTRACE/RM243
8.64,8.64,e,ROBBIN Jean marie,1998,JM,ATLETICA SANDRO CALVESI,2 fi- 1,Aosta,2017-01-14,https://www.fidal.it/atleta/ROBBIN-Jean-marie/dKqRkpKhcGM%3D,https://www.fidal.it/societa/ATLETICA-SANDRO-CALVESI/AO004
8.64,8.64,e,CARRIERO Daniele,1999,JM,POL.ATL. ENDAS CESENATICO,5 fi- 1,Modena,2017-01-28,https://www.fidal.it/atleta/CARRIERO-Daniele/eqiRlpmna2Y%3D,https://www.fidal.it/societa/POL-ATL--ENDAS-CESENATICO/FC338
8.64,8.64,e,ROBBIN Jean marie,1998,JM,ATLETICA SANDRO CALVESI,6 se- 1,Padova,2017-01-29,https://www.fidal.it/atleta/ROBBIN-Jean-marie/dKqRkpKhcGM%3D,https://www.fidal.it/societa/ATLETICA-SANDRO-CALVESI/AO004
8.64,8.64,e,BARBINI Luca,1999,JM,ATL. LECCO-COLOMBO COSTRUZ.,7 se- 1,Padova,2017-01-29,https://www.fidal.it/atleta/BARBINI-Luca/iKiSmZmiaWw%3D,https://www.fidal.it/societa/ATL--LECCO-COLOMBO-COSTRUZ-/CO208
8.64,8.64,e,PANI Enrico,1999,JM,G.S. ATLETICA 75 CATTOLICA,4 ba- 3,Ancona,2017-02-05,https://www.fidal.it/atleta/PANI-Enrico/eqiRlpembWY%3D,https://www.fidal.it/societa/G-S--ATLETICA-75-CATTOLICA/RN037
8.65,8.65,e,ZULIANI Zeno maria,1998,JM,ATL. INSIEME NEW FOODS VR,4 fi- 1,Modena,2017-01-21,https://www.fidal.it/atleta/ZULIANI-Zeno-maria/eKAAARkpufamQ%3D,https://www.fidal.it/societa/ATL--INSIEME-NEW-FOODS-VR/VR761
8.66,8.66,e,MELPIGNANO Luca,1999,JM,SISPORT SSD,1 su- 1,Aosta,2017-01-28,https://www.fidal.it/atleta/MELPIGNANO-Luca/dK6RlpakaGQ%3D,https://www.fidal.it/societa/SISPORT-SSD/TO002
8.66,8.66,e,SABBATINI Simone,1998,JM,TEAM ATLETICA MARCHE,4 ba- 2,Ancona,2017-02-05,https://www.fidal.it/atleta/SABBATINI-Simone/e6iRk5mibmk%3D,https://www.fidal.it/societa/TEAM-ATLETICA-MARCHE/FM050
8.66,8.66,e,PANI Enrico,1999,JM,G.S. ATLETICA 75 CATTOLICA,6 sf- 3,Ancona,2017-02-05,https://www.fidal.it/atleta/PANI-Enrico/eqiRlpembWY%3D,https://www.fidal.it/societa/G-S--ATLETICA-75-CATTOLICA/RN037
8.67,8.67,e,LEONE Marco,1998,JM,ATL. LECCO-COLOMBO COSTRUZ.,2 se- 1,Padova,2017-01-15,https://www.fidal.it/atleta/LEONE-Marco/dquRkpWmaGg%3D,https://www.fidal.it/societa/ATL--LECCO-COLOMBO-COSTRUZ-/CO208
8.67,8.67,e,SIMONINI Marco,1999,JM,C.U.S. PARMA,4 ba- 2,Modena,2017-01-28,https://www.fidal.it/atleta/SIMONINI-Marco/eqiRlpqmcWo%3D,https://www.fidal.it/societa/C-U-S--PARMA/PR068
8.67,8.67,e,TESI Emilio,1998,JM,CENTRO ATLETICA PIOMBINO,5 ba- 5,Ancona,2017-02-05,https://www.fidal.it/atleta/TESI-Emilio/fayRkpWgaWs%3D,https://www.fidal.it/societa/CENTRO-ATLETICA-PIOMBINO/LI038
8.68,8.68,e,DENZA Fabio,1999,JM,ATLETICA LIVORNO,4 ba- 1,Ancona,2017-02-05,https://www.fidal.it/atleta/DENZA-Fabio/faiSkpqlaGk%3D,https://www.fidal.it/societa/ATLETICA-LIVORNO/LI036
8.68,8.68,e,TESI Emilio,1998,JM,CENTRO ATLETICA PIOMBINO,8 sf- 2,Ancona,2017-02-05,https://www.fidal.it/atleta/TESI-Emilio/fayRkpWgaWs%3D,https://www.fidal.it/societa/CENTRO-ATLETICA-PIOMBINO/LI038
8.68,8.68,e,CITTERIO Paolo,1975,SM40,DAINI CARATE BRIANZA,1 se- 2,Ancona,2017-02-25,https://www.fidal.it/atleta/CITTERIO-Paolo/dq2RkpOmcWs%3D,https://www.fidal.it/societa/DAINI-CARATE-BRIANZA/MI095
8.68,8.68,e,SABBATINI Simone,1998,JM,TEAM ATLETICA MARCHE,4 ba- 1,Modena,2017-02-26,https://www.fidal.it/atleta/SABBATINI-Simone/e6iRk5mibmk%3D,https://www.fidal.it/societa/TEAM-ATLETICA-MARCHE/FM050
8.69,8.69,e,BOLDRINI Simone,1998,JM,A.S. LA FRATELLANZA 1874,1 ba- 2,Modena,2017-01-14,https://www.fidal.it/atleta/BOLDRINI-Simone/eqyRkpOgamQ%3D,https://www.fidal.it/societa/A-S--LA-FRATELLANZA-1874/MO052
8.69,8.69,e,MONTI Andrea,1999,JM,ATL. LECCO-COLOMBO COSTRUZ.,1 fi- 1,Bergamo,2017-12-17,https://www.fidal.it/atleta/MONTI-Andrea/dquRk5Ofamc%3D,https://www.fidal.it/societa/ATL--LECCO-COLOMBO-COSTRUZ-/CO208
8.7,8.70,e,QUINTI Federico,1999,JM,ATL LIBERTAS RUNNERS LIVORNO,2 ba- 1,Firenze,2017-01-28,https://www.fidal.it/atleta/QUINTI-Federico/fayRkpWlaGY%3D,https://www.fidal.it/societa/ATL-LIBERTAS-RUNNERS-LIVORNO/LI035
8.7,8.70,e,SPOTTI Gabriele,1999,JM,ATL.  CENTO TORRI PAVIA,7 sf- 3,Ancona,2017-02-05,https://www.fidal.it/atleta/SPOTTI-Gabriele/dqmRl5qicGg%3D,https://www.fidal.it/societa/ATL--CENTO-TORRI-PAVIA/PV110
8.71,8.71,e,PAGANINI Lorenzo,1999,JM,PRO SESTO ATL.,2 se- 2,Saronno,2017-01-21,https://www.fidal.it/atleta/PAGANINI-Lorenzo/dq2RlZmgbmQ%3D,https://www.fidal.it/societa/PRO-SESTO-ATL-/MI089
8.71,8.71,e,MELIS Dante,1998,JM,S G AMSICORA,5 ba- 3,Ancona,2017-02-05,https://www.fidal.it/atleta/MELIS-Dante/iKmRkpilbGc%3D,https://www.fidal.it/societa/S-G-AMSICORA/CA002
8.72,8.72,e,BOSCOLI Nicola,1998,JM,CENTRO ATLETICA COPPARO,4 ba- 1,Modena,2017-01-21,https://www.fidal.it/atleta/BOSCOLI-Nicola/eqqRkpKlaGg%3D,https://www.fidal.it/societa/CENTRO-ATLETICA-COPPARO/FE028
8.72,8.72,e,BOSCOLI Nicola,1998,JM,CENTRO ATLETICA COPPARO,5 fi- 1,Modena,2017-01-21,https://www.fidal.it/atleta/BOSCOLI-Nicola/eqqRkpKlaGg%3D,https://www.fidal.it/societa/CENTRO-ATLETICA-COPPARO/FE028
8.72,8.72,e,SABBATINI Simone,1998,JM,TEAM ATLETICA MARCHE,2 se- 2,Padova,2017-01-29,https://www.fidal.it/atleta/SABBATINI-Simone/e6iRk5mibmk%3D,https://www.fidal.it/societa/TEAM-ATLETICA-MARCHE/FM050
8.72,8.72,e,SPOTTI Gabriele,1999,JM,ATL.  CENTO TORRI PAVIA,5 ba- 2,Ancona,2017-02-05,https://www.fidal.it/atleta/SPOTTI-Gabriele/dqmRl5qicGg%3D,https://www.fidal.it/societa/ATL--CENTO-TORRI-PAVIA/PV110
8.72,8.72,e,MASCHERONI William,1998,JM,ATL. MARIANO COMENSE,6 ba- 4,Ancona,2017-02-05,https://www.fidal.it/atleta/MASCHERONI-William/dquRkpqjbmY%3D,https://www.fidal.it/societa/ATL--MARIANO-COMENSE/CO014
8.73,8.73,e,SPOTTI Gabriele,1999,JM,ATL.  CENTO TORRI PAVIA,7 fi- 1,Magglingen,2017-01-28,https://www.fidal.it/atleta/SPOTTI-Gabriele/dqmRl5qicGg%3D,https://www.fidal.it/societa/ATL--CENTO-TORRI-PAVIA/PV110
8.73,8.73,e,SABBATINI Simone,1998,JM,TEAM ATLETICA MARCHE,8 sf- 3,Ancona,2017-02-05,https://www.fidal.it/atleta/SABBATINI-Simone/e6iRk5mibmk%3D,https://www.fidal.it/societa/TEAM-ATLETICA-MARCHE/FM050
8.74,8.74,e,MELPIGNANO Luca,1999,JM,SISPORT SSD,1 su- 1,Aosta,2017-01-28,https://www.fidal.it/atleta/MELPIGNANO-Luca/dK6RlpakaGQ%3D,https://www.fidal.it/societa/SISPORT-SSD/TO002
8.74,8.74,e,BERTONCELLI Giacomo,1999,JM,ATL. INSIEME NEW FOODS VR,1 su- 1,Padova,2017-01-29,https://www.fidal.it/atleta/BERTONCELLI-Giacomo/eKiRlZinaGQ%3D,https://www.fidal.it/societa/ATL--INSIEME-NEW-FOODS-VR/VR761
8.74,8.74,e,CARRIERO Daniele,1999,JM,POL.ATL. ENDAS CESENATICO,6 ba- 3,Ancona,2017-02-05,https://www.fidal.it/atleta/CARRIERO-Daniele/eqiRlpmna2Y%3D,https://www.fidal.it/societa/POL-ATL--ENDAS-CESENATICO/FC338
8.74,8.74,e,DE MARCHI Riccardo,1999,JM,ATL BRUGNERA PN FRIULINTAGLI,6 ba- 5,Ancona,2017-02-05,https://www.fidal.it/atleta/DE-MARCHI-Riccardo/eaqRkpugbmg%3D,https://www.fidal.it/societa/ATL-BRUGNERA-PN-FRIULINTAGLI/PN039
8.74,8.74,e,CITTERIO Paolo,1975,SM40,DAINI CARATE BRIANZA,1 se- 9,Ancona,2017-02-24,https://www.fidal.it/atleta/CITTERIO-Paolo/dq2RkpOmcWs%3D,https://www.fidal.it/societa/DAINI-CARATE-BRIANZA/MI095
8.75,8.75,e,MIGLIETTA Riccardo,1999,JM,ATL.VICENTINA,2 fi- 1,Padova,2017-01-08,https://www.fidal.it/atleta/MIGLIETTA-Riccardo/eK6RkpSocGo%3D,https://www.fidal.it/societa/ATL-VICENTINA/VI626
8.75,8.75,e,DENZA Fabio,1999,JM,ATLETICA LIVORNO,1 fi- 1,Firenze,2017-01-28,https://www.fidal.it/atleta/DENZA-Fabio/faiSkpqlaGk%3D,https://www.fidal.it/societa/ATLETICA-LIVORNO/LI036
8.75,8.75,e,BELTRAME Giacomo,1998,JM,ATLETICA MALIGNANI LIBERTAS UD,5 ba- 1,Ancona,2017-02-05,https://www.fidal.it/atleta/BELTRAME-Giacomo/eayRk5Olb2g%3D,https://www.fidal.it/societa/ATLETICA-MALIGNANI-LIBERTAS-UD/UD030
8.75,8.75,e,GATTO Andy,1999,JM,A.S.D. ATLETICA ALBA,5 se- 2,Lione,2017-02-19,https://www.fidal.it/atleta/GATTO-Andy/dKyRlJOibms%3D,https://www.fidal.it/societa/A-S-D--ATLETICA-ALBA/CN008
8.76,8.76,e,MELPIGNANO Luca,1999,JM,SISPORT SSD,2 ba- 2,Bra,2017-01-15,https://www.fidal.it/atleta/MELPIGNANO-Luca/dK6RlpakaGQ%3D,https://www.fidal.it/societa/SISPORT-SSD/TO002
8.76,8.76,e,QUINTI Federico,1999,JM,ATL LIBERTAS RUNNERS LIVORNO,2 fi- 1,Firenze,2017-01-28,https://www.fidal.it/atleta/QUINTI-Federico/fayRkpWlaGY%3D,https://www.fidal.it/societa/ATL-LIBERTAS-RUNNERS-LIVORNO/LI035
8.77,8.77,e,SIENA Leone,1999,JM,ASD LIB. MANTOVA MASCH-FEMM.,2 ba- 2,Modena,2017-01-14,https://www.fidal.it/atleta/SIENA-Leone/dq6RkpKka2U%3D,https://www.fidal.it/societa/ASD-LIB--MANTOVA-MASCH-FEMM-/MN043
8.77,8.77,e,TESI Emilio,1998,JM,CENTRO ATLETICA PIOMBINO,3 ba- 1,Firenze,2017-01-28,https://www.fidal.it/atleta/TESI-Emilio/fayRkpWgaWs%3D,https://www.fidal.it/societa/CENTRO-ATLETICA-PIOMBINO/LI038
8.77,8.77,e,BERTONCELLI Giacomo,1999,JM,ATL. INSIEME NEW FOODS VR,6 ba- 1,Ancona,2017-02-05,https://www.fidal.it/atleta/BERTONCELLI-Giacomo/eKiRlZinaGQ%3D,https://www.fidal.it/societa/ATL--INSIEME-NEW-FOODS-VR/VR761
8.78,8.78,e,DI DONATO Emanuele,1999,JM,A.S.D. PIETRO MENNEA ATLETICA,2 ba- 1,Ancona,2017-01-21,https://www.fidal.it/atleta/DI-DONATO-Emanuele/gaqRkpKkbGg%3D,https://www.fidal.it/societa/A-S-D--PIETRO-MENNEA-ATLETICA/CH173
8.78,8.78,e,MONTI Andrea,1999,JM,ATL. LECCO-COLOMBO COSTRUZ.,1 ba- 1,Bergamo,2017-12-17,https://www.fidal.it/atleta/MONTI-Andrea/dquRk5Ofamc%3D,https://www.fidal.it/societa/ATL--LECCO-COLOMBO-COSTRUZ-/CO208
8.79,8.79,e,BERLANDA Federico,1999,JM,U.S. OLIMPIA BERGAMO,2 fi- 1,Bergamo,2017-12-17,https://www.fidal.it/atleta/BERLANDA-Federico/dqmRl5ifcGU%3D,https://www.fidal.it/societa/U-S--OLIMPIA-BERGAMO/BG138
8.8,8.80,e,BOSCOLI Nicola,1998,JM,CENTRO ATLETICA COPPARO,6 fi- 1,Modena,2017-01-14,https://www.fidal.it/atleta/BOSCOLI-Nicola/eqqRkpKlaGg%3D,https://www.fidal.it/societa/CENTRO-ATLETICA-COPPARO/FE028
8.8,8.80,e,PANI Enrico,1999,JM,G.S. ATLETICA 75 CATTOLICA,2 fi- 1,Ancona,2017-01-21,https://www.fidal.it/atleta/PANI-Enrico/eqiRlpembWY%3D,https://www.fidal.it/societa/G-S--ATLETICA-75-CATTOLICA/RN037
8.8,8.80,e,MONTI Andrea,1999,JM,ATL. LECCO-COLOMBO COSTRUZ.,5 se- 1,Saronno,2017-01-21,https://www.fidal.it/atleta/MONTI-Andrea/dquRk5Ofamc%3D,https://www.fidal.it/societa/ATL--LECCO-COLOMBO-COSTRUZ-/CO208
8.8,8.80,e,MARIN Cristian,1973,SM40,ATLETICA RIVIERA DEL BRENTA,1 su- 1,Padova,2017-02-11,https://www.fidal.it/atleta/MARIN-Cristian/eK2RkpmjaWQ%3D,https://www.fidal.it/societa/ATLETICA-RIVIERA-DEL-BRENTA/VE473
8.81,8.81,e,DE MARCHI Riccardo,1999,JM,ATL BRUGNERA PN FRIULINTAGLI,2 su- 1,Udine,2017-01-21,https://www.fidal.it/atleta/DE-MARCHI-Riccardo/eaqRkpugbmg%3D,https://www.fidal.it/societa/ATL-BRUGNERA-PN-FRIULINTAGLI/PN039
8.81,8.81,e,PIETRAVALLE Alessandro,1998,JM,ACSI CAMPIDOGLIO PALATINO,7 ba- 4,Ancona,2017-02-05,https://www.fidal.it/atleta/PIETRAVALLE-Alessandro/f6yRk5ejcGw%3D,https://www.fidal.it/societa/ACSI-CAMPIDOGLIO-PALATINO/RM046
8.82,8.82,e,PIETRAVALLE Alessandro,1998,JM,ACSI CAMPIDOGLIO PALATINO,3 fi- 1,Ancona,2017-01-21,https://www.fidal.it/atleta/PIETRAVALLE-Alessandro/f6yRk5ejcGw%3D,https://www.fidal.it/societa/ACSI-CAMPIDOGLIO-PALATINO/RM046
8.84,8.84,e,MASCHERONI William,1998,JM,ATL. MARIANO COMENSE,6 se- 1,Saronno,2017-01-21,https://www.fidal.it/atleta/MASCHERONI-William/dquRkpqjbmY%3D,https://www.fidal.it/societa/ATL--MARIANO-COMENSE/CO014
8.84,8.84,e,DI DONATO Emanuele,1999,JM,A.S.D. PIETRO MENNEA ATLETICA,6 ba- 2,Ancona,2017-02-05,https://www.fidal.it/atleta/DI-DONATO-Emanuele/gaqRkpKkbGg%3D,https://www.fidal.it/societa/A-S-D--PIETRO-MENNEA-ATLETICA/CH173
8.86,8.86,e,MONTI Andrea,1999,JM,ATL. LECCO-COLOMBO COSTRUZ.,3 se- 3,Padova,2017-01-15,https://www.fidal.it/atleta/MONTI-Andrea/dquRk5Ofamc%3D,https://www.fidal.it/societa/ATL--LECCO-COLOMBO-COSTRUZ-/CO208
8.86,8.86,e,TESI Emilio,1998,JM,CENTRO ATLETICA PIOMBINO,3 fi- 1,Firenze,2017-01-28,https://www.fidal.it/atleta/TESI-Emilio/fayRkpWgaWs%3D,https://www.fidal.it/societa/CENTRO-ATLETICA-PIOMBINO/LI038
8.87,8.87,e,MONTI Andrea,1999,JM,ATL. LECCO-COLOMBO COSTRUZ.,3 se- 2,Padova,2017-01-29,https://www.fidal.it/atleta/MONTI-Andrea/dquRk5Ofamc%3D,https://www.fidal.it/societa/ATL--LECCO-COLOMBO-COSTRUZ-/CO208
8.88,8.88,e,BRANDI Gabriele,1999,JM,TEAM-A LOMBARDIA,2 ba- 1,Bergamo,2017-12-17,https://www.fidal.it/atleta/BRANDI-Gabriele/dq2RlZqgcWU%3D,https://www.fidal.it/societa/TEAM-A-LOMBARDIA/MI774
8.88,8.88,e,DOZIO Matteo,1998,JM,ATL. LECCO-COLOMBO COSTRUZ.,3 fi- 1,Bergamo,2017-12-17,https://www.fidal.it/atleta/DOZIO-Matteo/dquRkpmnbWk%3D,https://www.fidal.it/societa/ATL--LECCO-COLOMBO-COSTRUZ-/CO208
8.89,8.89,e,MATTEI Gabriele veeraphong,1999,JM,ASD ATLETICA VELLETRI,1 ba- 1,Roma,2017-01-29,https://www.fidal.it/atleta/MATTEI-Gabriele-veeraphong/f62RkpWmbmw%3D,https://www.fidal.it/societa/ASD-ATLETICA-VELLETRI/RS521
8.89,8.89,e,COZZOLINO Fausto,1971,SM45,ATLETICA POSILLIPO,1 su- 1,Ancona,2017-02-25,https://www.fidal.it/atleta/COZZOLINO-Fausto/gKiRkpKibWc%3D,https://www.fidal.it/societa/ATLETICA-POSILLIPO/NA983
8.9,8.90,e,PATERNOSTO William,1999,JM,CENTRO ATLETICA PIOMBINO,4 fi- 1,Firenze,2017-01-28,https://www.fidal.it/atleta/PATERNOSTO-William/fayRkpWkbWQ%3D,https://www.fidal.it/societa/CENTRO-ATLETICA-PIOMBINO/LI038
8.9,8.90,e,CONTI Daniele,1979,SM35,ATL. VIRTUS CASTENEDOLO,1 se- 8,Ancona,2017-02-24,https://www.fidal.it/atleta/CONTI-Daniele/dqiRk5KocGM%3D,https://www.fidal.it/societa/ATL--VIRTUS-CASTENEDOLO/BS575
8.91,8.91,e,CARRIERO Daniele,1999,JM,POL.ATL. ENDAS CESENATICO,3 ba- 2,Modena,2017-01-14,https://www.fidal.it/atleta/CARRIERO-Daniele/eqiRlpmna2Y%3D,https://www.fidal.it/societa/POL-ATL--ENDAS-CESENATICO/FC338
8.91,8.91,e,PANI Enrico,1999,JM,G.S. ATLETICA 75 CATTOLICA,3 ba- 1,Ancona,2017-01-21,https://www.fidal.it/atleta/PANI-Enrico/eqiRlpembWY%3D,https://www.fidal.it/societa/G-S--ATLETICA-75-CATTOLICA/RN037
8.91,8.91,e,NICOLA Riccardo,1998,JM,G.S. ERMENEGILDO ZEGNA,2 ba- 1,Aosta,2017-01-22,https://www.fidal.it/atleta/NICOLA-Riccardo/dKAAARk5qjbWY%3D,https://www.fidal.it/societa/G-S--ERMENEGILDO-ZEGNA/VC020
8.91,8.91,e,MATTEI Gabriele veeraphong,1999,JM,ASD ATLETICA VELLETRI,1 fi- 1,Roma,2017-01-29,https://www.fidal.it/atleta/MATTEI-Gabriele-veeraphong/f62RkpWmbmw%3D,https://www.fidal.it/societa/ASD-ATLETICA-VELLETRI/RS521
8.91,8.91,e,QUINTI Federico,1999,JM,ATL LIBERTAS RUNNERS LIVORNO,7 ba- 3,Ancona,2017-02-05,https://www.fidal.it/atleta/QUINTI-Federico/fayRkpWlaGY%3D,https://www.fidal.it/societa/ATL-LIBERTAS-RUNNERS-LIVORNO/LI035
8.91,8.91,e,SIMONINI Marco,1999,JM,C.U.S. PARMA,8 ba- 4,Ancona,2017-02-05,https://www.fidal.it/atleta/SIMONINI-Marco/eqiRlpqmcWo%3D,https://www.fidal.it/societa/C-U-S--PARMA/PR068
8.92,8.92,e,PIETRAVALLE Alessandro,1998,JM,ACSI CAMPIDOGLIO PALATINO,1 fi- 1,Roma,2017-01-15,https://www.fidal.it/atleta/PIETRAVALLE-Alessandro/f6yRk5ejcGw%3D,https://www.fidal.it/societa/ACSI-CAMPIDOGLIO-PALATINO/RM046
8.92,8.92,e,NICOLA Riccardo,1998,JM,G.S. ERMENEGILDO ZEGNA,4 se- 2,Padova,2017-01-29,https://www.fidal.it/atleta/NICOLA-Riccardo/dKAAARk5qjbWY%3D,https://www.fidal.it/societa/G-S--ERMENEGILDO-ZEGNA/VC020
8.93,8.93,e,SIMONINI Marco,1999,JM,C.U.S. PARMA,3 ba- 2,Modena,2017-01-21,https://www.fidal.it/atleta/SIMONINI-Marco/eqiRlpqmcWo%3D,https://www.fidal.it/societa/C-U-S--PARMA/PR068
8.93,8.93,e,PATERNOSTO William,1999,JM,CENTRO ATLETICA PIOMBINO,4 ba- 1,Firenze,2017-01-28,https://www.fidal.it/atleta/PATERNOSTO-William/fayRkpWkbWQ%3D,https://www.fidal.it/societa/CENTRO-ATLETICA-PIOMBINO/LI038
8.93,8.93,e,SEMPRINI Alberto,1998,JM,EDERA ATL. FORLI,1 fi- 1,Ancona,2017-02-01,https://www.fidal.it/atleta/SEMPRINI-Alberto/equRkpKkbGs%3D,https://www.fidal.it/societa/EDERA-ATL--FORLI/FC038
8.93,8.93,e,BERLANDA Federico,1999,JM,U.S. OLIMPIA BERGAMO,1 su- 1,Bergamo,2017-02-04,https://www.fidal.it/atleta/BERLANDA-Federico/dqmRl5ifcGU%3D,https://www.fidal.it/societa/U-S--OLIMPIA-BERGAMO/BG138
8.93,8.93,e,DOZIO Matteo,1998,JM,ATL. LECCO-COLOMBO COSTRUZ.,3 ba- 1,Bergamo,2017-12-17,https://www.fidal.it/atleta/DOZIO-Matteo/dquRkpmnbWk%3D,https://www.fidal.it/societa/ATL--LECCO-COLOMBO-COSTRUZ-/CO208
8.95,8.95,e,MASCHERONI William,1998,JM,ATL. MARIANO COMENSE,2 su- 1,Bergamo,2017-01-14,https://www.fidal.it/atleta/MASCHERONI-William/dquRkpqjbmY%3D,https://www.fidal.it/societa/ATL--MARIANO-COMENSE/CO014
8.95,8.95,e,BADIN Giorgio,1971,SM45,ATLETICA GORIZIA CA. RI. FVG,1 se- 1,Ancona,2017-02-24,https://www.fidal.it/atleta/BADIN-Giorgio/eauRk5OjbWY%3D,https://www.fidal.it/societa/ATLETICA-GORIZIA-CA--RI--FVG/GO050
8.95,8.95,e,MARIN Cristian,1973,SM40,ATLETICA RIVIERA DEL BRENTA,2 se- 2,Ancona,2017-02-25,https://www.fidal.it/atleta/MARIN-Cristian/eK2RkpmjaWQ%3D,https://www.fidal.it/societa/ATLETICA-RIVIERA-DEL-BRENTA/VE473
8.96,8.96,e,BRANDI Gabriele,1999,JM,TEAM-A LOMBARDIA,2 se- 2,Padova,2017-01-15,https://www.fidal.it/atleta/BRANDI-Gabriele/dq2RlZqgcWU%3D,https://www.fidal.it/societa/TEAM-A-LOMBARDIA/MI774
8.96,8.96,e,PIETRAVALLE Alessandro,1998,JM,ACSI CAMPIDOGLIO PALATINO,4 ba- 1,Ancona,2017-01-21,https://www.fidal.it/atleta/PIETRAVALLE-Alessandro/f6yRk5ejcGw%3D,https://www.fidal.it/societa/ACSI-CAMPIDOGLIO-PALATINO/RM046
8.96,8.96,e,ROSSO Michele,1999,JM,A.S. ATL. STRAMBINO,2 fi- 1,Aosta,2017-01-22,https://www.fidal.it/atleta/ROSSO-Michele/dK6RlpSgcGo%3D,https://www.fidal.it/societa/A-S--ATL--STRAMBINO/TO177
8.96,8.96,e,BERLANDA Federico,1999,JM,U.S. OLIMPIA BERGAMO,4 ba- 1,Bergamo,2017-12-17,https://www.fidal.it/atleta/BERLANDA-Federico/dqmRl5ifcGU%3D,https://www.fidal.it/societa/U-S--OLIMPIA-BERGAMO/BG138
8.97,8.97,e,SEMPRINI Alberto,1998,JM,EDERA ATL. FORLI,3 ba- 1,Modena,2017-01-28,https://www.fidal.it/atleta/SEMPRINI-Alberto/equRkpKkbGs%3D,https://www.fidal.it/societa/EDERA-ATL--FORLI/FC038
8.97,8.97,e,ZULIANI Zeno maria,1998,JM,ATL. INSIEME NEW FOODS VR,6 fi- 1,Modena,2017-02-26,https://www.fidal.it/atleta/ZULIANI-Zeno-maria/eKAAARkpufamQ%3D,https://www.fidal.it/societa/ATL--INSIEME-NEW-FOODS-VR/VR761
8.98,8.98,e,FRIGO Michele,1999,JM,ATLETICA SCHIO,3 fi- 1,Padova,2017-01-08,https://www.fidal.it/atleta/FRIGO-Michele/eK6RkpWnbGg%3D,https://www.fidal.it/societa/ATLETICA-SCHIO/VI613
8.98,8.98,e,MASCHERONI William,1998,JM,ATL. MARIANO COMENSE,2 su- 1,Bergamo,2017-01-14,https://www.fidal.it/atleta/MASCHERONI-William/dquRkpqjbmY%3D,https://www.fidal.it/societa/ATL--MARIANO-COMENSE/CO014
9.0,9.00,e,CAMPIUTTI Jacopo,1999,JM,ATLETICA MALIGNANI LIBERTAS UD,4 ba- 2,Modena,2017-02-26,https://www.fidal.it/atleta/CAMPIUTTI-Jacopo/eayRk5WibGM%3D,https://www.fidal.it/societa/ATLETICA-MALIGNANI-LIBERTAS-UD/UD030
9.01,9.01,e,PATERNOSTO William,1999,JM,CENTRO ATLETICA PIOMBINO,1 su- 1,Firenze,2017-01-22,https://www.fidal.it/atleta/PATERNOSTO-William/fayRkpWkbWQ%3D,https://www.fidal.it/societa/CENTRO-ATLETICA-PIOMBINO/LI038
9.01,9.01,e,BADIN Giorgio,1971,SM45,ATLETICA GORIZIA CA. RI. FVG,2 su- 1,Padova,2017-02-11,https://www.fidal.it/atleta/BADIN-Giorgio/eauRk5OjbWY%3D,https://www.fidal.it/societa/ATLETICA-GORIZIA-CA--RI--FVG/GO050
9.01,9.01,e,CAMPIUTTI Jacopo,1999,JM,ATLETICA MALIGNANI LIBERTAS UD,2 fi- 2,Modena,2017-02-26,https://www.fidal.it/atleta/CAMPIUTTI-Jacopo/eayRk5WibGM%3D,https://www.fidal.it/societa/ATLETICA-MALIGNANI-LIBERTAS-UD/UD030
9.01,9.01,e,DENZA Fabio,1999,JM,ATLETICA LIVORNO,5 ba- 2,Modena,2017-02-26,https://www.fidal.it/atleta/DENZA-Fabio/faiSkpqlaGk%3D,https://www.fidal.it/societa/ATLETICA-LIVORNO/LI036
9.02,9.02,e,PIETRAVALLE Alessandro,1998,JM,ACSI CAMPIDOGLIO PALATINO,1 ba- 1,Roma,2017-01-15,https://www.fidal.it/atleta/PIETRAVALLE-Alessandro/f6yRk5ejcGw%3D,https://www.fidal.it/societa/ACSI-CAMPIDOGLIO-PALATINO/RM046
9.03,9.03,e,PINA BARROS Joao carlos,1999,JM,ATLETICA SANDRO CALVESI,3 fi- 1,Aosta,2017-01-14,https://www.fidal.it/atleta/PINA-BARROS-Joao-carlos/f6mRkpKkamo%3D,https://www.fidal.it/societa/ATLETICA-SANDRO-CALVESI/AO004
9.03,9.03,e,FRIGO Michele,1999,JM,ATLETICA SCHIO,4 ba- 1,Modena,2017-01-28,https://www.fidal.it/atleta/FRIGO-Michele/eK6RkpWnbGg%3D,https://www.fidal.it/societa/ATLETICA-SCHIO/VI613
9.03,9.03,e,GASTALDIN Giulio,1998,JM,ATLETICA MONZA,5 se- 2,Padova,2017-01-29,https://www.fidal.it/atleta/GASTALDIN-Giulio/dq2RlZioamo%3D,https://www.fidal.it/societa/ATLETICA-MONZA/MI710
9.03,9.03,e,BRANDI Gabriele,1999,JM,TEAM-A LOMBARDIA,6 se- 2,Padova,2017-01-29,https://www.fidal.it/atleta/BRANDI-Gabriele/dq2RlZqgcWU%3D,https://www.fidal.it/societa/TEAM-A-LOMBARDIA/MI774
9.03,9.03,e,GIACOMETTI Leonardo,1998,JM,ASSOCIAZIONE ATLETICA N.E.VI.,8 se- 1,Padova,2017-01-29,https://www.fidal.it/atleta/GIACOMETTI-Leonardo/eKqRkpWfb2g%3D,https://www.fidal.it/societa/ASSOCIAZIONE-ATLETICA-N-E-VI-/VI623
9.03,9.03,e,MELPIGNANO Luca,1999,JM,SISPORT SSD,6 se- 2,Lione,2017-02-19,https://www.fidal.it/atleta/MELPIGNANO-Luca/dK6RlpakaGQ%3D,https://www.fidal.it/societa/SISPORT-SSD/TO002
9.04,9.04,e,CAMPIUTTI Jacopo,1999,JM,ATLETICA MALIGNANI LIBERTAS UD,3 su- 1,Udine,2017-01-14,https://www.fidal.it/atleta/CAMPIUTTI-Jacopo/eayRk5WibGM%3D,https://www.fidal.it/societa/ATLETICA-MALIGNANI-LIBERTAS-UD/UD030
9.04,9.04,e,FRIGO Michele,1999,JM,ATLETICA SCHIO,4 ba- 2,Modena,2017-01-21,https://www.fidal.it/atleta/FRIGO-Michele/eK6RkpWnbGg%3D,https://www.fidal.it/societa/ATLETICA-SCHIO/VI613
9.05,9.05,e,BERLANDA Federico,1999,JM,U.S. OLIMPIA BERGAMO,3 su- 1,Bergamo,2017-01-14,https://www.fidal.it/atleta/BERLANDA-Federico/dqmRl5ifcGU%3D,https://www.fidal.it/societa/U-S--OLIMPIA-BERGAMO/BG138
9.05,9.05,e,DE MARCHI Riccardo,1999,JM,ATL BRUGNERA PN FRIULINTAGLI,4 su- 1,Udine,2017-01-14,https://www.fidal.it/atleta/DE-MARCHI-Riccardo/eaqRkpugbmg%3D,https://www.fidal.it/societa/ATL-BRUGNERA-PN-FRIULINTAGLI/PN039
9.06,9.06,e,FRIGO Michele,1999,JM,ATLETICA SCHIO,4 ba- 2,Modena,2017-01-14,https://www.fidal.it/atleta/FRIGO-Michele/eK6RkpWnbGg%3D,https://www.fidal.it/societa/ATLETICA-SCHIO/VI613
9.06,9.06,e,FRIGO Michele,1999,JM,ATLETICA SCHIO,2 su- 1,Padova,2017-01-15,https://www.fidal.it/atleta/FRIGO-Michele/eK6RkpWnbGg%3D,https://www.fidal.it/societa/ATLETICA-SCHIO/VI613
9.07,9.07,e,GASTALDIN Giulio,1998,JM,ATLETICA MONZA,3 se- 1,Padova,2017-01-15,https://www.fidal.it/atleta/GASTALDIN-Giulio/dq2RlZioamo%3D,https://www.fidal.it/societa/ATLETICA-MONZA/MI710
9.08,9.08,e,FRIGO Michele,1999,JM,ATLETICA SCHIO,4 ba- 1,Padova,2017-01-08,https://www.fidal.it/atleta/FRIGO-Michele/eK6RkpWnbGg%3D,https://www.fidal.it/societa/ATLETICA-SCHIO/VI613
9.11,9.11,e,CELLAMARE Antonio,1998,JM,FUTURATHLETIC TEAM APULIA,3 ba- 1,Ancona,2017-01-29,https://www.fidal.it/atleta/CELLAMARE-Antonio/hKiSmpWgaWk%3D,https://www.fidal.it/societa/FUTURATHLETIC-TEAM-APULIA/BA741
9.12,9.12,e,BADIN Giorgio,1971,SM45,ATLETICA GORIZIA CA. RI. FVG,1 su- 1,Udine,2017-01-14,https://www.fidal.it/atleta/BADIN-Giorgio/eauRk5OjbWY%3D,https://www.fidal.it/societa/ATLETICA-GORIZIA-CA--RI--FVG/GO050
9.13,9.13,e,CELLAMARE Antonio,1998,JM,FUTURATHLETIC TEAM APULIA,2 fi- 1,Ancona,2017-01-29,https://www.fidal.it/atleta/CELLAMARE-Antonio/hKiSmpWgaWk%3D,https://www.fidal.it/societa/FUTURATHLETIC-TEAM-APULIA/BA741
9.13,9.13,e,CORRIAS Marco,1974,SM40,S G AMSICORA,1 su- 1,Iglesias,2017-02-05,https://www.fidal.it/atleta/CORRIAS-Marco/iKiRkpKkaWQ%3D,https://www.fidal.it/societa/S-G-AMSICORA/CA002
9.15,9.15,e,PINA BARROS Joao carlos,1999,JM,ATLETICA SANDRO CALVESI,3 ba- 1,Aosta,2017-01-14,https://www.fidal.it/atleta/PINA-BARROS-Joao-carlos/f6mRkpKkamo%3D,https://www.fidal.it/societa/ATLETICA-SANDRO-CALVESI/AO004
9.16,9.16,e,CAPCELEA Marin,1998,JM,ATL.CSAIN PERUGIA,2 su- 1,Ancona,2017-01-08,https://www.fidal.it/atleta/CAPCELEA-Marin/fqmRkpSmcWU%3D,https://www.fidal.it/societa/ATL-CSAIN-PERUGIA/PG020
9.16,9.16,e,RUSSO Mirko,1999,JM,ASD ARCA ATL.AVERSA A.AVERSANO,2 fi- 1,Roma,2017-01-29,https://www.fidal.it/atleta/RUSSO-Mirko/gKyRkpikaWM%3D,https://www.fidal.it/societa/ASD-ARCA-ATL-AVERSA-A-AVERSANO/CE033
9.16,9.16,e,BERLANDA Federico,1999,JM,U.S. OLIMPIA BERGAMO,1 su- 1,Bergamo,2017-02-04,https://www.fidal.it/atleta/BERLANDA-Federico/dqmRl5ifcGU%3D,https://www.fidal.it/societa/U-S--OLIMPIA-BERGAMO/BG138
9.17,9.17,e,MARIN Cristian,1973,SM40,ATLETICA RIVIERA DEL BRENTA,2 su- 1,Padova,2017-01-29,https://www.fidal.it/atleta/MARIN-Cristian/eK2RkpmjaWQ%3D,https://www.fidal.it/societa/ATLETICA-RIVIERA-DEL-BRENTA/VE473
9.17,9.17,e,CORRIAS Marco,1974,SM40,S G AMSICORA,3 se- 2,Ancona,2017-02-25,https://www.fidal.it/atleta/CORRIAS-Marco/iKiRkpKkaWQ%3D,https://www.fidal.it/societa/S-G-AMSICORA/CA002
9.18,9.18,e,KASIBOVIC Amar,1999,JM,ATL.VICENTINA,3 se- 2,Padova,2017-01-15,https://www.fidal.it/atleta/KASIBOVIC-Amar/eK6RkpWfaGc%3D,https://www.fidal.it/societa/ATL-VICENTINA/VI626
9.18,9.18,e,CAMPIUTTI Jacopo,1999,JM,ATLETICA MALIGNANI LIBERTAS UD,3 su- 1,Udine,2017-01-21,https://www.fidal.it/atleta/CAMPIUTTI-Jacopo/eayRk5WibGM%3D,https://www.fidal.it/societa/ATLETICA-MALIGNANI-LIBERTAS-UD/UD030
9.2,9.20,e,BRANDI Gabriele,1999,JM,TEAM-A LOMBARDIA,3 se- 2,Saronno,2017-01-21,https://www.fidal.it/atleta/BRANDI-Gabriele/dq2RlZqgcWU%3D,https://www.fidal.it/societa/TEAM-A-LOMBARDIA/MI774
9.2,9.20,e,SEMPRINI Alberto,1998,JM,EDERA ATL. FORLI,1 ba- 1,Ancona,2017-02-01,https://www.fidal.it/atleta/SEMPRINI-Alberto/equRkpKkbGs%3D,https://www.fidal.it/societa/EDERA-ATL--FORLI/FC038
9.2,9.20,e,MONTI Andrea,1999,JM,ATL. LECCO-COLOMBO COSTRUZ.,7 ba- 1,Ancona,2017-02-05,https://www.fidal.it/atleta/MONTI-Andrea/dquRk5Ofamc%3D,https://www.fidal.it/societa/ATL--LECCO-COLOMBO-COSTRUZ-/CO208
9.21,9.21,e,FANTUZZO Andrea,1999,JM,S G AMSICORA,1 su- 1,Iglesias,2017-01-29,https://www.fidal.it/atleta/FANTUZZO-Andrea/iKmRkpanbWg%3D,https://www.fidal.it/societa/S-G-AMSICORA/CA002
9.22,9.22,e,DE MARCO Giacomo,1998,JM,CENTRO ATLETICA PIOMBINO,1 se- 3,Padova,2017-01-29,https://www.fidal.it/atleta/DE-MARCO-Giacomo/fayRkpOjbmY%3D,https://www.fidal.it/societa/CENTRO-ATLETICA-PIOMBINO/LI038
9.23,9.23,e,DE MARCO Giacomo,1998,JM,CENTRO ATLETICA PIOMBINO,2 su- 1,Firenze,2017-01-22,https://www.fidal.it/atleta/DE-MARCO-Giacomo/fayRkpOjbmY%3D,https://www.fidal.it/societa/CENTRO-ATLETICA-PIOMBINO/LI038
9.24,9.24,e,ROSSO Michele,1999,JM,A.S. ATL. STRAMBINO,1 ba- 1,Bra,2017-01-29,https://www.fidal.it/atleta/ROSSO-Michele/dK6RlpSgcGo%3D,https://www.fidal.it/societa/A-S--ATL--STRAMBINO/TO177
9.25,9.25,e,BUSNARDO Simone,1998,JM,ATL.VICENTINA,4 se- 3,Padova,2017-01-15,https://www.fidal.it/atleta/BUSNARDO-Simone/eK6RkpehbWs%3D,https://www.fidal.it/societa/ATL-VICENTINA/VI626
9.25,9.25,e,KASIBOVIC Amar,1999,JM,ATL.VICENTINA,7 se- 2,Padova,2017-01-29,https://www.fidal.it/atleta/KASIBOVIC-Amar/eK6RkpWfaGc%3D,https://www.fidal.it/societa/ATL-VICENTINA/VI626
9.27,9.27,e,CAPCELEA Marin,1998,JM,ATL.CSAIN PERUGIA,8 se- 2,Padova,2017-01-29,https://www.fidal.it/atleta/CAPCELEA-Marin/fqmRkpSmcWU%3D,https://www.fidal.it/societa/ATL-CSAIN-PERUGIA/PG020
9.28,9.28,e,IRRERA Lorenzo,1998,JM,ATL.STUD. RIETI ANDREA MILARDI,3 su- 1,Ancona,2017-01-08,https://www.fidal.it/atleta/IRRERA-Lorenzo/f6uRkpKiaGU%3D,https://www.fidal.it/societa/ATL-STUD--RIETI-ANDREA-MILARDI/RI223
9.28,9.28,e,PIASENTINI Marco,1999,JM,ATL. ALESSANDRIA,1 fi- 1,Bra,2017-01-29,https://www.fidal.it/atleta/PIASENTINI-Marco/dKmRk5uhaGM%3D,https://www.fidal.it/societa/ATL--ALESSANDRIA/AL001
9.28,9.28,e,RUSSO Mirko,1999,JM,ASD ARCA ATL.AVERSA A.AVERSANO,2 ba- 1,Roma,2017-01-29,https://www.fidal.it/atleta/RUSSO-Mirko/gKyRkpikaWM%3D,https://www.fidal.it/societa/ASD-ARCA-ATL-AVERSA-A-AVERSANO/CE033
9.29,9.29,e,FERRAMOSCA Francesco,1999,JM,TEAM ATLETICO-MERCURIO NOVARA,1 ba- 1,Bra,2017-01-15,https://www.fidal.it/atleta/FERRAMOSCA-Francesco/dK2Rk5uia2U%3D,https://www.fidal.it/societa/TEAM-ATLETICO-MERCURIO-NOVARA/NO020
9.29,9.29,e,SCAGNOLI Davide,1999,JM,S.S. LAZIO ATLETICA LEGGERA,2 ba- 1,Roma,2017-01-15,https://www.fidal.it/atleta/SCAGNOLI-Davide/f62RkpSjaGU%3D,https://www.fidal.it/societa/S-S--LAZIO-ATLETICA-LEGGERA/RM050
9.29,9.29,e,ROSSO Michele,1999,JM,A.S. ATL. STRAMBINO,3 ba- 1,Aosta,2017-01-22,https://www.fidal.it/atleta/ROSSO-Michele/dK6RlpSgcGo%3D,https://www.fidal.it/societa/A-S--ATL--STRAMBINO/TO177
9.31,9.31,e,COME' Michel,1999,JM,ATLETICA SANDRO CALVESI,2 su- 1,Aosta,2017-01-28,https://www.fidal.it/atleta/COME-Michel/dKqRkpKfaGU%3D,https://www.fidal.it/societa/ATLETICA-SANDRO-CALVESI/AO004
9.32,9.32,e,SCAGNOLI Davide,1999,JM,S.S. LAZIO ATLETICA LEGGERA,2 fi- 1,Roma,2017-01-15,https://www.fidal.it/atleta/SCAGNOLI-Davide/f62RkpSjaGU%3D,https://www.fidal.it/societa/S-S--LAZIO-ATLETICA-LEGGERA/RM050
9.32,9.32,e,STUPIA Alberto,1999,JM,TEAM-A LOMBARDIA,4 se- 2,Padova,2017-01-15,https://www.fidal.it/atleta/STUPIA-Alberto/dq2RlZmjbGM%3D,https://www.fidal.it/societa/TEAM-A-LOMBARDIA/MI774
9.33,9.33,e,GARIBOLDI Paolo,1999,JM,O.S.A. SARONNO LIB.,4 ba- 1,Aosta,2017-01-14,https://www.fidal.it/atleta/GARIBOLDI-Paolo/drKRkpqoa2s%3D,https://www.fidal.it/societa/O-S-A--SARONNO-LIB-/VA119
9.35,9.35,e,FANTUZZO Andrea,1999,JM,S G AMSICORA,2 su- 1,Iglesias,2017-01-22,https://www.fidal.it/atleta/FANTUZZO-Andrea/iKmRkpanbWg%3D,https://www.fidal.it/societa/S-G-AMSICORA/CA002
9.36,9.36,e,CORONA Lorenzo,1999,JM,GS LA PIAVE 2000,3 su- 1,Padova,2017-01-15,https://www.fidal.it/atleta/CORONA-Lorenzo/eKmRlJWhcWc%3D,https://www.fidal.it/societa/GS-LA-PIAVE-2000/BL008
9.36,9.36,e,CERRATO Andrea,1999,JM,A.S.D. ATL. FOSSANO '75,2 se- 3,Padova,2017-01-29,https://www.fidal.it/atleta/CERRATO-Andrea/dKyRk5uicWY%3D,https://www.fidal.it/societa/A-S-D--ATL--FOSSANO-75/CN001
9.37,9.37,e,BERLANDA Federico,1999,JM,U.S. OLIMPIA BERGAMO,3 su- 1,Bergamo,2017-01-14,https://www.fidal.it/atleta/BERLANDA-Federico/dqmRl5ifcGU%3D,https://www.fidal.it/societa/U-S--OLIMPIA-BERGAMO/BG138
9.37,9.37,e,PIASENTINI Marco,1999,JM,ATL. ALESSANDRIA,3 fi- 1,Aosta,2017-01-22,https://www.fidal.it/atleta/PIASENTINI-Marco/dKmRk5uhaGM%3D,https://www.fidal.it/societa/ATL--ALESSANDRIA/AL001
9.37,9.37,e,PIASENTINI Marco,1999,JM,ATL. ALESSANDRIA,2 ba- 1,Bra,2017-01-29,https://www.fidal.it/atleta/PIASENTINI-Marco/dKmRk5uhaGM%3D,https://www.fidal.it/societa/ATL--ALESSANDRIA/AL001
9.38,9.38,e,STUPIA Alberto,1999,JM,TEAM-A LOMBARDIA,5 ba- 1,Bergamo,2017-12-17,https://www.fidal.it/atleta/STUPIA-Alberto/dq2RlZmjbGM%3D,https://www.fidal.it/societa/TEAM-A-LOMBARDIA/MI774
9.39,9.39,e,PIASENTINI Marco,1999,JM,ATL. ALESSANDRIA,4 ba- 1,Aosta,2017-01-22,https://www.fidal.it/atleta/PIASENTINI-Marco/dKmRk5uhaGM%3D,https://www.fidal.it/societa/ATL--ALESSANDRIA/AL001
9.41,9.41,e,FERRARI Nicolo',1999,JM,ATLETICA TRENTO,5 se- 2,Padova,2017-01-15,https://www.fidal.it/atleta/FERRARI-Nicolo-/d6iRk5WmamQ%3D,https://www.fidal.it/societa/ATLETICA-TRENTO/TN101
9.42,9.42,e,MASSAFRA Cosimo,1999,JM,ASD. ATL. L'AMICO-CRAS TARANTO,1 fi- 1,Ancona,2017-01-14,https://www.fidal.it/atleta/MASSAFRA-Cosimo/hK2RkpOiaGU%3D,https://www.fidal.it/societa/ASD--ATL--L-AMICO-CRAS-TARANTO/TA413
9.42,9.42,e,GENGHINI Elia,1999,JM,OLIMPUS SAN MARINO ATLETICA,2 fi- 1,Ancona,2017-01-14,https://www.fidal.it/atleta/GENGHINI-Elia/iqiRkpKjb2M%3D,https://www.fidal.it/societa/OLIMPUS-SAN-MARINO-ATLETICA/SM278
9.43,9.43,e,ROSSO Michele,1999,JM,A.S. ATL. STRAMBINO,6 se- 2,Padova,2017-01-15,https://www.fidal.it/atleta/ROSSO-Michele/dK6RlpSgcGo%3D,https://www.fidal.it/societa/A-S--ATL--STRAMBINO/TO177
9.43,9.43,e,PIASENTINI Marco,1999,JM,ATL. ALESSANDRIA,1 su- 1,Bergamo,2017-02-11,https://www.fidal.it/atleta/PIASENTINI-Marco/dKmRk5uhaGM%3D,https://www.fidal.it/societa/ATL--ALESSANDRIA/AL001
9.44,9.44,e,CAMASCHELLA Gian luca,1971,SM45,TEAM ATLETICO-MERCURIO NOVARA,1 fi- 2,Bra,2017-01-15,https://www.fidal.it/atleta/CAMASCHELLA-Gian-luca/dKiRkpKjcGU%3D,https://www.fidal.it/societa/TEAM-ATLETICO-MERCURIO-NOVARA/NO020
9.44,9.44,e,PIASENTINI Marco,1999,JM,ATL. ALESSANDRIA,2 ba- 1,Bra,2017-01-15,https://www.fidal.it/atleta/PIASENTINI-Marco/dKmRk5uhaGM%3D,https://www.fidal.it/societa/ATL--ALESSANDRIA/AL001
9.45,9.45,e,COCCO Luca,1999,JM,ATL.VICENTINA,3 se- 3,Padova,2017-01-29,https://www.fidal.it/atleta/COCCO-Luca/eK6Rkpaia2Q%3D,https://www.fidal.it/societa/ATL-VICENTINA/VI626
9.46,9.46,e,DEMICHELIS Simone,1999,JM,A.S.D. ATL. FOSSANO '75,4 se- 3,Padova,2017-01-29,https://www.fidal.it/atleta/DEMICHELIS-Simone/dKyRk5ukbGQ%3D,https://www.fidal.it/societa/A-S-D--ATL--FOSSANO-75/CN001
9.46,9.46,e,PIASENTINI Marco,1999,JM,ATL. ALESSANDRIA,1 su- 1,Bergamo,2017-02-11,https://www.fidal.it/atleta/PIASENTINI-Marco/dKmRk5uhaGM%3D,https://www.fidal.it/societa/ATL--ALESSANDRIA/AL001
9.47,9.47,e,GARIBOLDI Paolo,1999,JM,O.S.A. SARONNO LIB.,4 fi- 1,Aosta,2017-01-14,https://www.fidal.it/atleta/GARIBOLDI-Paolo/drKRkpqoa2s%3D,https://www.fidal.it/societa/O-S-A--SARONNO-LIB-/VA119
9.47,9.47,e,PIASENTINI Marco,1999,JM,ATL. ALESSANDRIA,3 fi- 1,Bra,2017-01-15,https://www.fidal.it/atleta/PIASENTINI-Marco/dKmRk5uhaGM%3D,https://www.fidal.it/societa/ATL--ALESSANDRIA/AL001
9.49,9.49,e,IRRERA Lorenzo,1998,JM,ATL.STUD. RIETI ANDREA MILARDI,5 se- 3,Padova,2017-01-29,https://www.fidal.it/atleta/IRRERA-Lorenzo/f6uRkpKiaGU%3D,https://www.fidal.it/societa/ATL-STUD--RIETI-ANDREA-MILARDI/RI223
9.49,9.49,e,STUPIA Alberto,1999,JM,TEAM-A LOMBARDIA,4 fi- 1,Bergamo,2017-12-17,https://www.fidal.it/atleta/STUPIA-Alberto/dq2RlZmjbGM%3D,https://www.fidal.it/societa/TEAM-A-LOMBARDIA/MI774
9.5,9.50,e,BERTOGLIO Alex,1998,JM,C.S.S. LEONARDO DA VINCI,3 se- 1,Muenchen,2017-03-12,https://www.fidal.it/atleta/BERTOGLIO-Alex/iaiRk5Olbmw%3D,https://www.fidal.it/societa/C-S-S--LEONARDO-DA-VINCI/BZ071
9.52,9.52,e,CAMASCHELLA Gian luca,1971,SM45,TEAM ATLETICO-MERCURIO NOVARA,3 ba- 1,Bra,2017-01-15,https://www.fidal.it/atleta/CAMASCHELLA-Gian-luca/dKiRkpKjcGU%3D,https://www.fidal.it/societa/TEAM-ATLETICO-MERCURIO-NOVARA/NO020
9.54,9.54,e,GUGLIOTTA Gabriele,1999,JM,ATLETICA MONZA,4 su- 1,Padova,2017-01-15,https://www.fidal.it/atleta/GUGLIOTTA-Gabriele/dq2RlpunbGo%3D,https://www.fidal.it/societa/ATLETICA-MONZA/MI710
9.55,9.55,e,COME' Michel,1999,JM,ATLETICA SANDRO CALVESI,5 ba- 1,Aosta,2017-01-22,https://www.fidal.it/atleta/COME-Michel/dKqRkpKfaGU%3D,https://www.fidal.it/societa/ATLETICA-SANDRO-CALVESI/AO004
9.55,9.55,e,MERONI Emilio,1999,JM,U.S. OLIMPIA BERGAMO,2 su- 1,Bergamo,2017-02-04,https://www.fidal.it/atleta/MERONI-Emilio/dqmRl5SncGs%3D,https://www.fidal.it/societa/U-S--OLIMPIA-BERGAMO/BG138
9.56,9.56,e,BARBERIS Matteo,1999,JM,A.S.D.DRAGONERO,4 fi- 1,Bra,2017-01-15,https://www.fidal.it/atleta/BARBERIS-Matteo/dKyRlJSjcGg%3D,https://www.fidal.it/societa/A-S-D-DRAGONERO/CN004
9.56,9.56,e,COCCO Luca,1999,JM,ATL.VICENTINA,4 se- 1,Padova,2017-01-15,https://www.fidal.it/atleta/COCCO-Luca/eK6Rkpaia2Q%3D,https://www.fidal.it/societa/ATL-VICENTINA/VI626
9.57,9.57,e,DI NAPOLI Federico,1999,JM,ATLETICA LIVORNO,3 su- 1,Firenze,2017-01-22,https://www.fidal.it/atleta/DI-NAPOLI-Federico/fayRkpKja2o%3D,https://www.fidal.it/societa/ATLETICA-LIVORNO/LI036
9.57,9.57,e,MASSAFRA Cosimo,1999,JM,ASD. ATL. L'AMICO-CRAS TARANTO,6 se- 3,Padova,2017-01-29,https://www.fidal.it/atleta/MASSAFRA-Cosimo/hK2RkpOiaGU%3D,https://www.fidal.it/societa/ASD--ATL--L-AMICO-CRAS-TARANTO/TA413
9.57,9.57,e,GIOANOLA Giorgio,1999,JM,S.S. VITTORIO ALFIERI ASTI,7 se- 3,Padova,2017-01-29,https://www.fidal.it/atleta/GIOANOLA-Giorgio/dKuRk5ekbWg%3D,https://www.fidal.it/societa/S-S--VITTORIO-ALFIERI-ASTI/AT001
9.57,9.57,e,GUGLIOTTA Gabriele,1999,JM,ATLETICA MONZA,2 su- 1,Bergamo,2017-02-04,https://www.fidal.it/atleta/GUGLIOTTA-Gabriele/dq2RlpunbGo%3D,https://www.fidal.it/societa/ATLETICA-MONZA/MI710
9.58,9.58,e,BANO Pietro,1999,JM,ASSOCIAZIONE ATLETICA N.E.VI.,5 se- 1,Padova,2017-01-15,https://www.fidal.it/atleta/BANO-Pietro/eKqRkpSkamo%3D,https://www.fidal.it/societa/ASSOCIAZIONE-ATLETICA-N-E-VI-/VI623
9.61,9.61,e,DI NAPOLI Federico,1999,JM,ATLETICA LIVORNO,5 se- 3,Padova,2017-01-15,https://www.fidal.it/atleta/DI-NAPOLI-Federico/fayRkpKja2o%3D,https://www.fidal.it/societa/ATLETICA-LIVORNO/LI036
9.61,9.61,e,CICCHELLI Gian lorenzo,1969,SM45,ASD 'VINI FANTINI',2 se- 1,Ancona,2017-02-24,https://www.fidal.it/atleta/CICCHELLI-Gian-lorenzo/gauRkpKfamg%3D,https://www.fidal.it/societa/ASD-VINI-FANTINI-/PE032
9.62,9.62,e,FAVRO Stefano,1998,JM,ATLETICA CANAVESANA,8 se- 3,Padova,2017-01-29,https://www.fidal.it/atleta/FAVRO-Stefano/dKAAARk5ufamk%3D,https://www.fidal.it/societa/ATLETICA-CANAVESANA/TO015
9.65,9.65,e,GENGHINI Elia,1999,JM,OLIMPUS SAN MARINO ATLETICA,1 ba- 1,Ancona,2017-01-14,https://www.fidal.it/atleta/GENGHINI-Elia/iqiRkpKjb2M%3D,https://www.fidal.it/societa/OLIMPUS-SAN-MARINO-ATLETICA/SM278
9.65,9.65,e,COME' Michel,1999,JM,ATLETICA SANDRO CALVESI,2 su- 1,Aosta,2017-01-28,https://www.fidal.it/atleta/COME-Michel/dKqRkpKfaGU%3D,https://www.fidal.it/societa/ATLETICA-SANDRO-CALVESI/AO004
9.67,9.67,e,BARBERIS Matteo,1999,JM,A.S.D.DRAGONERO,3 ba- 2,Bra,2017-01-15,https://www.fidal.it/atleta/BARBERIS-Matteo/dKyRlJSjcGg%3D,https://www.fidal.it/societa/A-S-D-DRAGONERO/CN004
9.67,9.67,e,GUGLIOTTA Gabriele,1999,JM,ATLETICA MONZA,4 se- 2,Saronno,2017-01-21,https://www.fidal.it/atleta/GUGLIOTTA-Gabriele/dq2RlpunbGo%3D,https://www.fidal.it/societa/ATLETICA-MONZA/MI710
9.68,9.68,e,PASAHOL Jernie,1998,JM,ATL.CSAIN PERUGIA,3 fi- 1,Ancona,2017-01-14,https://www.fidal.it/atleta/PASAHOL-Jernie/fqmRkpOiaGg%3D,https://www.fidal.it/societa/ATL-CSAIN-PERUGIA/PG020
9.69,9.69,e,MASATO Samir,1998,JM,ASSINDUSTRIA SPORT PADOVA,6 se- 3,Padova,2017-01-15,https://www.fidal.it/atleta/MASATO-Samir/eKqRkpanamw%3D,https://www.fidal.it/societa/ASSINDUSTRIA-SPORT-PADOVA/PD140
9.69,9.69,e,COME' Michel,1999,JM,ATLETICA SANDRO CALVESI,4 fi- 1,Aosta,2017-01-22,https://www.fidal.it/atleta/COME-Michel/dKqRkpKfaGU%3D,https://www.fidal.it/societa/ATLETICA-SANDRO-CALVESI/AO004
9.72,9.72,e,MERONI Emilio,1999,JM,U.S. OLIMPIA BERGAMO,3 su- 1,Bergamo,2017-02-04,https://www.fidal.it/atleta/MERONI-Emilio/dqmRl5SncGs%3D,https://www.fidal.it/societa/U-S--OLIMPIA-BERGAMO/BG138
9.73,9.73,e,NICOLA Riccardo,1998,JM,G.S. ERMENEGILDO ZEGNA,5 fi- 1,Aosta,2017-01-22,https://www.fidal.it/atleta/NICOLA-Riccardo/dKAAARk5qjbWY%3D,https://www.fidal.it/societa/G-S--ERMENEGILDO-ZEGNA/VC020
9.75,9.75,e,BERTOGLIO Alex,1998,JM,C.S.S. LEONARDO DA VINCI,6 ba- 2,Modena,2017-02-26,https://www.fidal.it/atleta/BERTOGLIO-Alex/iaiRk5Olbmw%3D,https://www.fidal.it/societa/C-S-S--LEONARDO-DA-VINCI/BZ071
9.79,9.79,e,PASAHOL Jernie,1998,JM,ATL.CSAIN PERUGIA,2 ba- 1,Ancona,2017-01-14,https://www.fidal.it/atleta/PASAHOL-Jernie/fqmRkpOiaGg%3D,https://www.fidal.it/societa/ATL-CSAIN-PERUGIA/PG020
9.79,9.79,e,FAVRO Stefano,1998,JM,ATLETICA CANAVESANA,6 se- 1,Padova,2017-01-15,https://www.fidal.it/atleta/FAVRO-Stefano/dKAAARk5ufamk%3D,https://www.fidal.it/societa/ATLETICA-CANAVESANA/TO015
9.84,9.84,e,CICCHELLI Gian lorenzo,1969,SM45,ASD 'VINI FANTINI',2 su- 1,Ancona,2017-02-25,https://www.fidal.it/atleta/CICCHELLI-Gian-lorenzo/gauRkpKfamg%3D,https://www.fidal.it/societa/ASD-VINI-FANTINI-/PE032
9.85,9.85,e,GIANNOTTI Alessandro,1976,SM40,ASD ATLETICA ALTA TOSCANA,1 se- 1,Ancona,2017-02-25,https://www.fidal.it/atleta/GIANNOTTI-Alessandro/faiSkpKlbGk%3D,https://www.fidal.it/societa/ASD-ATLETICA-ALTA-TOSCANA/MS424
9.88,9.88,e,VEDANA Filippo,1974,SM40,A.ATL.DOLOMITI BELLUNO,2 se- 9,Ancona,2017-02-24,https://www.fidal.it/atleta/VEDANA-Filippo/eKmRlJKicWs%3D,https://www.fidal.it/societa/A-ATL-DOLOMITI-BELLUNO/BL010
9.88,9.88,e,GIANNOTTI Alessandro,1976,SM40,ASD ATLETICA ALTA TOSCANA,3 se- 9,Ancona,2017-02-24,https://www.fidal.it/atleta/GIANNOTTI-Alessandro/faiSkpKlbGk%3D,https://www.fidal.it/societa/ASD-ATLETICA-ALTA-TOSCANA/MS424
9.89,9.89,e,TIRLONI Mirco,1999,JM,ATL. VALLE IMAGNA,4 su- 1,Bergamo,2017-01-14,https://www.fidal.it/atleta/TIRLONI-Mirco/dqmRmJakaGQ%3D,https://www.fidal.it/societa/ATL--VALLE-IMAGNA/BG511
9.91,9.91,e,CANAVESE Federico,1998,JM,S.A.F.ATLETICA PIEMONTE A.S.D.,4 ba- 1,Bra,2017-01-15,https://www.fidal.it/atleta/CANAVESE-Federico/dK6RlZejaGM%3D,https://www.fidal.it/societa/S-A-F-ATLETICA-PIEMONTE-A-S-D-/TO226
9.95,9.95,e,SPINI Ivan,1968,SM45,S G AMSICORA,3 se- 1,Ancona,2017-02-24,https://www.fidal.it/atleta/SPINI-Ivan/iKmRkpWha2M%3D,https://www.fidal.it/societa/S-G-AMSICORA/CA002
9.96,9.96,e,COME' Michel,1999,JM,ATLETICA SANDRO CALVESI,2 su- 1,Aosta,2017-01-08,https://www.fidal.it/atleta/COME-Michel/dKqRkpKfaGU%3D,https://www.fidal.it/societa/ATLETICA-SANDRO-CALVESI/AO004
9.96,9.96,e,VEDANA Filippo,1974,SM40,A.ATL.DOLOMITI BELLUNO,4 se- 2,Ancona,2017-02-25,https://www.fidal.it/atleta/VEDANA-Filippo/eKmRlJKicWs%3D,https://www.fidal.it/societa/A-ATL-DOLOMITI-BELLUNO/BL010
9.97,9.97,e,BANO Pietro,1999,JM,ASSOCIAZIONE ATLETICA N.E.VI.,4 fi- 1,Padova,2017-01-08,https://www.fidal.it/atleta/BANO-Pietro/eKqRkpSkamo%3D,https://www.fidal.it/societa/ASSOCIAZIONE-ATLETICA-N-E-VI-/VI623
9.99,9.99,e,PASAHOL Jernie,1998,JM,ATL.CSAIN PERUGIA,4 su- 1,Ancona,2017-01-08,https://www.fidal.it/atleta/PASAHOL-Jernie/fqmRkpOiaGg%3D,https://www.fidal.it/societa/ATL-CSAIN-PERUGIA/PG020
10.01,10.01,e,CANAVESE Federico,1998,JM,S.A.F.ATLETICA PIEMONTE A.S.D.,2 fi- 2,Bra,2017-01-15,https://www.fidal.it/atleta/CANAVESE-Federico/dK6RlZejaGM%3D,https://www.fidal.it/societa/S-A-F-ATLETICA-PIEMONTE-A-S-D-/TO226
10.05,10.05,e,TIRLONI Mirco,1999,JM,ATL. VALLE IMAGNA,4 su- 1,Bergamo,2017-01-14,https://www.fidal.it/atleta/TIRLONI-Mirco/dqmRmJakaGQ%3D,https://www.fidal.it/societa/ATL--VALLE-IMAGNA/BG511
10.06,10.06,e,VEDANA Filippo,1974,SM40,A.ATL.DOLOMITI BELLUNO,3 su- 1,Padova,2017-02-11,https://www.fidal.it/atleta/VEDANA-Filippo/eKmRlJKicWs%3D,https://www.fidal.it/societa/A-ATL-DOLOMITI-BELLUNO/BL010
10.12,10.12,e,BANO Pietro,1999,JM,ASSOCIAZIONE ATLETICA N.E.VI.,5 ba- 1,Padova,2017-01-08,https://www.fidal.it/atleta/BANO-Pietro/eKqRkpSkamo%3D,https://www.fidal.it/societa/ASSOCIAZIONE-ATLETICA-N-E-VI-/VI623
10.14,10.14,e,SPINI Ivan,1968,SM45,S G AMSICORA,1 su- 1,Iglesias,2017-01-29,https://www.fidal.it/atleta/SPINI-Ivan/iKmRkpWha2M%3D,https://www.fidal.it/societa/S-G-AMSICORA/CA002
10.33,10.33,e,SPINI Ivan,1968,SM45,S G AMSICORA,3 su- 1,Ancona,2017-02-25,https://www.fidal.it/atleta/SPINI-Ivan/iKmRkpWha2M%3D,https://www.fidal.it/societa/S-G-AMSICORA/CA002
10.39,10.39,e,NATELLA Alfonso,1980,SM35,A.S.D. INTESATLETICA,2 se- 8,Ancona,2017-02-24,https://www.fidal.it/atleta/NATELLA-Alfonso/f6qRkpWgcGQ%3D,https://www.fidal.it/societa/A-S-D--INTESATLETICA/LT260
10.42,10.42,e,MANZINI Andrea,1999,JM,TOSCANA ATLETICA FUTURA,4 su- 1,Firenze,2017-01-22,https://www.fidal.it/atleta/MANZINI-Andrea/faiSkpmgaWQ%3D,https://www.fidal.it/societa/TOSCANA-ATLETICA-FUTURA/FI018
10.45,10.45,e,ZANETTI Paolo,1977,SM40,A.S.D. ATLETICA CINQUE CERCHI,4 se- 9,Ancona,2017-02-24,https://www.fidal.it/atleta/ZANETTI-Paolo/eq2RkpOlcGM%3D,https://www.fidal.it/societa/A-S-D--ATLETICA-CINQUE-CERCHI/PC461
10.46,10.46,e,CONTI Carlo,1968,SM45,ATL. CASAZZA,4 se- 1,Ancona,2017-02-24,https://www.fidal.it/atleta/CONTI-Carlo/dqmRl5qjbWo%3D,https://www.fidal.it/societa/ATL--CASAZZA/BG225
10.56,10.56,e,ALTAMURA Giuseppe,1968,SM45,OLIMPIA AMATORI RIMINI,4 su- 1,Ancona,2017-02-25,https://www.fidal.it/atleta/ALTAMURA-Giuseppe/hKmRkpWiaGc%3D,https://www.fidal.it/societa/OLIMPIA-AMATORI-RIMINI/RN357
10.67,10.67,e,LETIZIA Alessandro,1974,SM40,A.S.D.  C.U.S. GENOVA,2 se- 1,Ancona,2017-02-25,https://www.fidal.it/atleta/LETIZIA-Alessandro/daiRkpOhb2w%3D,https://www.fidal.it/societa/A-S-D--C-U-S--GENOVA/GE002
10.81,10.81,e,GUGLIOTTA Gabriele,1999,JM,ATLETICA MONZA,3 su- 1,Bergamo,2017-02-04,https://www.fidal.it/atleta/GUGLIOTTA-Gabriele/dq2RlpunbGo%3D,https://www.fidal.it/societa/ATLETICA-MONZA/MI710
10.95,10.95,e,SIMONE Fabrizio,1974,SM40,S.S.FIAMMA ATL.CATANZARO,3 se- 1,Ancona,2017-02-25,https://www.fidal.it/atleta/SIMONE-Fabrizio/hqiRkpKla2w%3D,https://www.fidal.it/societa/S-S-FIAMMA-ATL-CATANZARO/CZ010
11.14,11.14,e,FORTUNATO Roberto,1972,SM45,ATL.VICENTINA,5 su- 1,Ancona,2017-02-25,https://www.fidal.it/atleta/FORTUNATO-Roberto/eKiRk5SgcGU%3D,https://www.fidal.it/societa/ATL-VICENTINA/VI626
11.42,11.42,e,VEGLIA Francesco,1973,SM40,A.S.D. C.U.S. SALERNO,5 se- 9,Ancona,2017-02-24,https://www.fidal.it/atleta/VEGLIA-Francesco/gKiRk5WgaGU%3D,https://www.fidal.it/societa/A-S-D--C-U-S--SALERNO/SA265
11.56,11.56,e,MENGOLI Rosario,1969,SM45,GALATLETICA DREAM TEAM,5 se- 1,Ancona,2017-02-24,https://www.fidal.it/atleta/MENGOLI-Rosario/hKyRkpOkams%3D,https://www.fidal.it/societa/GALATLETICA-DREAM-TEAM/LE645
11.73,11.73,e,ZANETTI Paolo,1977,SM40,A.S.D. ATLETICA CINQUE CERCHI,1 su- 1,Saronno,2017-02-19,https://www.fidal.it/atleta/ZANETTI-Paolo/eq2RkpOlcGM%3D,https://www.fidal.it/societa/A-S-D--ATLETICA-CINQUE-CERCHI/PC461
11.75,11.75,e,MASULLO Andrea,1999,JM,A. P. D.  HIPPOS CAMPI FLEGREI,5 su- 1,Ancona,2017-01-08,https://www.fidal.it/atleta/MASULLO-Andrea/gKyRkpamaGs%3D,https://www.fidal.it/societa/A--P--D--HIPPOS-CAMPI-FLEGREI/NA325
11.86,11.86,e,PEDERZANI Piero,1970,SM45,ACQUADELA BOLOGNA,6 se- 1,Ancona,2017-02-24,https://www.fidal.it/atleta/PEDERZANI-Piero/eqmRkpakbGw%3D,https://www.fidal.it/societa/ACQUADELA-BOLOGNA/BO002
12.02,12.02,e,ROLFI Piero,1970,SM45,S.S. VITTORIO ALFIERI ASTI,1 su- 1,Bra,2017-01-29,https://www.fidal.it/atleta/ROLFI-Piero/dKuRk5efaGk%3D,https://www.fidal.it/societa/S-S--VITTORIO-ALFIERI-ASTI/AT001
12.22,12.22,e,DI BLASI Manfred,1969,SM45,G.S. C.S.I. MORBEGNO,7 se- 1,Ancona,2017-02-24,https://www.fidal.it/atleta/DI-BLASI-Manfred/dqiSl5ifa2Q%3D,https://www.fidal.it/societa/G-S--C-S-I--MORBEGNO/SO114
12.26,12.26,e,PEDERZANI Piero,1970,SM45,ACQUADELA BOLOGNA,4 su- 1,Padova,2017-02-11,https://www.fidal.it/atleta/PEDERZANI-Piero/eqmRkpakbGw%3D,https://www.fidal.it/societa/ACQUADELA-BOLOGNA/BO002
12.26,12.26,e,PELLORCA Jampier,1976,SM40,LAZIO RUNNERS TEAM A.S.D.,4 se- 1,Ancona,2017-02-25,https://www.fidal.it/atleta/PELLORCA-Jampier/f6yRkpeibGc%3D,https://www.fidal.it/societa/LAZIO-RUNNERS-TEAM-A-S-D-/RM183
12.28,12.28,e,PELLORCA Jampier,1976,SM40,LAZIO RUNNERS TEAM A.S.D.,6 se- 9,Ancona,2017-02-24,https://www.fidal.it/atleta/PELLORCA-Jampier/f6yRkpeibGc%3D,https://www.fidal.it/societa/LAZIO-RUNNERS-TEAM-A-S-D-/RM183
12.7,12.70,e,DI BLASI Manfred,1969,SM45,G.S. C.S.I. MORBEGNO,2 su- 1,Saronno,2017-02-19,https://www.fidal.it/atleta/DI-BLASI-Manfred/dqiSl5ifa2Q%3D,https://www.fidal.it/societa/G-S--C-S-I--MORBEGNO/SO114
12.82,12.82,e,ROSSI Stefano,1970,SM45,G.S.SELF ATL. MONTANARI GRUZZA,8 se- 1,Ancona,2017-02-24,https://www.fidal.it/atleta/ROSSI-Stefano/erGRkpWgcGw%3D,https://www.fidal.it/societa/G-S-SELF-ATL--MONTANARI-GRUZZA/RE105
7.64,7.64,e,MONTINI Mattia,1999,JM,ATL. LECCO-COLOMBO COSTRUZ.,1 fi- 1,Ancona,2018-02-04,https://www.fidal.it/atleta/MONTINI-Mattia/dquRkpefbWg%3D,https://www.fidal.it/societa/ATL--LECCO-COLOMBO-COSTRUZ-/CO208
7.7,7.70,e,MONTINI Mattia,1999,JM,ATL. LECCO-COLOMBO COSTRUZ.,1 su- 1,Nantes,2018-03-03,https://www.fidal.it/atleta/MONTINI-Mattia/dquRkpefbWg%3D,https://www.fidal.it/societa/ATL--LECCO-COLOMBO-COSTRUZ-/CO208
7.7,7.70,e,MONTINI Mattia,1999,JM,ATL. LECCO-COLOMBO COSTRUZ.,2 ex- 1,Nantes,2018-03-03,https://www.fidal.it/atleta/MONTINI-Mattia/dquRkpefbWg%3D,https://www.fidal.it/societa/ATL--LECCO-COLOMBO-COSTRUZ-/CO208
7.72,7.72,e,MONTINI Mattia,1999,JM,ATL. LECCO-COLOMBO COSTRUZ.,1 sf- 1,Ancona,2018-02-04,https://www.fidal.it/atleta/MONTINI-Mattia/dquRkpefbWg%3D,https://www.fidal.it/societa/ATL--LECCO-COLOMBO-COSTRUZ-/CO208
7.78,7.78,e,DI PANFILO Mattia,1999,JM,A.S.D. ATLETICA FUTURA ROMA,1 sf- 2,Ancona,2018-02-04,https://www.fidal.it/atleta/DI-PANFILO-Mattia/f6iRmZincWw%3D,https://www.fidal.it/societa/A-S-D--ATLETICA-FUTURA-ROMA/RM555
7.79,7.79,e,DI PANFILO Mattia,1999,JM,A.S.D. ATLETICA FUTURA ROMA,4 ex- 1,Nantes,2018-03-03,https://www.fidal.it/atleta/DI-PANFILO-Mattia/f6iRmZincWw%3D,https://www.fidal.it/societa/A-S-D--ATLETICA-FUTURA-ROMA/RM555
7.81,7.81,e,DI PANFILO Mattia,1999,JM,A.S.D. ATLETICA FUTURA ROMA,2 fi- 1,Ancona,2018-02-04,https://www.fidal.it/atleta/DI-PANFILO-Mattia/f6iRmZincWw%3D,https://www.fidal.it/societa/A-S-D--ATLETICA-FUTURA-ROMA/RM555
7.82,7.82,e,MONTINI Mattia,1999,JM,ATL. LECCO-COLOMBO COSTRUZ.,1 fi- 1,Modena,2018-01-20,https://www.fidal.it/atleta/MONTINI-Mattia/dquRkpefbWg%3D,https://www.fidal.it/societa/ATL--LECCO-COLOMBO-COSTRUZ-/CO208
7.83,7.83,e,MONTINI Mattia,1999,JM,ATL. LECCO-COLOMBO COSTRUZ.,1 ba- 2,Ancona,2018-02-04,https://www.fidal.it/atleta/MONTINI-Mattia/dquRkpefbWg%3D,https://www.fidal.it/societa/ATL--LECCO-COLOMBO-COSTRUZ-/CO208
7.85,7.85,e,DI PANFILO Mattia,1999,JM,A.S.D. ATLETICA FUTURA ROMA,1 fi- 1,Ancona,2018-01-28,https://www.fidal.it/atleta/DI-PANFILO-Mattia/f6iRmZincWw%3D,https://www.fidal.it/societa/A-S-D--ATLETICA-FUTURA-ROMA/RM555
7.88,7.88,e,DI PANFILO Mattia,1999,JM,A.S.D. ATLETICA FUTURA ROMA,4 su- 1,Nantes,2018-03-03,https://www.fidal.it/atleta/DI-PANFILO-Mattia/f6iRmZincWw%3D,https://www.fidal.it/societa/A-S-D--ATLETICA-FUTURA-ROMA/RM555
7.91,7.91,e,DI PANFILO Mattia,1999,JM,A.S.D. ATLETICA FUTURA ROMA,1 ba- 1,Ancona,2018-02-04,https://www.fidal.it/atleta/DI-PANFILO-Mattia/f6iRmZincWw%3D,https://www.fidal.it/societa/A-S-D--ATLETICA-FUTURA-ROMA/RM555
7.95,7.95,e,RIGHI Vieri,2000,JM,TOSCANA ATLETICA FUTURA,2 sf- 1,Ancona,2018-02-04,https://www.fidal.it/atleta/RIGHI-Vieri/famRkpKjbmk%3D,https://www.fidal.it/societa/TOSCANA-ATLETICA-FUTURA/FI018
7.97,7.97,e,MONTINI Mattia,1999,JM,ATL. LECCO-COLOMBO COSTRUZ.,1 ba- 1,Modena,2018-01-20,https://www.fidal.it/atleta/MONTINI-Mattia/dquRkpefbWg%3D,https://www.fidal.it/societa/ATL--LECCO-COLOMBO-COSTRUZ-/CO208
7.99,7.99,e,RIGHI Vieri,2000,JM,TOSCANA ATLETICA FUTURA,3 fi- 1,Ancona,2018-02-04,https://www.fidal.it/atleta/RIGHI-Vieri/famRkpKjbmk%3D,https://www.fidal.it/societa/TOSCANA-ATLETICA-FUTURA/FI018
8.0,8.00,e,MONTINI Mattia,1999,JM,ATL. LECCO-COLOMBO COSTRUZ.,1 se- 1,Saronno,2018-01-13,https://www.fidal.it/atleta/MONTINI-Mattia/dquRkpefbWg%3D,https://www.fidal.it/societa/ATL--LECCO-COLOMBO-COSTRUZ-/CO208
8.0,8.00,e,PAGANINI Lorenzo,1999,JM,PRO SESTO ATL.,4 fi- 1,Ancona,2018-02-04,https://www.fidal.it/atleta/PAGANINI-Lorenzo/dq2RlZmgbmQ%3D,https://www.fidal.it/societa/PRO-SESTO-ATL-/MI089
8.03,8.03,e,ALI Chituru,1999,JM,UNIONE SPORTIVA ALBATESE ASD,5 fi- 1,Ancona,2018-02-04,https://www.fidal.it/atleta/ALI-Chituru/dquRkpmgbWc%3D,https://www.fidal.it/societa/UNIONE-SPORTIVA-ALBATESE-ASD/CO546
8.05,8.05,e,PAGANINI Lorenzo,1999,JM,PRO SESTO ATL.,2 sf- 2,Ancona,2018-02-04,https://www.fidal.it/atleta/PAGANINI-Lorenzo/dq2RlZmgbmQ%3D,https://www.fidal.it/societa/PRO-SESTO-ATL-/MI089
8.07,8.07,e,CECCHET Cristopher,2000,JM,ATHLETIC CLUB FIREX BELLUNO,3 sf- 2,Ancona,2018-02-04,https://www.fidal.it/atleta/CECCHET-Cristopher/eKmRlJSocGo%3D,https://www.fidal.it/societa/ATHLETIC-CLUB-FIREX-BELLUNO/BL009
8.1,8.10,e,ALI Chituru,1999,JM,UNIONE SPORTIVA ALBATESE ASD,3 sf- 1,Ancona,2018-02-04,https://www.fidal.it/atleta/ALI-Chituru/dquRkpmgbWc%3D,https://www.fidal.it/societa/UNIONE-SPORTIVA-ALBATESE-ASD/CO546
8.12,8.12,e,ALI Chituru,1999,JM,UNIONE SPORTIVA ALBATESE ASD,1 fi- 1,Saronno,2018-01-21,https://www.fidal.it/atleta/ALI-Chituru/dquRkpmgbWc%3D,https://www.fidal.it/societa/UNIONE-SPORTIVA-ALBATESE-ASD/CO546
8.13,8.13,e,CECCHET Cristopher,2000,JM,ATHLETIC CLUB FIREX BELLUNO,1 ba- 4,Ancona,2018-02-04,https://www.fidal.it/atleta/CECCHET-Cristopher/eKmRlJSocGo%3D,https://www.fidal.it/societa/ATHLETIC-CLUB-FIREX-BELLUNO/BL009
8.13,8.13,e,CECCHET Cristopher,2000,JM,ATHLETIC CLUB FIREX BELLUNO,1 fi- 1,Modena,2018-02-25,https://www.fidal.it/atleta/CECCHET-Cristopher/eKmRlJSocGo%3D,https://www.fidal.it/societa/ATHLETIC-CLUB-FIREX-BELLUNO/BL009
8.14,8.14,e,PAGANINI Lorenzo,1999,JM,PRO SESTO ATL.,1 fi- 1,Modena,2018-01-27,https://www.fidal.it/atleta/PAGANINI-Lorenzo/dq2RlZmgbmQ%3D,https://www.fidal.it/societa/PRO-SESTO-ATL-/MI089
8.16,8.16,e,DI PANFILO Mattia,1999,JM,A.S.D. ATLETICA FUTURA ROMA,1 ba- 1,Ancona,2018-01-28,https://www.fidal.it/atleta/DI-PANFILO-Mattia/f6iRmZincWw%3D,https://www.fidal.it/societa/A-S-D--ATLETICA-FUTURA-ROMA/RM555
8.17,8.17,e,CECCHET Cristopher,2000,JM,ATHLETIC CLUB FIREX BELLUNO,6 fi- 1,Ancona,2018-02-04,https://www.fidal.it/atleta/CECCHET-Cristopher/eKmRlJSocGo%3D,https://www.fidal.it/societa/ATHLETIC-CLUB-FIREX-BELLUNO/BL009
8.18,8.18,e,RIGHI Vieri,2000,JM,TOSCANA ATLETICA FUTURA,2 ba- 2,Ancona,2018-02-04,https://www.fidal.it/atleta/RIGHI-Vieri/famRkpKjbmk%3D,https://www.fidal.it/societa/TOSCANA-ATLETICA-FUTURA/FI018
8.19,8.19,e,ALI Chituru,1999,JM,UNIONE SPORTIVA ALBATESE ASD,1 su- 1,Saronno,2018-01-13,https://www.fidal.it/atleta/ALI-Chituru/dquRkpmgbWc%3D,https://www.fidal.it/societa/UNIONE-SPORTIVA-ALBATESE-ASD/CO546
8.19,8.19,e,ALI Chituru,1999,JM,UNIONE SPORTIVA ALBATESE ASD,1 ba- 3,Ancona,2018-02-04,https://www.fidal.it/atleta/ALI-Chituru/dquRkpmgbWc%3D,https://www.fidal.it/societa/UNIONE-SPORTIVA-ALBATESE-ASD/CO546
8.19,8.19,e,PAGANINI Lorenzo,1999,JM,PRO SESTO ATL.,2 ba- 4,Ancona,2018-02-04,https://www.fidal.it/atleta/PAGANINI-Lorenzo/dq2RlZmgbmQ%3D,https://www.fidal.it/societa/PRO-SESTO-ATL-/MI089
8.21,8.21,e,ALI Chituru,1999,JM,UNIONE SPORTIVA ALBATESE ASD,2 se- 1,Saronno,2018-01-13,https://www.fidal.it/atleta/ALI-Chituru/dquRkpmgbWc%3D,https://www.fidal.it/societa/UNIONE-SPORTIVA-ALBATESE-ASD/CO546
8.22,8.22,e,CECCHET Cristopher,2000,JM,ATHLETIC CLUB FIREX BELLUNO,1 su- 1,Padova,2018-01-21,https://www.fidal.it/atleta/CECCHET-Cristopher/eKmRlJSocGo%3D,https://www.fidal.it/societa/ATHLETIC-CLUB-FIREX-BELLUNO/BL009
8.23,8.23,e,SIENA Leone,1999,JM,ASD LIB. MANTOVA MASCH-FEMM.,4 sf- 1,Ancona,2018-02-04,https://www.fidal.it/atleta/SIENA-Leone/dq6RkpKka2U%3D,https://www.fidal.it/societa/ASD-LIB--MANTOVA-MASCH-FEMM-/MN043
8.25,8.25,e,MIGLIETTA Riccardo,1999,JM,ATL.VICENTINA,4 sf- 2,Ancona,2018-02-04,https://www.fidal.it/atleta/MIGLIETTA-Riccardo/eK6RkpSocGo%3D,https://www.fidal.it/societa/ATL-VICENTINA/VI626
8.25,8.25,e,CECCHET Cristopher,2000,JM,ATHLETIC CLUB FIREX BELLUNO,1 ba- 2,Modena,2018-02-25,https://www.fidal.it/atleta/CECCHET-Cristopher/eKmRlJSocGo%3D,https://www.fidal.it/societa/ATHLETIC-CLUB-FIREX-BELLUNO/BL009
8.26,8.26,e,GALBIATI Amos,1999,JM,ATL.  CENTO TORRI PAVIA,2 ba- 1,Magglingen,2018-01-20,https://www.fidal.it/atleta/GALBIATI-Amos/dq2RlpWibmo%3D,https://www.fidal.it/societa/ATL--CENTO-TORRI-PAVIA/PV110
8.27,8.27,e,GATTO Andy,1999,JM,A.S.D. ATLETICA ALBA,5 sf- 2,Ancona,2018-02-04,https://www.fidal.it/atleta/GATTO-Andy/dKyRlJOibms%3D,https://www.fidal.it/societa/A-S-D--ATLETICA-ALBA/CN008
8.28,8.28,e,NAIDON Lorenzo,1999,JM,U.S. QUERCIA TRENTINGRANA,1 se- 1,Padova,2018-01-14,https://www.fidal.it/atleta/NAIDON-Lorenzo/d6iRk5imbGY%3D,https://www.fidal.it/societa/U-S--QUERCIA-TRENTINGRANA/TN109
8.29,8.29,e,PAGANINI Lorenzo,1999,JM,PRO SESTO ATL.,1 ba- 2,Modena,2018-01-27,https://www.fidal.it/atleta/PAGANINI-Lorenzo/dq2RlZmgbmQ%3D,https://www.fidal.it/societa/PRO-SESTO-ATL-/MI089
8.3,8.30,e,ALI Chituru,1999,JM,UNIONE SPORTIVA ALBATESE ASD,1 ba- 1,Saronno,2018-01-21,https://www.fidal.it/atleta/ALI-Chituru/dquRkpmgbWc%3D,https://www.fidal.it/societa/UNIONE-SPORTIVA-ALBATESE-ASD/CO546
8.31,8.31,e,MIGLIETTA Riccardo,1999,JM,ATL.VICENTINA,2 su- 1,Padova,2018-01-21,https://www.fidal.it/atleta/MIGLIETTA-Riccardo/eK6RkpSocGo%3D,https://www.fidal.it/societa/ATL-VICENTINA/VI626
8.32,8.32,e,CECCHET Cristopher,2000,JM,ATHLETIC CLUB FIREX BELLUNO,1 fi- 1,Padova,2018-01-07,https://www.fidal.it/atleta/CECCHET-Cristopher/eKmRlJSocGo%3D,https://www.fidal.it/societa/ATHLETIC-CLUB-FIREX-BELLUNO/BL009
8.35,8.35,e,MIGLIETTA Riccardo,1999,JM,ATL.VICENTINA,7 fi- 1,Ancona,2018-02-04,https://www.fidal.it/atleta/MIGLIETTA-Riccardo/eK6RkpSocGo%3D,https://www.fidal.it/societa/ATL-VICENTINA/VI626
8.37,8.37,e,PAGANINI Lorenzo,1999,JM,PRO SESTO ATL.,3 se- 1,Saronno,2018-01-13,https://www.fidal.it/atleta/PAGANINI-Lorenzo/dq2RlZmgbmQ%3D,https://www.fidal.it/societa/PRO-SESTO-ATL-/MI089
8.37,8.37,e,PITTILINI Davide,1999,JM,ATLETICA STIORE TREVISO,2 ba- 1,Ancona,2018-02-04,https://www.fidal.it/atleta/PITTILINI-Davide/eKyRkpqfaWY%3D,https://www.fidal.it/societa/ATLETICA-STIORE-TREVISO/TV342
8.37,8.37,e,SIENA Leone,1999,JM,ASD LIB. MANTOVA MASCH-FEMM.,3 ba- 4,Ancona,2018-02-04,https://www.fidal.it/atleta/SIENA-Leone/dq6RkpKka2U%3D,https://www.fidal.it/societa/ASD-LIB--MANTOVA-MASCH-FEMM-/MN043
8.37,8.37,e,SIENA Leone,1999,JM,ASD LIB. MANTOVA MASCH-FEMM.,8 fi- 1,Ancona,2018-02-04,https://www.fidal.it/atleta/SIENA-Leone/dq6RkpKka2U%3D,https://www.fidal.it/societa/ASD-LIB--MANTOVA-MASCH-FEMM-/MN043
8.38,8.38,e,GATTO Andy,1999,JM,A.S.D. ATLETICA ALBA,1 ba- 1,Bra,2018-01-27,https://www.fidal.it/atleta/GATTO-Andy/dKyRlJOibms%3D,https://www.fidal.it/societa/A-S-D--ATLETICA-ALBA/CN008
8.38,8.38,e,QUINTI Federico,1999,JM,ATL LIBERTAS RUNNERS LIVORNO,2 fi- 1,Modena,2018-02-25,https://www.fidal.it/atleta/QUINTI-Federico/fayRkpWlaGY%3D,https://www.fidal.it/societa/ATL-LIBERTAS-RUNNERS-LIVORNO/LI035
8.39,8.39,e,CECCHET Cristopher,2000,JM,ATHLETIC CLUB FIREX BELLUNO,1 ba- 2,Padova,2018-01-07,https://www.fidal.it/atleta/CECCHET-Cristopher/eKmRlJSocGo%3D,https://www.fidal.it/societa/ATHLETIC-CLUB-FIREX-BELLUNO/BL009
8.39,8.39,e,RIGHI Vieri,2000,JM,TOSCANA ATLETICA FUTURA,1 ba- 1,Firenze,2018-01-20,https://www.fidal.it/atleta/RIGHI-Vieri/famRkpKjbmk%3D,https://www.fidal.it/societa/TOSCANA-ATLETICA-FUTURA/FI018
8.39,8.39,e,MIGLIETTA Riccardo,1999,JM,ATL.VICENTINA,1 se- 3,Padova,2018-01-28,https://www.fidal.it/atleta/MIGLIETTA-Riccardo/eK6RkpSocGo%3D,https://www.fidal.it/societa/ATL-VICENTINA/VI626
8.4,8.40,e,RIGHI Vieri,2000,JM,TOSCANA ATLETICA FUTURA,1 fi- 1,Firenze,2018-01-20,https://www.fidal.it/atleta/RIGHI-Vieri/famRkpKjbmk%3D,https://www.fidal.it/societa/TOSCANA-ATLETICA-FUTURA/FI018
8.4,8.40,e,GALBIATI Amos,1999,JM,ATL.  CENTO TORRI PAVIA,3 fi- 1,Magglingen,2018-01-20,https://www.fidal.it/atleta/GALBIATI-Amos/dq2RlpWibmo%3D,https://www.fidal.it/societa/ATL--CENTO-TORRI-PAVIA/PV110
8.44,8.44,e,MIGLIETTA Riccardo,1999,JM,ATL.VICENTINA,2 ba- 2,Padova,2018-01-07,https://www.fidal.it/atleta/MIGLIETTA-Riccardo/eK6RkpSocGo%3D,https://www.fidal.it/societa/ATL-VICENTINA/VI626
8.44,8.44,e,GATTO Andy,1999,JM,A.S.D. ATLETICA ALBA,1 ba- 1,Bra,2018-01-14,https://www.fidal.it/atleta/GATTO-Andy/dKyRlJOibms%3D,https://www.fidal.it/societa/A-S-D--ATLETICA-ALBA/CN008
8.44,8.44,e,GATTO Andy,1999,JM,A.S.D. ATLETICA ALBA,1 fi- 1,Bra,2018-01-27,https://www.fidal.it/atleta/GATTO-Andy/dKyRlJOibms%3D,https://www.fidal.it/societa/A-S-D--ATLETICA-ALBA/CN008
8.44,8.44,e,CENTRACCHIO Lorenzo,1999,JM,ACSI CAMPIDOGLIO PALATINO,4 ba- 4,Ancona,2018-02-04,https://www.fidal.it/atleta/CENTRACCHIO-Lorenzo/f62RkpSmbGM%3D,https://www.fidal.it/societa/ACSI-CAMPIDOGLIO-PALATINO/RM046
8.44,8.44,e,QUINTI Federico,1999,JM,ATL LIBERTAS RUNNERS LIVORNO,5 sf- 1,Ancona,2018-02-04,https://www.fidal.it/atleta/QUINTI-Federico/fayRkpWlaGY%3D,https://www.fidal.it/societa/ATL-LIBERTAS-RUNNERS-LIVORNO/LI035
8.45,8.45,e,MIGLIETTA Riccardo,1999,JM,ATL.VICENTINA,2 se- 1,Padova,2018-01-14,https://www.fidal.it/atleta/MIGLIETTA-Riccardo/eK6RkpSocGo%3D,https://www.fidal.it/societa/ATL-VICENTINA/VI626
8.45,8.45,e,ALBANO Federico,2000,JM,ATL. ENDAS  CESENA,1 ba- 1,Modena,2018-01-27,https://www.fidal.it/atleta/ALBANO-Federico/equRkpOjaGU%3D,https://www.fidal.it/societa/ATL--ENDAS-CESENA/FC049
8.45,8.45,e,MIGLIETTA Riccardo,1999,JM,ATL.VICENTINA,3 ba- 1,Ancona,2018-02-04,https://www.fidal.it/atleta/MIGLIETTA-Riccardo/eK6RkpSocGo%3D,https://www.fidal.it/societa/ATL-VICENTINA/VI626
8.46,8.46,e,MIGLIETTA Riccardo,1999,JM,ATL.VICENTINA,2 fi- 1,Padova,2018-01-07,https://www.fidal.it/atleta/MIGLIETTA-Riccardo/eK6RkpSocGo%3D,https://www.fidal.it/societa/ATL-VICENTINA/VI626
8.46,8.46,e,GATTO Andy,1999,JM,A.S.D. ATLETICA ALBA,3 ba- 2,Ancona,2018-02-04,https://www.fidal.it/atleta/GATTO-Andy/dKyRlJOibms%3D,https://www.fidal.it/societa/A-S-D--ATLETICA-ALBA/CN008
8.46,8.46,e,POGGI Carlo,2000,JM,BERGAMO STARS ATLETICA,6 sf- 2,Ancona,2018-02-04,https://www.fidal.it/atleta/POGGI-Carlo/dqmRmJSjaGU%3D,https://www.fidal.it/societa/BERGAMO-STARS-ATLETICA/BG795
8.46,8.46,e,RIGHI Vieri,2000,JM,TOSCANA ATLETICA FUTURA,3 fi- 1,Modena,2018-02-25,https://www.fidal.it/atleta/RIGHI-Vieri/famRkpKjbmk%3D,https://www.fidal.it/societa/TOSCANA-ATLETICA-FUTURA/FI018
8.47,8.47,e,CENTRACCHIO Lorenzo,1999,JM,ACSI CAMPIDOGLIO PALATINO,2 fi- 1,Ancona,2018-01-28,https://www.fidal.it/atleta/CENTRACCHIO-Lorenzo/f62RkpSmbGM%3D,https://www.fidal.it/societa/ACSI-CAMPIDOGLIO-PALATINO/RM046
8.48,8.48,e,CENTRACCHIO Lorenzo,1999,JM,ACSI CAMPIDOGLIO PALATINO,1 ba- 1,Formia,2018-01-21,https://www.fidal.it/atleta/CENTRACCHIO-Lorenzo/f62RkpSmbGM%3D,https://www.fidal.it/societa/ACSI-CAMPIDOGLIO-PALATINO/RM046
8.49,8.49,e,GATTO Andy,1999,JM,A.S.D. ATLETICA ALBA,2 fi- 1,Modena,2018-01-20,https://www.fidal.it/atleta/GATTO-Andy/dKyRlJOibms%3D,https://www.fidal.it/societa/A-S-D--ATLETICA-ALBA/CN008
8.49,8.49,e,GALBIATI Amos,1999,JM,ATL.  CENTO TORRI PAVIA,2 ba- 3,Ancona,2018-02-04,https://www.fidal.it/atleta/GALBIATI-Amos/dq2RlpWibmo%3D,https://www.fidal.it/societa/ATL--CENTO-TORRI-PAVIA/PV110
8.49,8.49,e,RIGHI Vieri,2000,JM,TOSCANA ATLETICA FUTURA,1 ba- 1,Modena,2018-02-25,https://www.fidal.it/atleta/RIGHI-Vieri/famRkpKjbmk%3D,https://www.fidal.it/societa/TOSCANA-ATLETICA-FUTURA/FI018
8.49,8.49,e,MIGLIETTA Riccardo,1999,JM,ATL.VICENTINA,4 fi- 1,Modena,2018-02-25,https://www.fidal.it/atleta/MIGLIETTA-Riccardo/eK6RkpSocGo%3D,https://www.fidal.it/societa/ATL-VICENTINA/VI626
8.5,8.50,e,SIENA Leone,1999,JM,ASD LIB. MANTOVA MASCH-FEMM.,2 ba- 1,Modena,2018-01-20,https://www.fidal.it/atleta/SIENA-Leone/dq6RkpKka2U%3D,https://www.fidal.it/societa/ASD-LIB--MANTOVA-MASCH-FEMM-/MN043
8.5,8.50,e,CENTRACCHIO Lorenzo,1999,JM,ACSI CAMPIDOGLIO PALATINO,2 ba- 1,Ancona,2018-01-28,https://www.fidal.it/atleta/CENTRACCHIO-Lorenzo/f62RkpSmbGM%3D,https://www.fidal.it/societa/ACSI-CAMPIDOGLIO-PALATINO/RM046
8.5,8.50,e,PITTILINI Davide,1999,JM,ATLETICA STIORE TREVISO,7 sf- 2,Ancona,2018-02-04,https://www.fidal.it/atleta/PITTILINI-Davide/eKyRkpqfaWY%3D,https://www.fidal.it/societa/ATLETICA-STIORE-TREVISO/TV342
8.51,8.51,e,VICENTINI Pietro,1999,JM,EXPANDIA ATL. INSIEME VERONA,2 se- 3,Padova,2018-01-28,https://www.fidal.it/atleta/VICENTINI-Pietro/eKAAARkpufaGk%3D,https://www.fidal.it/societa/EXPANDIA-ATL--INSIEME-VERONA/VR761
8.51,8.51,e,PUPPO Andrea,2000,JM,U.S. GIOVANI ATLETI BARI,3 ba- 1,Ancona,2018-01-28,https://www.fidal.it/atleta/PUPPO-Andrea/hKmRkpShbWg%3D,https://www.fidal.it/societa/U-S--GIOVANI-ATLETI-BARI/BA006
8.52,8.52,e,QUINTI Federico,1999,JM,ATL LIBERTAS RUNNERS LIVORNO,2 ba- 1,Firenze,2018-01-20,https://www.fidal.it/atleta/QUINTI-Federico/fayRkpWlaGY%3D,https://www.fidal.it/societa/ATL-LIBERTAS-RUNNERS-LIVORNO/LI035
8.52,8.52,e,QUINTI Federico,1999,JM,ATL LIBERTAS RUNNERS LIVORNO,3 ba- 3,Ancona,2018-02-04,https://www.fidal.it/atleta/QUINTI-Federico/fayRkpWlaGY%3D,https://www.fidal.it/societa/ATL-LIBERTAS-RUNNERS-LIVORNO/LI035
8.52,8.52,e,SPOTTI Gabriele,1999,JM,ATL.  CENTO TORRI PAVIA,4 ba- 2,Ancona,2018-02-04,https://www.fidal.it/atleta/SPOTTI-Gabriele/dqmRl5qicGg%3D,https://www.fidal.it/societa/ATL--CENTO-TORRI-PAVIA/PV110
8.52,8.52,e,SIENA Leone,1999,JM,ASD LIB. MANTOVA MASCH-FEMM.,1 fi- 1,Bergamo,2018-02-17,https://www.fidal.it/atleta/SIENA-Leone/dq6RkpKka2U%3D,https://www.fidal.it/societa/ASD-LIB--MANTOVA-MASCH-FEMM-/MN043
8.52,8.52,e,FUSARO Nicolo',1999,JM,ATHLETIC CLUB 96 ALPERIA,5 fi- 1,Modena,2018-02-25,https://www.fidal.it/atleta/FUSARO-Nicolo-/iaiRk5KhaWQ%3D,https://www.fidal.it/societa/ATHLETIC-CLUB-96-ALPERIA/BZ066
8.53,8.53,e,GATTO Andy,1999,JM,A.S.D. ATLETICA ALBA,3 ba- 1,Modena,2018-01-20,https://www.fidal.it/atleta/GATTO-Andy/dKyRlJOibms%3D,https://www.fidal.it/societa/A-S-D--ATLETICA-ALBA/CN008
8.53,8.53,e,MAIFREDI Oscar,2000,JM,ATL. CHIARI 1964 LIB.,2 ba- 1,Modena,2018-01-27,https://www.fidal.it/atleta/MAIFREDI-Oscar/dqqRl5qmbGk%3D,https://www.fidal.it/societa/ATL--CHIARI-1964-LIB-/BS318
8.53,8.53,e,GATTO Andy,1999,JM,A.S.D. ATLETICA ALBA,4 su- 1,Lione,2018-02-11,https://www.fidal.it/atleta/GATTO-Andy/dKyRlJOibms%3D,https://www.fidal.it/societa/A-S-D--ATLETICA-ALBA/CN008
8.53,8.53,e,ALBANO Federico,2000,JM,ATL. ENDAS  CESENA,2 ba- 1,Modena,2018-02-25,https://www.fidal.it/atleta/ALBANO-Federico/equRkpOjaGU%3D,https://www.fidal.it/societa/ATL--ENDAS-CESENA/FC049
8.54,8.54,e,SPOTTI Gabriele,1999,JM,ATL.  CENTO TORRI PAVIA,4 fi- 1,Magglingen,2018-01-20,https://www.fidal.it/atleta/SPOTTI-Gabriele/dqmRl5qicGg%3D,https://www.fidal.it/societa/ATL--CENTO-TORRI-PAVIA/PV110
8.54,8.54,e,MAIFREDI Oscar,2000,JM,ATL. CHIARI 1964 LIB.,2 fi- 1,Modena,2018-01-27,https://www.fidal.it/atleta/MAIFREDI-Oscar/dqqRl5qmbGk%3D,https://www.fidal.it/societa/ATL--CHIARI-1964-LIB-/BS318
8.54,8.54,e,POGGI Carlo,2000,JM,BERGAMO STARS ATLETICA,4 ba- 3,Ancona,2018-02-04,https://www.fidal.it/atleta/POGGI-Carlo/dqmRmJSjaGU%3D,https://www.fidal.it/societa/BERGAMO-STARS-ATLETICA/BG795
8.55,8.55,e,VUILLERMOZ Emiliano,1999,JM,ATLETICA COGNE AOSTA,1 su- 1,Aosta,2018-01-07,https://www.fidal.it/atleta/VUILLERMOZ-Emiliano/dKqRkpKlaWw%3D,https://www.fidal.it/societa/ATLETICA-COGNE-AOSTA/AO001
8.56,8.56,e,MALANCA Luca,2000,JM,CREMONA SPORTIVA ATL. ARVEDI,3 fi- 1,Padova,2018-01-07,https://www.fidal.it/atleta/MALANCA-Luca/dqyRlpqnaWs%3D,https://www.fidal.it/societa/CREMONA-SPORTIVA-ATL--ARVEDI/CR041
8.56,8.56,e,GATTO Andy,1999,JM,A.S.D. ATLETICA ALBA,1 fi- 1,Bra,2018-01-14,https://www.fidal.it/atleta/GATTO-Andy/dKyRlJOibms%3D,https://www.fidal.it/societa/A-S-D--ATLETICA-ALBA/CN008
8.56,8.56,e,SIENA Leone,1999,JM,ASD LIB. MANTOVA MASCH-FEMM.,3 fi- 1,Modena,2018-01-20,https://www.fidal.it/atleta/SIENA-Leone/dq6RkpKka2U%3D,https://www.fidal.it/societa/ASD-LIB--MANTOVA-MASCH-FEMM-/MN043
8.56,8.56,e,DI DONATO Emanuele,1999,JM,A.S.D. PIETRO MENNEA ATLETICA,4 ba- 1,Ancona,2018-02-04,https://www.fidal.it/atleta/DI-DONATO-Emanuele/gaqRkpKkbGg%3D,https://www.fidal.it/societa/A-S-D--PIETRO-MENNEA-ATLETICA/CH173
8.57,8.57,e,QUINTI Federico,1999,JM,ATL LIBERTAS RUNNERS LIVORNO,3 ba- 1,Modena,2018-02-25,https://www.fidal.it/atleta/QUINTI-Federico/fayRkpWlaGY%3D,https://www.fidal.it/societa/ATL-LIBERTAS-RUNNERS-LIVORNO/LI035
8.58,8.58,e,DI DONATO Emanuele,1999,JM,A.S.D. PIETRO MENNEA ATLETICA,1 ba- 1,Ancona,2018-01-13,https://www.fidal.it/atleta/DI-DONATO-Emanuele/gaqRkpKkbGg%3D,https://www.fidal.it/societa/A-S-D--PIETRO-MENNEA-ATLETICA/CH173
8.58,8.58,e,QUINTI Federico,1999,JM,ATL LIBERTAS RUNNERS LIVORNO,2 fi- 1,Firenze,2018-01-20,https://www.fidal.it/atleta/QUINTI-Federico/fayRkpWlaGY%3D,https://www.fidal.it/societa/ATL-LIBERTAS-RUNNERS-LIVORNO/LI035
8.58,8.58,e,ALBANO Federico,2000,JM,ATL. ENDAS  CESENA,3 fi- 1,Modena,2018-01-27,https://www.fidal.it/atleta/ALBANO-Federico/equRkpOjaGU%3D,https://www.fidal.it/societa/ATL--ENDAS-CESENA/FC049
8.58,8.58,e,CORDANI Luca,2000,JM,PRO SESTO ATL.,1 ba- 2,Bergamo,2018-02-17,https://www.fidal.it/atleta/CORDANI-Luca/dq2RlpKlbWc%3D,https://www.fidal.it/societa/PRO-SESTO-ATL-/MI089
8.59,8.59,e,POGGI Carlo,2000,JM,BERGAMO STARS ATLETICA,4 fi- 1,Modena,2018-01-27,https://www.fidal.it/atleta/POGGI-Carlo/dqmRmJSjaGU%3D,https://www.fidal.it/societa/BERGAMO-STARS-ATLETICA/BG795
8.59,8.59,e,LOLLATO Edoardo,2000,JM,ATL.VICENTINA,5 ba- 4,Ancona,2018-02-04,https://www.fidal.it/atleta/LOLLATO-Edoardo/eK6Rkpijamo%3D,https://www.fidal.it/societa/ATL-VICENTINA/VI626
8.59,8.59,e,SPOTTI Gabriele,1999,JM,ATL.  CENTO TORRI PAVIA,8 sf- 2,Ancona,2018-02-04,https://www.fidal.it/atleta/SPOTTI-Gabriele/dqmRl5qicGg%3D,https://www.fidal.it/societa/ATL--CENTO-TORRI-PAVIA/PV110
8.6,8.60,e,DI DONATO Emanuele,1999,JM,A.S.D. PIETRO MENNEA ATLETICA,1 fi- 1,Ancona,2018-01-07,https://www.fidal.it/atleta/DI-DONATO-Emanuele/gaqRkpKkbGg%3D,https://www.fidal.it/societa/A-S-D--PIETRO-MENNEA-ATLETICA/CH173
8.6,8.60,e,LOLLATO Edoardo,2000,JM,ATL.VICENTINA,4 fi- 1,Padova,2018-01-07,https://www.fidal.it/atleta/LOLLATO-Edoardo/eK6Rkpijamo%3D,https://www.fidal.it/societa/ATL-VICENTINA/VI626
8.6,8.60,e,CENTRACCHIO Lorenzo,1999,JM,ACSI CAMPIDOGLIO PALATINO,6 sf- 1,Ancona,2018-02-04,https://www.fidal.it/atleta/CENTRACCHIO-Lorenzo/f62RkpSmbGM%3D,https://www.fidal.it/societa/ACSI-CAMPIDOGLIO-PALATINO/RM046
8.6,8.60,e,DI DONATO Emanuele,1999,JM,A.S.D. PIETRO MENNEA ATLETICA,7 sf- 1,Ancona,2018-02-04,https://www.fidal.it/atleta/DI-DONATO-Emanuele/gaqRkpKkbGg%3D,https://www.fidal.it/societa/A-S-D--PIETRO-MENNEA-ATLETICA/CH173
8.61,8.61,e,SIENA Leone,1999,JM,ASD LIB. MANTOVA MASCH-FEMM.,1 ba- 1,Padova,2018-01-07,https://www.fidal.it/atleta/SIENA-Leone/dq6RkpKka2U%3D,https://www.fidal.it/societa/ASD-LIB--MANTOVA-MASCH-FEMM-/MN043
8.61,8.61,e,DI DONATO Emanuele,1999,JM,A.S.D. PIETRO MENNEA ATLETICA,1 ba- 1,Ancona,2018-01-07,https://www.fidal.it/atleta/DI-DONATO-Emanuele/gaqRkpKkbGg%3D,https://www.fidal.it/societa/A-S-D--PIETRO-MENNEA-ATLETICA/CH173
8.61,8.61,e,MAIFREDI Oscar,2000,JM,ATL. CHIARI 1964 LIB.,1 se- 3,Saronno,2018-01-13,https://www.fidal.it/atleta/MAIFREDI-Oscar/dqqRl5qmbGk%3D,https://www.fidal.it/societa/ATL--CHIARI-1964-LIB-/BS318
8.61,8.61,e,VICENTINI Pietro,1999,JM,EXPANDIA ATL. INSIEME VERONA,3 se- 1,Padova,2018-01-14,https://www.fidal.it/atleta/VICENTINI-Pietro/eKAAARkpufaGk%3D,https://www.fidal.it/societa/EXPANDIA-ATL--INSIEME-VERONA/VR761
8.61,8.61,e,MELPIGNANO Luca,1999,JM,SISPORT SSD,1 ba- 1,Aosta,2018-01-20,https://www.fidal.it/atleta/MELPIGNANO-Luca/dK6RlpakaGQ%3D,https://www.fidal.it/societa/SISPORT-SSD/TO002
8.61,8.61,e,FUSARO Nicolo',1999,JM,ATHLETIC CLUB 96 ALPERIA,5 ba- 1,Ancona,2018-02-04,https://www.fidal.it/atleta/FUSARO-Nicolo-/iaiRk5KhaWQ%3D,https://www.fidal.it/societa/ATHLETIC-CLUB-96-ALPERIA/BZ066
8.61,8.61,e,SIENA Leone,1999,JM,ASD LIB. MANTOVA MASCH-FEMM.,1 ba- 1,Bergamo,2018-02-17,https://www.fidal.it/atleta/SIENA-Leone/dq6RkpKka2U%3D,https://www.fidal.it/societa/ASD-LIB--MANTOVA-MASCH-FEMM-/MN043
8.62,8.62,e,DI DONATO Emanuele,1999,JM,A.S.D. PIETRO MENNEA ATLETICA,1 fi- 1,Ancona,2018-01-13,https://www.fidal.it/atleta/DI-DONATO-Emanuele/gaqRkpKkbGg%3D,https://www.fidal.it/societa/A-S-D--PIETRO-MENNEA-ATLETICA/CH173
8.63,8.63,e,MAIFREDI Oscar,2000,JM,ATL. CHIARI 1964 LIB.,2 su- 1,Saronno,2018-01-13,https://www.fidal.it/atleta/MAIFREDI-Oscar/dqqRl5qmbGk%3D,https://www.fidal.it/societa/ATL--CHIARI-1964-LIB-/BS318
8.63,8.63,e,POGGI Carlo,2000,JM,BERGAMO STARS ATLETICA,3 ba- 1,Modena,2018-01-27,https://www.fidal.it/atleta/POGGI-Carlo/dqmRmJSjaGU%3D,https://www.fidal.it/societa/BERGAMO-STARS-ATLETICA/BG795
8.64,8.64,e,MONGUZZI Alessandro,2000,JM,TEAM-A LOMBARDIA,6 ba- 1,Ancona,2018-02-04,https://www.fidal.it/atleta/MONGUZZI-Alessandro/dq2Rk5mjcWo%3D,https://www.fidal.it/societa/TEAM-A-LOMBARDIA/MI774
8.65,8.65,e,MELPIGNANO Luca,1999,JM,SISPORT SSD,2 fi- 1,Bra,2018-01-14,https://www.fidal.it/atleta/MELPIGNANO-Luca/dK6RlpakaGQ%3D,https://www.fidal.it/societa/SISPORT-SSD/TO002
8.65,8.65,e,VUILLERMOZ Emiliano,1999,JM,ATLETICA COGNE AOSTA,5 ba- 2,Ancona,2018-02-04,https://www.fidal.it/atleta/VUILLERMOZ-Emiliano/dKqRkpKlaWw%3D,https://www.fidal.it/societa/ATLETICA-COGNE-AOSTA/AO001
8.66,8.66,e,DESTER Dario,2000,JM,CREMONA SPORTIVA ATL. ARVEDI,4 se- 1,Padova,2018-01-14,https://www.fidal.it/atleta/DESTER-Dario/dqiSl5akbGs%3D,https://www.fidal.it/societa/CREMONA-SPORTIVA-ATL--ARVEDI/CR041
8.66,8.66,e,CARRIERO Daniele,1999,JM,POL.ATL. ENDAS CESENATICO,4 fi- 1,Modena,2018-01-20,https://www.fidal.it/atleta/CARRIERO-Daniele/eqiRlpmna2Y%3D,https://www.fidal.it/societa/POL-ATL--ENDAS-CESENATICO/FC338
8.66,8.66,e,FUSARO Nicolo',1999,JM,ATHLETIC CLUB 96 ALPERIA,2 ba- 2,Modena,2018-02-25,https://www.fidal.it/atleta/FUSARO-Nicolo-/iaiRk5KhaWQ%3D,https://www.fidal.it/societa/ATHLETIC-CLUB-96-ALPERIA/BZ066
8.67,8.67,e,LOLLATO Edoardo,2000,JM,ATL.VICENTINA,2 ba- 1,Padova,2018-01-07,https://www.fidal.it/atleta/LOLLATO-Edoardo/eK6Rkpijamo%3D,https://www.fidal.it/societa/ATL-VICENTINA/VI626
8.67,8.67,e,PINA BARROS Joao carlos,1999,JM,ATLETICA SANDRO CALVESI,6 ba- 4,Ancona,2018-02-04,https://www.fidal.it/atleta/PINA-BARROS-Joao-carlos/f6mRkpKkamo%3D,https://www.fidal.it/societa/ATLETICA-SANDRO-CALVESI/AO004
8.68,8.68,e,MONGUZZI Alessandro,2000,JM,TEAM-A LOMBARDIA,3 su- 1,Saronno,2018-01-13,https://www.fidal.it/atleta/MONGUZZI-Alessandro/dq2Rk5mjcWo%3D,https://www.fidal.it/societa/TEAM-A-LOMBARDIA/MI774
8.68,8.68,e,LANDO Manuel,2000,JM,ATL.VICENTINA,1 se- 2,Padova,2018-01-14,https://www.fidal.it/atleta/LANDO-Manuel/eK6RkpifaGQ%3D,https://www.fidal.it/societa/ATL-VICENTINA/VI626
8.68,8.68,e,NAIDON Lorenzo,1999,JM,U.S. QUERCIA TRENTINGRANA,3 se- 3,Padova,2018-01-28,https://www.fidal.it/atleta/NAIDON-Lorenzo/d6iRk5imbGY%3D,https://www.fidal.it/societa/U-S--QUERCIA-TRENTINGRANA/TN109
8.68,8.68,e,CARRIERO Daniele,1999,JM,POL.ATL. ENDAS CESENATICO,6 ba- 2,Ancona,2018-02-04,https://www.fidal.it/atleta/CARRIERO-Daniele/eqiRlpmna2Y%3D,https://www.fidal.it/societa/POL-ATL--ENDAS-CESENATICO/FC338
8.68,8.68,e,MIGLIETTA Riccardo,1999,JM,ATL.VICENTINA,3 ba- 2,Modena,2018-02-25,https://www.fidal.it/atleta/MIGLIETTA-Riccardo/eK6RkpSocGo%3D,https://www.fidal.it/societa/ATL-VICENTINA/VI626
8.68,8.68,e,IELLICI Thomas,2000,JM,ATHLETIC CLUB 96 ALPERIA,1 se- 1,Monaco,2018-03-11,https://www.fidal.it/atleta/IELLICI-Thomas/iaiRk5Shamk%3D,https://www.fidal.it/societa/ATHLETIC-CLUB-96-ALPERIA/BZ066
8.69,8.69,e,RUOCCO Francesco,2000,JM,A.P.D. ATLETICA SCAFATI,1 fi- 1,Formia,2018-01-21,https://www.fidal.it/atleta/RUOCCO-Francesco/gK2RkpSibWU%3D,https://www.fidal.it/societa/A-P-D--ATLETICA-SCAFATI/SA604
8.69,8.69,e,CARRIERO Daniele,1999,JM,POL.ATL. ENDAS CESENATICO,4 ba- 1,Modena,2018-01-27,https://www.fidal.it/atleta/CARRIERO-Daniele/eqiRlpmna2Y%3D,https://www.fidal.it/societa/POL-ATL--ENDAS-CESENATICO/FC338
8.7,8.70,e,CENTRACCHIO Lorenzo,1999,JM,ACSI CAMPIDOGLIO PALATINO,1 fi- 1,Roma,2018-01-14,https://www.fidal.it/atleta/CENTRACCHIO-Lorenzo/f62RkpSmbGM%3D,https://www.fidal.it/societa/ACSI-CAMPIDOGLIO-PALATINO/RM046
8.7,8.70,e,MELPIGNANO Luca,1999,JM,SISPORT SSD,2 ba- 1,Bra,2018-01-14,https://www.fidal.it/atleta/MELPIGNANO-Luca/dK6RlpakaGQ%3D,https://www.fidal.it/societa/SISPORT-SSD/TO002
8.7,8.70,e,PINA BARROS Joao carlos,1999,JM,ATLETICA SANDRO CALVESI,1 su- 1,Aosta,2018-02-10,https://www.fidal.it/atleta/PINA-BARROS-Joao-carlos/f6mRkpKkamo%3D,https://www.fidal.it/societa/ATLETICA-SANDRO-CALVESI/AO004
8.7,8.70,e,CITTERIO Paolo,1975,SM40,DAINI CARATE BRIANZA,1 se- 1,Ancona,2018-02-23,https://www.fidal.it/atleta/CITTERIO-Paolo/dq2RkpOmcWs%3D,https://www.fidal.it/societa/DAINI-CARATE-BRIANZA/MI095
8.71,8.71,e,DESTER Dario,2000,JM,CREMONA SPORTIVA ATL. ARVEDI,4 se- 3,Padova,2018-01-28,https://www.fidal.it/atleta/DESTER-Dario/dqiSl5akbGs%3D,https://www.fidal.it/societa/CREMONA-SPORTIVA-ATL--ARVEDI/CR041
8.72,8.72,e,DESTER Dario,2000,JM,CREMONA SPORTIVA ATL. ARVEDI,1 se- 2,Bergamo,2018-01-07,https://www.fidal.it/atleta/DESTER-Dario/dqiSl5akbGs%3D,https://www.fidal.it/societa/CREMONA-SPORTIVA-ATL--ARVEDI/CR041
8.72,8.72,e,VUILLERMOZ Emiliano,1999,JM,ATLETICA COGNE AOSTA,1 su- 1,Aosta,2018-01-07,https://www.fidal.it/atleta/VUILLERMOZ-Emiliano/dKqRkpKlaWw%3D,https://www.fidal.it/societa/ATLETICA-COGNE-AOSTA/AO001
8.72,8.72,e,CENTRACCHIO Lorenzo,1999,JM,ACSI CAMPIDOGLIO PALATINO,2 fi- 1,Ancona,2018-01-07,https://www.fidal.it/atleta/CENTRACCHIO-Lorenzo/f62RkpSmbGM%3D,https://www.fidal.it/societa/ACSI-CAMPIDOGLIO-PALATINO/RM046
8.72,8.72,e,SPOTTI Gabriele,1999,JM,ATL.  CENTO TORRI PAVIA,5 ba- 1,Magglingen,2018-01-20,https://www.fidal.it/atleta/SPOTTI-Gabriele/dqmRl5qicGg%3D,https://www.fidal.it/societa/ATL--CENTO-TORRI-PAVIA/PV110
8.73,8.73,e,MONTI Andrea,1999,JM,ATL. LECCO-COLOMBO COSTRUZ.,1 se- 1,Bergamo,2018-01-07,https://www.fidal.it/atleta/MONTI-Andrea/dquRk5Ofamc%3D,https://www.fidal.it/societa/ATL--LECCO-COLOMBO-COSTRUZ-/CO208
8.73,8.73,e,AMORATI Matteo,2000,JM,A.S.D. FRANCESCO FRANCIA,5 fi- 1,Modena,2018-01-20,https://www.fidal.it/atleta/AMORATI-Matteo/eqmRkpKobWQ%3D,https://www.fidal.it/societa/A-S-D--FRANCESCO-FRANCIA/BO015
8.73,8.73,e,CENTRACCHIO Lorenzo,1999,JM,ACSI CAMPIDOGLIO PALATINO,2 fi- 1,Formia,2018-01-21,https://www.fidal.it/atleta/CENTRACCHIO-Lorenzo/f62RkpSmbGM%3D,https://www.fidal.it/societa/ACSI-CAMPIDOGLIO-PALATINO/RM046
8.73,8.73,e,LOLLATO Edoardo,2000,JM,ATL.VICENTINA,3 su- 1,Padova,2018-01-21,https://www.fidal.it/atleta/LOLLATO-Edoardo/eK6Rkpijamo%3D,https://www.fidal.it/societa/ATL-VICENTINA/VI626
8.73,8.73,e,CITTERIO Paolo,1975,SM40,DAINI CARATE BRIANZA,3 ba- 3,Madrid,2018-03-23,https://www.fidal.it/atleta/CITTERIO-Paolo/dq2RkpOmcWs%3D,https://www.fidal.it/societa/DAINI-CARATE-BRIANZA/MI095
8.74,8.74,e,MONTI Andrea,1999,JM,ATL. LECCO-COLOMBO COSTRUZ.,5 se- 1,Padova,2018-01-14,https://www.fidal.it/atleta/MONTI-Andrea/dquRk5Ofamc%3D,https://www.fidal.it/societa/ATL--LECCO-COLOMBO-COSTRUZ-/CO208
8.74,8.74,e,PINA BARROS Joao carlos,1999,JM,ATLETICA SANDRO CALVESI,1 fi- 1,Aosta,2018-01-20,https://www.fidal.it/atleta/PINA-BARROS-Joao-carlos/f6mRkpKkamo%3D,https://www.fidal.it/societa/ATLETICA-SANDRO-CALVESI/AO004
8.74,8.74,e,PINA BARROS Joao carlos,1999,JM,ATLETICA SANDRO CALVESI,2 ba- 1,Aosta,2018-01-20,https://www.fidal.it/atleta/PINA-BARROS-Joao-carlos/f6mRkpKkamo%3D,https://www.fidal.it/societa/ATLETICA-SANDRO-CALVESI/AO004
8.74,8.74,e,FUSARO Nicolo',1999,JM,ATHLETIC CLUB 96 ALPERIA,1 se- 2,Padova,2018-01-28,https://www.fidal.it/atleta/FUSARO-Nicolo-/iaiRk5KhaWQ%3D,https://www.fidal.it/societa/ATHLETIC-CLUB-96-ALPERIA/BZ066
8.74,8.74,e,CARRIERO Daniele,1999,JM,POL.ATL. ENDAS CESENATICO,4 ba- 2,Modena,2018-02-25,https://www.fidal.it/atleta/CARRIERO-Daniele/eqiRlpmna2Y%3D,https://www.fidal.it/societa/POL-ATL--ENDAS-CESENATICO/FC338
8.74,8.74,e,ARRIUS Alessandro,2001,AM,O.S.A. SARONNO LIB.,2 su- 1,Aubiere,2018-12-16,https://www.fidal.it/atleta/ARRIUS-Alessandro/drKRkpiib2M%3D,https://www.fidal.it/societa/O-S-A--SARONNO-LIB-/VA119
8.75,8.75,e,FUSARO Nicolo',1999,JM,ATHLETIC CLUB 96 ALPERIA,1 se- 3,Padova,2018-01-14,https://www.fidal.it/atleta/FUSARO-Nicolo-/iaiRk5KhaWQ%3D,https://www.fidal.it/societa/ATHLETIC-CLUB-96-ALPERIA/BZ066
8.75,8.75,e,BARBINI Luca,1999,JM,ATL. LECCO-COLOMBO COSTRUZ.,5 se- 3,Padova,2018-01-28,https://www.fidal.it/atleta/BARBINI-Luca/iKiSmZmiaWw%3D,https://www.fidal.it/societa/ATL--LECCO-COLOMBO-COSTRUZ-/CO208
8.75,8.75,e,MASERA Alberto,2000,JM,ATHLETIC CLUB 96 ALPERIA,2 se- 1,Monaco,2018-03-11,https://www.fidal.it/atleta/MASERA-Alberto/iaiRkpuha2k%3D,https://www.fidal.it/societa/ATHLETIC-CLUB-96-ALPERIA/BZ066
8.76,8.76,e,BARA Ousseni,2000,JM,BRIXIA ATLETICA 2014 SSD SRL,1 ba- 2,Modena,2018-01-20,https://www.fidal.it/atleta/BARA-Ousseni/dqqRl5elamY%3D,https://www.fidal.it/societa/BRIXIA-ATLETICA-2014-SSD-SRL/BS786
8.76,8.76,e,CARRIERO Daniele,1999,JM,POL.ATL. ENDAS CESENATICO,4 ba- 1,Modena,2018-01-20,https://www.fidal.it/atleta/CARRIERO-Daniele/eqiRlpmna2Y%3D,https://www.fidal.it/societa/POL-ATL--ENDAS-CESENATICO/FC338
8.76,8.76,e,MONTI Andrea,1999,JM,ATL. LECCO-COLOMBO COSTRUZ.,5 ba- 3,Ancona,2018-02-04,https://www.fidal.it/atleta/MONTI-Andrea/dquRk5Ofamc%3D,https://www.fidal.it/societa/ATL--LECCO-COLOMBO-COSTRUZ-/CO208
8.77,8.77,e,SIENA Leone,1999,JM,ASD LIB. MANTOVA MASCH-FEMM.,5 fi- 1,Padova,2018-01-07,https://www.fidal.it/atleta/SIENA-Leone/dq6RkpKka2U%3D,https://www.fidal.it/societa/ASD-LIB--MANTOVA-MASCH-FEMM-/MN043
8.77,8.77,e,CITTERIO Paolo,1975,SM40,DAINI CARATE BRIANZA,1 se- 1,Madrid,2018-03-22,https://www.fidal.it/atleta/CITTERIO-Paolo/dq2RkpOmcWs%3D,https://www.fidal.it/societa/DAINI-CARATE-BRIANZA/MI095
8.78,8.78,e,RUOCCO Francesco,2000,JM,A.P.D. ATLETICA SCAFATI,2 ba- 1,Formia,2018-01-21,https://www.fidal.it/atleta/RUOCCO-Francesco/gK2RkpSibWU%3D,https://www.fidal.it/societa/A-P-D--ATLETICA-SCAFATI/SA604
8.78,8.78,e,BERLANDA Federico,1999,JM,U.S. OLIMPIA BERGAMO,2 ba- 2,Bergamo,2018-02-17,https://www.fidal.it/atleta/BERLANDA-Federico/dqmRl5ifcGU%3D,https://www.fidal.it/societa/U-S--OLIMPIA-BERGAMO/BG138
8.79,8.79,e,ZAMPESE Giacomo,2000,JM,ASSOCIAZIONE ATLETICA N.E.VI.,4 su- 1,Padova,2018-01-21,https://www.fidal.it/atleta/ZAMPESE-Giacomo/eK6RkpaiaGY%3D,https://www.fidal.it/societa/ASSOCIAZIONE-ATLETICA-N-E-VI-/VI623
8.79,8.79,e,DENZA Fabio,1999,JM,ATLETICA LIVORNO,7 ba- 2,Ancona,2018-02-04,https://www.fidal.it/atleta/DENZA-Fabio/faiSkpqlaGk%3D,https://www.fidal.it/societa/ATLETICA-LIVORNO/LI036
8.8,8.80,e,MALANCA Luca,2000,JM,CREMONA SPORTIVA ATL. ARVEDI,3 ba- 2,Padova,2018-01-07,https://www.fidal.it/atleta/MALANCA-Luca/dqyRlpqnaWs%3D,https://www.fidal.it/societa/CREMONA-SPORTIVA-ATL--ARVEDI/CR041
8.8,8.80,e,PINA BARROS Joao carlos,1999,JM,ATLETICA SANDRO CALVESI,1 fi- 1,Aosta,2018-01-14,https://www.fidal.it/atleta/PINA-BARROS-Joao-carlos/f6mRkpKkamo%3D,https://www.fidal.it/societa/ATLETICA-SANDRO-CALVESI/AO004
8.8,8.80,e,MONGUZZI Alessandro,2000,JM,TEAM-A LOMBARDIA,2 ba- 1,Saronno,2018-01-21,https://www.fidal.it/atleta/MONGUZZI-Alessandro/dq2Rk5mjcWo%3D,https://www.fidal.it/societa/TEAM-A-LOMBARDIA/MI774
8.81,8.81,e,MONGUZZI Alessandro,2000,JM,TEAM-A LOMBARDIA,2 fi- 1,Saronno,2018-01-21,https://www.fidal.it/atleta/MONGUZZI-Alessandro/dq2Rk5mjcWo%3D,https://www.fidal.it/societa/TEAM-A-LOMBARDIA/MI774
8.81,8.81,e,SANTO Francesco,2000,JM,CUS INSUBRIA EOLO,5 fi- 1,Modena,2018-01-27,https://www.fidal.it/atleta/SANTO-Francesco/drKRk5KnbWU%3D,https://www.fidal.it/societa/CUS-INSUBRIA-EOLO/VA123
8.82,8.82,e,CENTRACCHIO Lorenzo,1999,JM,ACSI CAMPIDOGLIO PALATINO,1 ba- 1,Roma,2018-01-14,https://www.fidal.it/atleta/CENTRACCHIO-Lorenzo/f62RkpSmbGM%3D,https://www.fidal.it/societa/ACSI-CAMPIDOGLIO-PALATINO/RM046
8.83,8.83,e,AMORATI Matteo,2000,JM,A.S.D. FRANCESCO FRANCIA,7 ba- 4,Ancona,2018-02-04,https://www.fidal.it/atleta/AMORATI-Matteo/eqmRkpKobWQ%3D,https://www.fidal.it/societa/A-S-D--FRANCESCO-FRANCIA/BO015
8.84,8.84,e,ROSSO Michele,1999,JM,A.S. ATL. STRAMBINO,2 su- 1,Aosta,2018-01-07,https://www.fidal.it/atleta/ROSSO-Michele/dK6RlpSgcGo%3D,https://www.fidal.it/societa/A-S--ATL--STRAMBINO/TO177
8.84,8.84,e,ZAMPESE Giacomo,2000,JM,ASSOCIAZIONE ATLETICA N.E.VI.,3 ba- 1,Padova,2018-01-07,https://www.fidal.it/atleta/ZAMPESE-Giacomo/eK6RkpaiaGY%3D,https://www.fidal.it/societa/ASSOCIAZIONE-ATLETICA-N-E-VI-/VI623
8.84,8.84,e,IELLICI Thomas,2000,JM,ATHLETIC CLUB 96 ALPERIA,2 fi- 1,Bergamo,2018-02-17,https://www.fidal.it/atleta/IELLICI-Thomas/iaiRk5Shamk%3D,https://www.fidal.it/societa/ATHLETIC-CLUB-96-ALPERIA/BZ066
8.85,8.85,e,CENTRACCHIO Lorenzo,1999,JM,ACSI CAMPIDOGLIO PALATINO,2 ba- 1,Ancona,2018-01-07,https://www.fidal.it/atleta/CENTRACCHIO-Lorenzo/f62RkpSmbGM%3D,https://www.fidal.it/societa/ACSI-CAMPIDOGLIO-PALATINO/RM046
8.85,8.85,e,BERLANDA Federico,1999,JM,U.S. OLIMPIA BERGAMO,2 se- 1,Bergamo,2018-01-07,https://www.fidal.it/atleta/BERLANDA-Federico/dqmRl5ifcGU%3D,https://www.fidal.it/societa/U-S--OLIMPIA-BERGAMO/BG138
8.85,8.85,e,MELPIGNANO Luca,1999,JM,SISPORT SSD,2 fi- 1,Aosta,2018-01-20,https://www.fidal.it/atleta/MELPIGNANO-Luca/dK6RlpakaGQ%3D,https://www.fidal.it/societa/SISPORT-SSD/TO002
8.86,8.86,e,MONTI Andrea,1999,JM,ATL. LECCO-COLOMBO COSTRUZ.,6 se- 3,Padova,2018-01-28,https://www.fidal.it/atleta/MONTI-Andrea/dquRk5Ofamc%3D,https://www.fidal.it/societa/ATL--LECCO-COLOMBO-COSTRUZ-/CO208
8.87,8.87,e,ZAMPESE Giacomo,2000,JM,ASSOCIAZIONE ATLETICA N.E.VI.,6 fi- 1,Padova,2018-01-07,https://www.fidal.it/atleta/ZAMPESE-Giacomo/eK6RkpaiaGY%3D,https://www.fidal.it/societa/ASSOCIAZIONE-ATLETICA-N-E-VI-/VI623
8.88,8.88,e,MONGUZZI Alessandro,2000,JM,TEAM-A LOMBARDIA,2 se- 3,Saronno,2018-01-13,https://www.fidal.it/atleta/MONGUZZI-Alessandro/dq2Rk5mjcWo%3D,https://www.fidal.it/societa/TEAM-A-LOMBARDIA/MI774
8.88,8.88,e,SANTO Francesco,2000,JM,CUS INSUBRIA EOLO,3 ba- 1,Saronno,2018-01-21,https://www.fidal.it/atleta/SANTO-Francesco/drKRk5KnbWU%3D,https://www.fidal.it/societa/CUS-INSUBRIA-EOLO/VA123
8.88,8.88,e,CERRATO Andrea,1999,JM,A.S.D. ATL. FOSSANO '75,2 se- 2,Padova,2018-01-28,https://www.fidal.it/atleta/CERRATO-Andrea/dKyRk5uicWY%3D,https://www.fidal.it/societa/A-S-D--ATL--FOSSANO-75/CN001
8.89,8.89,e,AMORATI Matteo,2000,JM,A.S.D. FRANCESCO FRANCIA,2 ba- 2,Modena,2018-01-20,https://www.fidal.it/atleta/AMORATI-Matteo/eqmRkpKobWQ%3D,https://www.fidal.it/societa/A-S-D--FRANCESCO-FRANCIA/BO015
8.89,8.89,e,IELLICI Thomas,2000,JM,ATHLETIC CLUB 96 ALPERIA,2 ba- 1,Bergamo,2018-02-17,https://www.fidal.it/atleta/IELLICI-Thomas/iaiRk5Shamk%3D,https://www.fidal.it/societa/ATHLETIC-CLUB-96-ALPERIA/BZ066
8.9,8.90,e,ROSSO Michele,1999,JM,A.S. ATL. STRAMBINO,2 su- 1,Aosta,2018-01-07,https://www.fidal.it/atleta/ROSSO-Michele/dK6RlpSgcGo%3D,https://www.fidal.it/societa/A-S--ATL--STRAMBINO/TO177
8.9,8.90,e,SANTO Francesco,2000,JM,CUS INSUBRIA EOLO,4 su- 1,Saronno,2018-01-13,https://www.fidal.it/atleta/SANTO-Francesco/drKRk5KnbWU%3D,https://www.fidal.it/societa/CUS-INSUBRIA-EOLO/VA123
8.9,8.90,e,BERLANDA Federico,1999,JM,U.S. OLIMPIA BERGAMO,3 fi- 1,Bergamo,2018-02-17,https://www.fidal.it/atleta/BERLANDA-Federico/dqmRl5ifcGU%3D,https://www.fidal.it/societa/U-S--OLIMPIA-BERGAMO/BG138
8.91,8.91,e,PINA BARROS Joao carlos,1999,JM,ATLETICA SANDRO CALVESI,1 ba- 1,Aosta,2018-01-14,https://www.fidal.it/atleta/PINA-BARROS-Joao-carlos/f6mRkpKkamo%3D,https://www.fidal.it/societa/ATLETICA-SANDRO-CALVESI/AO004
8.91,8.91,e,SANTO Francesco,2000,JM,CUS INSUBRIA EOLO,2 ba- 2,Modena,2018-01-27,https://www.fidal.it/atleta/SANTO-Francesco/drKRk5KnbWU%3D,https://www.fidal.it/societa/CUS-INSUBRIA-EOLO/VA123
8.91,8.91,e,GUGLIOTTA Gabriele,1999,JM,ATLETICA MONZA,1 ba- 1,Bergamo,2018-02-03,https://www.fidal.it/atleta/GUGLIOTTA-Gabriele/dq2RlpunbGo%3D,https://www.fidal.it/societa/ATLETICA-MONZA/MI710
8.91,8.91,e,MAIFREDI Oscar,2000,JM,ATL. CHIARI 1964 LIB.,7 ba- 1,Ancona,2018-02-04,https://www.fidal.it/atleta/MAIFREDI-Oscar/dqqRl5qmbGk%3D,https://www.fidal.it/societa/ATL--CHIARI-1964-LIB-/BS318
8.92,8.92,e,CAMPIUTTI Jacopo,1999,JM,ATLETICA MALIGNANI LIBERTAS UD,2 su- 1,Udine,2018-01-20,https://www.fidal.it/atleta/CAMPIUTTI-Jacopo/eayRk5WibGM%3D,https://www.fidal.it/societa/ATLETICA-MALIGNANI-LIBERTAS-UD/UD030
8.92,8.92,e,MORTARA Alessandro,2000,JM,S.A.F.ATLETICA PIEMONTE A.S.D.,99 ba- 1,Aosta,2018-01-20,https://www.fidal.it/atleta/MORTARA-Alessandro/dK6Rlpajbms%3D,https://www.fidal.it/societa/S-A-F-ATLETICA-PIEMONTE-A-S-D-/TO226
8.92,8.92,e,SANTO Francesco,2000,JM,CUS INSUBRIA EOLO,3 fi- 1,Saronno,2018-01-21,https://www.fidal.it/atleta/SANTO-Francesco/drKRk5KnbWU%3D,https://www.fidal.it/societa/CUS-INSUBRIA-EOLO/VA123
8.92,8.92,e,BERLANDA Federico,1999,JM,U.S. OLIMPIA BERGAMO,3 se- 2,Padova,2018-01-28,https://www.fidal.it/atleta/BERLANDA-Federico/dqmRl5ifcGU%3D,https://www.fidal.it/societa/U-S--OLIMPIA-BERGAMO/BG138
8.93,8.93,e,MELPIGNANO Luca,1999,JM,SISPORT SSD,6 su- 1,Lione,2018-02-11,https://www.fidal.it/atleta/MELPIGNANO-Luca/dK6RlpakaGQ%3D,https://www.fidal.it/societa/SISPORT-SSD/TO002
8.94,8.94,e,RUOCCO Francesco,2000,JM,A.P.D. ATLETICA SCAFATI,1 su- 1,Ancona,2018-01-07,https://www.fidal.it/atleta/RUOCCO-Francesco/gK2RkpSibWU%3D,https://www.fidal.it/societa/A-P-D--ATLETICA-SCAFATI/SA604
8.94,8.94,e,PATERNOSTO William,1999,JM,CENTRO ATLETICA PIOMBINO,3 ba- 1,Firenze,2018-01-20,https://www.fidal.it/atleta/PATERNOSTO-William/fayRkpWkbWQ%3D,https://www.fidal.it/societa/CENTRO-ATLETICA-PIOMBINO/LI038
8.95,8.95,e,SANTO Francesco,2000,JM,CUS INSUBRIA EOLO,1 se- 2,Saronno,2018-01-13,https://www.fidal.it/atleta/SANTO-Francesco/drKRk5KnbWU%3D,https://www.fidal.it/societa/CUS-INSUBRIA-EOLO/VA123
8.95,8.95,e,CITTERIO Paolo,1975,SM40,DAINI CARATE BRIANZA,1 su- 1,Ancona,2018-02-24,https://www.fidal.it/atleta/CITTERIO-Paolo/dq2RkpOmcWs%3D,https://www.fidal.it/societa/DAINI-CARATE-BRIANZA/MI095
8.96,8.96,e,FANTUZZO Andrea,1999,JM,S G AMSICORA,1 su- 1,Iglesias,2018-02-04,https://www.fidal.it/atleta/FANTUZZO-Andrea/iKmRkpanbWg%3D,https://www.fidal.it/societa/S-G-AMSICORA/CA002
8.96,8.96,e,FAYE Seyni simone,2000,JM,ATLETICA COGNE AOSTA,6 ba- 3,Ancona,2018-02-04,https://www.fidal.it/atleta/FAYE-Seyni-simone/dKqRkpShcWQ%3D,https://www.fidal.it/societa/ATLETICA-COGNE-AOSTA/AO001
8.97,8.97,e,BERSELLINI Jacopo,1999,JM,CENTRO OLIMPIA PIATEDA,1 fi- 1,Bergamo,2018-02-03,https://www.fidal.it/atleta/BERSELLINI-Jacopo/drGRkpShamM%3D,https://www.fidal.it/societa/CENTRO-OLIMPIA-PIATEDA/SO585
8.97,8.97,e,BERSELLINI Jacopo,1999,JM,CENTRO OLIMPIA PIATEDA,2 ba- 1,Bergamo,2018-02-03,https://www.fidal.it/atleta/BERSELLINI-Jacopo/drGRkpShamM%3D,https://www.fidal.it/societa/CENTRO-OLIMPIA-PIATEDA/SO585
8.98,8.98,e,RONZONI Simone,2000,JM,U.S. OLIMPIA BERGAMO,2 se- 2,Bergamo,2018-01-07,https://www.fidal.it/atleta/RONZONI-Simone/dqmRl5mla2w%3D,https://www.fidal.it/societa/U-S--OLIMPIA-BERGAMO/BG138
8.98,8.98,e,ROSSO Michele,1999,JM,A.S. ATL. STRAMBINO,2 ba- 1,Bra,2018-01-27,https://www.fidal.it/atleta/ROSSO-Michele/dK6RlpSgcGo%3D,https://www.fidal.it/societa/A-S--ATL--STRAMBINO/TO177
8.98,8.98,e,RONZONI Simone,2000,JM,U.S. OLIMPIA BERGAMO,3 ba- 2,Bergamo,2018-02-17,https://www.fidal.it/atleta/RONZONI-Simone/dqmRl5mla2w%3D,https://www.fidal.it/societa/U-S--OLIMPIA-BERGAMO/BG138
8.99,8.99,e,RONZONI Simone,2000,JM,U.S. OLIMPIA BERGAMO,4 se- 2,Padova,2018-01-28,https://www.fidal.it/atleta/RONZONI-Simone/dqmRl5mla2w%3D,https://www.fidal.it/societa/U-S--OLIMPIA-BERGAMO/BG138
9.0,9.00,e,IELLICI Thomas,2000,JM,ATHLETIC CLUB 96 ALPERIA,7 fi- 1,Padova,2018-01-07,https://www.fidal.it/atleta/IELLICI-Thomas/iaiRk5Shamk%3D,https://www.fidal.it/societa/ATHLETIC-CLUB-96-ALPERIA/BZ066
9.0,9.00,e,BADIN Giorgio,1971,SM45,TRIESTE ATLETICA,1 su- 1,Ancona,2018-02-24,https://www.fidal.it/atleta/BADIN-Giorgio/eauRk5OjbWY%3D,https://www.fidal.it/societa/TRIESTE-ATLETICA/TS044
9.0,9.00,e,IELLICI Thomas,2000,JM,ATHLETIC CLUB 96 ALPERIA,4 ba- 1,Modena,2018-02-25,https://www.fidal.it/atleta/IELLICI-Thomas/iaiRk5Shamk%3D,https://www.fidal.it/societa/ATHLETIC-CLUB-96-ALPERIA/BZ066
9.01,9.01,e,BRANDI Gabriele,1999,JM,TEAM-A LOMBARDIA,4 se- 1,Saronno,2018-01-13,https://www.fidal.it/atleta/BRANDI-Gabriele/dq2RlZqgcWU%3D,https://www.fidal.it/societa/TEAM-A-LOMBARDIA/MI774
9.01,9.01,e,GUGLIOTTA Gabriele,1999,JM,ATLETICA MONZA,2 fi- 1,Aosta,2018-01-14,https://www.fidal.it/atleta/GUGLIOTTA-Gabriele/dq2RlpunbGo%3D,https://www.fidal.it/societa/ATLETICA-MONZA/MI710
9.01,9.01,e,DEMICHELIS Simone,1999,JM,A.S.D. ATL. FOSSANO '75,1 se- 1,Padova,2018-01-28,https://www.fidal.it/atleta/DEMICHELIS-Simone/dKyRk5ukbGQ%3D,https://www.fidal.it/societa/A-S-D--ATL--FOSSANO-75/CN001
9.03,9.03,e,CAMPIUTTI Jacopo,1999,JM,ATLETICA MALIGNANI LIBERTAS UD,2 su- 1,Udine,2018-01-13,https://www.fidal.it/atleta/CAMPIUTTI-Jacopo/eayRk5WibGM%3D,https://www.fidal.it/societa/ATLETICA-MALIGNANI-LIBERTAS-UD/UD030
9.03,9.03,e,BADIN Giorgio,1971,SM45,TRIESTE ATLETICA,1 ba- 2,Madrid,2018-03-23,https://www.fidal.it/atleta/BADIN-Giorgio/eauRk5OjbWY%3D,https://www.fidal.it/societa/TRIESTE-ATLETICA/TS044
9.04,9.04,e,ZAMPERONI Federico,1999,JM,UNIONE SPORTIVA ALBATESE ASD,1 ba- 2,Saronno,2018-01-21,https://www.fidal.it/atleta/ZAMPERONI-Federico/dquRkpqobWg%3D,https://www.fidal.it/societa/UNIONE-SPORTIVA-ALBATESE-ASD/CO546
9.05,9.05,e,FANTUZZO Andrea,1999,JM,S G AMSICORA,1 su- 1,Iglesias,2018-01-28,https://www.fidal.it/atleta/FANTUZZO-Andrea/iKmRkpanbWg%3D,https://www.fidal.it/societa/S-G-AMSICORA/CA002
9.06,9.06,e,FAVRO Gabriele,2000,JM,ATLETICA CANAVESANA,3 ba- 1,Aosta,2018-01-20,https://www.fidal.it/atleta/FAVRO-Gabriele/dKAAARk5ufamo%3D,https://www.fidal.it/societa/ATLETICA-CANAVESANA/TO015
9.06,9.06,e,BADIN Giorgio,1971,SM45,TRIESTE ATLETICA,1 se- 1,Ancona,2018-02-23,https://www.fidal.it/atleta/BADIN-Giorgio/eauRk5OjbWY%3D,https://www.fidal.it/societa/TRIESTE-ATLETICA/TS044
9.07,9.07,e,IELLICI Thomas,2000,JM,ATHLETIC CLUB 96 ALPERIA,4 ba- 2,Padova,2018-01-07,https://www.fidal.it/atleta/IELLICI-Thomas/iaiRk5Shamk%3D,https://www.fidal.it/societa/ATHLETIC-CLUB-96-ALPERIA/BZ066
9.07,9.07,e,CAMPIUTTI Jacopo,1999,JM,ATLETICA MALIGNANI LIBERTAS UD,5 ba- 1,Modena,2018-02-25,https://www.fidal.it/atleta/CAMPIUTTI-Jacopo/eayRk5WibGM%3D,https://www.fidal.it/societa/ATLETICA-MALIGNANI-LIBERTAS-UD/UD030
9.08,9.08,e,FAVRO Gabriele,2000,JM,ATLETICA CANAVESANA,3 fi- 1,Aosta,2018-01-20,https://www.fidal.it/atleta/FAVRO-Gabriele/dKAAARk5ufamo%3D,https://www.fidal.it/societa/ATLETICA-CANAVESANA/TO015
9.08,9.08,e,IELLICI Thomas,2000,JM,ATHLETIC CLUB 96 ALPERIA,5 ba- 1,Modena,2018-01-20,https://www.fidal.it/atleta/IELLICI-Thomas/iaiRk5Shamk%3D,https://www.fidal.it/societa/ATHLETIC-CLUB-96-ALPERIA/BZ066
9.09,9.09,e,TONINI Francesco,2000,JM,MODENA ATLETICA,3 ba- 2,Modena,2018-01-27,https://www.fidal.it/atleta/TONINI-Francesco/eqmRkpWnb2s%3D,https://www.fidal.it/societa/MODENA-ATLETICA/MO497
9.1,9.10,e,GUGLIOTTA Gabriele,1999,JM,ATLETICA MONZA,4 ba- 1,Saronno,2018-01-21,https://www.fidal.it/atleta/GUGLIOTTA-Gabriele/dq2RlpunbGo%3D,https://www.fidal.it/societa/ATLETICA-MONZA/MI710
9.1,9.10,e,BRANDI Gabriele,1999,JM,TEAM-A LOMBARDIA,5 se- 2,Padova,2018-01-28,https://www.fidal.it/atleta/BRANDI-Gabriele/dq2RlZqgcWU%3D,https://www.fidal.it/societa/TEAM-A-LOMBARDIA/MI774
9.11,9.11,e,STUPIA Alberto,1999,JM,TEAM-A LOMBARDIA,2 se- 2,Saronno,2018-01-13,https://www.fidal.it/atleta/STUPIA-Alberto/dq2RlZmjbGM%3D,https://www.fidal.it/societa/TEAM-A-LOMBARDIA/MI774
9.12,9.12,e,GUGLIOTTA Gabriele,1999,JM,ATLETICA MONZA,2 fi- 1,Bergamo,2018-02-03,https://www.fidal.it/atleta/GUGLIOTTA-Gabriele/dq2RlpunbGo%3D,https://www.fidal.it/societa/ATLETICA-MONZA/MI710
9.12,9.12,e,BADIN Giorgio,1971,SM45,TRIESTE ATLETICA,5 fi- 1,Madrid,2018-03-23,https://www.fidal.it/atleta/BADIN-Giorgio/eauRk5OjbWY%3D,https://www.fidal.it/societa/TRIESTE-ATLETICA/TS044
9.13,9.13,e,CHIESA Davide,2000,JM,ATL. BERGAMO 1959 ORIOCENTER,2 ba- 2,Saronno,2018-01-21,https://www.fidal.it/atleta/CHIESA-Davide/dqmRmJOgbmY%3D,https://www.fidal.it/societa/ATL--BERGAMO-1959-ORIOCENTER/BG003
9.16,9.16,e,GUGLIOTTA Gabriele,1999,JM,ATLETICA MONZA,4 fi- 1,Saronno,2018-01-21,https://www.fidal.it/atleta/GUGLIOTTA-Gabriele/dq2RlpunbGo%3D,https://www.fidal.it/societa/ATLETICA-MONZA/MI710
9.17,9.17,e,CORRIAS Marco,1974,SM40,S G AMSICORA,1 su- 1,Iglesias,2018-02-04,https://www.fidal.it/atleta/CORRIAS-Marco/iKiRkpKkaWQ%3D,https://www.fidal.it/societa/S-G-AMSICORA/CA002
9.18,9.18,e,CERRATO Andrea,1999,JM,A.S.D. ATL. FOSSANO '75,4 fi- 1,Aosta,2018-01-20,https://www.fidal.it/atleta/CERRATO-Andrea/dKyRk5uicWY%3D,https://www.fidal.it/societa/A-S-D--ATL--FOSSANO-75/CN001
9.18,9.18,e,GENGHINI Elia,1999,JM,OLIMPUS SAN MARINO ATLETICA,4 ba- 1,Ancona,2018-01-28,https://www.fidal.it/atleta/GENGHINI-Elia/iqiRkpKjb2M%3D,https://www.fidal.it/societa/OLIMPUS-SAN-MARINO-ATLETICA/SM278
9.2,9.20,e,GUGLIOTTA Gabriele,1999,JM,ATLETICA MONZA,2 ba- 1,Aosta,2018-01-14,https://www.fidal.it/atleta/GUGLIOTTA-Gabriele/dq2RlpunbGo%3D,https://www.fidal.it/societa/ATLETICA-MONZA/MI710
9.21,9.21,e,DOLCI Stefano,2000,JM,FONDAZIONE M. BENTEGODI,5 ba- 2,Padova,2018-01-07,https://www.fidal.it/atleta/DOLCI-Stefano/eKAAARk5agbmc%3D,https://www.fidal.it/societa/FONDAZIONE-M--BENTEGODI/VR784
9.21,9.21,e,DOLCI Stefano,2000,JM,FONDAZIONE M. BENTEGODI,8 fi- 1,Padova,2018-01-07,https://www.fidal.it/atleta/DOLCI-Stefano/eKAAARk5agbmc%3D,https://www.fidal.it/societa/FONDAZIONE-M--BENTEGODI/VR784
9.22,9.22,e,BADIN Giorgio,1971,SM45,TRIESTE ATLETICA,1 su- 1,Udine,2018-01-13,https://www.fidal.it/atleta/BADIN-Giorgio/eauRk5OjbWY%3D,https://www.fidal.it/societa/TRIESTE-ATLETICA/TS044
9.22,9.22,e,PATERNOSTO William,1999,JM,CENTRO ATLETICA PIOMBINO,3 fi- 1,Firenze,2018-01-20,https://www.fidal.it/atleta/PATERNOSTO-William/fayRkpWkbWQ%3D,https://www.fidal.it/societa/CENTRO-ATLETICA-PIOMBINO/LI038
9.23,9.23,e,CHIESA Davide,2000,JM,ATL. BERGAMO 1959 ORIOCENTER,5 fi- 1,Saronno,2018-01-21,https://www.fidal.it/atleta/CHIESA-Davide/dqmRmJOgbmY%3D,https://www.fidal.it/societa/ATL--BERGAMO-1959-ORIOCENTER/BG003
9.24,9.24,e,MARIN Cristian,1973,SM45,ATLETICA RIVIERA DEL BRENTA,2 su- 1,Udine,2018-01-13,https://www.fidal.it/atleta/MARIN-Cristian/eK2RkpmjaWQ%3D,https://www.fidal.it/societa/ATLETICA-RIVIERA-DEL-BRENTA/VE473
9.24,9.24,e,MENDOUR Youssef,1999,JM,A.S.D. TEAM TREVISO,2 se- 3,Padova,2018-01-14,https://www.fidal.it/atleta/MENDOUR-Youssef/eKyRkpqkcWo%3D,https://www.fidal.it/societa/A-S-D--TEAM-TREVISO/TV398
9.24,9.24,e,SCHIAVINA Ivan,2000,JM,ASSI GIGLIO ROSSO FIRENZE,4 ba- 1,Firenze,2018-01-20,https://www.fidal.it/atleta/SCHIAVINA-Ivan/faqRkpifcGQ%3D,https://www.fidal.it/societa/ASSI-GIGLIO-ROSSO-FIRENZE/FI001
9.25,9.25,e,DI NAPOLI Federico,1999,JM,ATLETICA LIVORNO,2 se- 2,Padova,2018-01-14,https://www.fidal.it/atleta/DI-NAPOLI-Federico/fayRkpKja2o%3D,https://www.fidal.it/societa/ATLETICA-LIVORNO/LI036
9.25,9.25,e,SIGNORINI Marzio,2000,JM,ATLETICA LIVORNO,3 se- 3,Padova,2018-01-14,https://www.fidal.it/atleta/SIGNORINI-Marzio/fayRkpSoaGQ%3D,https://www.fidal.it/societa/ATLETICA-LIVORNO/LI036
9.25,9.25,e,RAI Luca,2000,JM,TRIESTE ATLETICA,3 su- 1,Udine,2018-01-20,https://www.fidal.it/atleta/RAI-Luca/eauRkpuhcWY%3D,https://www.fidal.it/societa/TRIESTE-ATLETICA/TS044
9.25,9.25,e,ROSSO Michele,1999,JM,A.S. ATL. STRAMBINO,2 fi- 1,Bra,2018-01-27,https://www.fidal.it/atleta/ROSSO-Michele/dK6RlpSgcGo%3D,https://www.fidal.it/societa/A-S--ATL--STRAMBINO/TO177
9.26,9.26,e,FAVRO Gabriele,2000,JM,ATLETICA CANAVESANA,3 se- 2,Padova,2018-01-14,https://www.fidal.it/atleta/FAVRO-Gabriele/dKAAARk5ufamo%3D,https://www.fidal.it/societa/ATLETICA-CANAVESANA/TO015
9.26,9.26,e,ACOSTA Juan jose',2000,JM,ATL LIBERTAS RUNNERS LIVORNO,5 ba- 1,Firenze,2018-01-20,https://www.fidal.it/atleta/ACOSTA-Juan-jose-/fayRkpalcWc%3D,https://www.fidal.it/societa/ATL-LIBERTAS-RUNNERS-LIVORNO/LI035
9.27,9.27,e,MARIN Cristian,1973,SM45,ATLETICA RIVIERA DEL BRENTA,4 ba- 1,Padova,2018-01-07,https://www.fidal.it/atleta/MARIN-Cristian/eK2RkpmjaWQ%3D,https://www.fidal.it/societa/ATLETICA-RIVIERA-DEL-BRENTA/VE473
9.27,9.27,e,ZAMPERONI Federico,1999,JM,UNIONE SPORTIVA ALBATESE ASD,3 se- 2,Saronno,2018-01-13,https://www.fidal.it/atleta/ZAMPERONI-Federico/dquRkpqobWg%3D,https://www.fidal.it/societa/UNIONE-SPORTIVA-ALBATESE-ASD/CO546
9.29,9.29,e,BANO Pietro,1999,JM,ASSOCIAZIONE ATLETICA N.E.VI.,6 se- 1,Padova,2018-01-14,https://www.fidal.it/atleta/BANO-Pietro/eKqRkpSkamo%3D,https://www.fidal.it/societa/ASSOCIAZIONE-ATLETICA-N-E-VI-/VI623
9.29,9.29,e,ROMANO' Tommaso,2000,JM,ATL. RICCARDI MILANO 1946,4 fi- 1,Bergamo,2018-02-17,https://www.fidal.it/atleta/ROMANO-Tommaso/dq2RmJeobGo%3D,https://www.fidal.it/societa/ATL--RICCARDI-MILANO-1946/MI080
9.3,9.30,e,DOLCI Stefano,2000,JM,FONDAZIONE M. BENTEGODI,7 se- 1,Padova,2018-01-14,https://www.fidal.it/atleta/DOLCI-Stefano/eKAAARk5agbmc%3D,https://www.fidal.it/societa/FONDAZIONE-M--BENTEGODI/VR784
9.3,9.30,e,CERRATO Andrea,1999,JM,A.S.D. ATL. FOSSANO '75,4 ba- 1,Aosta,2018-01-20,https://www.fidal.it/atleta/CERRATO-Andrea/dKyRk5uicWY%3D,https://www.fidal.it/societa/A-S-D--ATL--FOSSANO-75/CN001
9.31,9.31,e,CORRIAS Marco,1974,SM40,S G AMSICORA,1 su- 1,Iglesias,2018-01-21,https://www.fidal.it/atleta/CORRIAS-Marco/iKiRkpKkaWQ%3D,https://www.fidal.it/societa/S-G-AMSICORA/CA002
9.32,9.32,e,GIRARDI Francesco,2000,JM,ATLETICA ARCOBALENO SAVONA,3 ba- 2,Modena,2018-01-20,https://www.fidal.it/atleta/GIRARDI-Francesco/daiUlpancGY%3D,https://www.fidal.it/societa/ATLETICA-ARCOBALENO-SAVONA/SV070
9.33,9.33,e,BANO Pietro,1999,JM,ASSOCIAZIONE ATLETICA N.E.VI.,5 su- 1,Padova,2018-01-21,https://www.fidal.it/atleta/BANO-Pietro/eKqRkpSkamo%3D,https://www.fidal.it/societa/ASSOCIAZIONE-ATLETICA-N-E-VI-/VI623
9.34,9.34,e,BADIN Giorgio,1971,SM45,TRIESTE ATLETICA,1 su- 1,Padova,2018-02-11,https://www.fidal.it/atleta/BADIN-Giorgio/eauRk5OjbWY%3D,https://www.fidal.it/societa/TRIESTE-ATLETICA/TS044
9.36,9.36,e,MARCHESI Nicola,2000,JM,EXPANDIA ATL. INSIEME VERONA,4 se- 2,Padova,2018-01-14,https://www.fidal.it/atleta/MARCHESI-Nicola/eKAAARkpanaGg%3D,https://www.fidal.it/societa/EXPANDIA-ATL--INSIEME-VERONA/VR761
9.36,9.36,e,GENGHINI Elia,1999,JM,OLIMPUS SAN MARINO ATLETICA,3 fi- 1,Ancona,2018-01-28,https://www.fidal.it/atleta/GENGHINI-Elia/iqiRkpKjb2M%3D,https://www.fidal.it/societa/OLIMPUS-SAN-MARINO-ATLETICA/SM278
9.36,9.36,e,DI NAPOLI Federico,1999,JM,ATLETICA LIVORNO,6 se- 2,Padova,2018-01-28,https://www.fidal.it/atleta/DI-NAPOLI-Federico/fayRkpKja2o%3D,https://www.fidal.it/societa/ATLETICA-LIVORNO/LI036
9.37,9.37,e,SCHIAVINA Ivan,2000,JM,ASSI GIGLIO ROSSO FIRENZE,1 su- 1,Firenze,2018-01-14,https://www.fidal.it/atleta/SCHIAVINA-Ivan/faqRkpifcGQ%3D,https://www.fidal.it/societa/ASSI-GIGLIO-ROSSO-FIRENZE/FI001
9.37,9.37,e,FINETTI Adriano,2000,JM,UISP ATLETICA SIENA,2 su- 1,Firenze,2018-01-14,https://www.fidal.it/atleta/FINETTI-Adriano/fbKRkpKobWM%3D,https://www.fidal.it/societa/UISP-ATLETICA-SIENA/SI043
9.4,9.40,e,MODUGNO Lorenzo,2000,JM,POLISPORTIVA TRIVENETO TRIESTE,2 se- 1,Padova,2018-01-28,https://www.fidal.it/atleta/MODUGNO-Lorenzo/eauRkpuha2g%3D,https://www.fidal.it/societa/POLISPORTIVA-TRIVENETO-TRIESTE/TS099
9.41,9.41,e,STUPIA Alberto,1999,JM,TEAM-A LOMBARDIA,3 se- 1,Bergamo,2018-01-07,https://www.fidal.it/atleta/STUPIA-Alberto/dq2RlZmjbGM%3D,https://www.fidal.it/societa/TEAM-A-LOMBARDIA/MI774
9.43,9.43,e,FELETTO Tiziano,2000,JM,ATL-ETICA SAN VENDEMIANO,3 se- 1,Padova,2018-01-28,https://www.fidal.it/atleta/FELETTO-Tiziano/eKyRkpiobWs%3D,https://www.fidal.it/societa/ATL-ETICA-SAN-VENDEMIANO/TV406
9.45,9.45,e,TONINI Francesco,2000,JM,MODENA ATLETICA,2 su- 1,Ancona,2018-01-07,https://www.fidal.it/atleta/TONINI-Francesco/eqmRkpWnb2s%3D,https://www.fidal.it/societa/MODENA-ATLETICA/MO497
9.45,9.45,e,BINDIKU Errico,2000,JM,TEAM-A LOMBARDIA,3 se- 2,Bergamo,2018-01-07,https://www.fidal.it/atleta/BINDIKU-Errico/dq2Rl5Wgamw%3D,https://www.fidal.it/societa/TEAM-A-LOMBARDIA/MI774
9.45,9.45,e,BANO Pietro,1999,JM,ASSOCIAZIONE ATLETICA N.E.VI.,6 ba- 2,Padova,2018-01-07,https://www.fidal.it/atleta/BANO-Pietro/eKqRkpSkamo%3D,https://www.fidal.it/societa/ASSOCIAZIONE-ATLETICA-N-E-VI-/VI623
9.47,9.47,e,RAI Luca,2000,JM,TRIESTE ATLETICA,3 su- 1,Udine,2018-01-13,https://www.fidal.it/atleta/RAI-Luca/eauRkpuhcWY%3D,https://www.fidal.it/societa/TRIESTE-ATLETICA/TS044
9.49,9.49,e,GROPPI Giovanni,2000,JM,FONDAZIONE M. BENTEGODI,5 ba- 1,Padova,2018-01-07,https://www.fidal.it/atleta/GROPPI-Giovanni/eKAAARkpqnb2o%3D,https://www.fidal.it/societa/FONDAZIONE-M--BENTEGODI/VR784
9.49,9.49,e,CAMASCHELLA Gian luca,1971,SM45,TEAM ATLETICO-MERCURIO NOVARA,2 se- 1,Ancona,2018-02-23,https://www.fidal.it/atleta/CAMASCHELLA-Gian-luca/dKiRkpKjcGU%3D,https://www.fidal.it/societa/TEAM-ATLETICO-MERCURIO-NOVARA/NO020
9.51,9.51,e,RAI Luca,2000,JM,TRIESTE ATLETICA,5 ba- 2,Modena,2018-02-25,https://www.fidal.it/atleta/RAI-Luca/eauRkpuhcWY%3D,https://www.fidal.it/societa/TRIESTE-ATLETICA/TS044
9.51,9.51,e,TERRENI Valerio,1978,SM40,ASD LA GALLA PONTEDERA ATL.,4 se- 2,Madrid,2018-03-22,https://www.fidal.it/atleta/TERRENI-Valerio/faAAARkpOibGU%3D,https://www.fidal.it/societa/ASD-LA-GALLA-PONTEDERA-ATL-/PI144
9.52,9.52,e,BANO Pietro,1999,JM,ASSOCIAZIONE ATLETICA N.E.VI.,4 se- 1,Padova,2018-01-28,https://www.fidal.it/atleta/BANO-Pietro/eKqRkpSkamo%3D,https://www.fidal.it/societa/ASSOCIAZIONE-ATLETICA-N-E-VI-/VI623
9.53,9.53,e,CALISE Lorenzo,1999,JM,CENTRO ATLETICA PIOMBINO,3 su- 1,Firenze,2018-01-14,https://www.fidal.it/atleta/CALISE-Lorenzo/fayRkpShaWs%3D,https://www.fidal.it/societa/CENTRO-ATLETICA-PIOMBINO/LI038
9.54,9.54,e,MARCHESI Nicola,2000,JM,EXPANDIA ATL. INSIEME VERONA,7 ba- 2,Padova,2018-01-07,https://www.fidal.it/atleta/MARCHESI-Nicola/eKAAARkpanaGg%3D,https://www.fidal.it/societa/EXPANDIA-ATL--INSIEME-VERONA/VR761
9.57,9.57,e,POMANTE Michelangelo,1999,JM,ATLETICA FIRENZE MARATHON S.S.,5 se- 1,Padova,2018-01-28,https://www.fidal.it/atleta/POMANTE-Michelangelo/gayRkpKlams%3D,https://www.fidal.it/societa/ATLETICA-FIRENZE-MARATHON-S-S-/FI002
9.58,9.58,e,FANTUZZO Andrea,1999,JM,S G AMSICORA,1 su- 1,Iglesias,2018-01-21,https://www.fidal.it/atleta/FANTUZZO-Andrea/iKmRkpanbWg%3D,https://www.fidal.it/societa/S-G-AMSICORA/CA002
9.58,9.58,e,PIOTTI Giacomo,2000,JM,CUS INSUBRIA EOLO,3 ba- 2,Saronno,2018-01-21,https://www.fidal.it/atleta/PIOTTI-Giacomo/drKRk5SlcWU%3D,https://www.fidal.it/societa/CUS-INSUBRIA-EOLO/VA123
9.59,9.59,e,CAMASCHELLA Gian luca,1971,SM45,TEAM ATLETICO-MERCURIO NOVARA,3 ba- 2,Madrid,2018-03-23,https://www.fidal.it/atleta/CAMASCHELLA-Gian-luca/dKiRkpKjcGU%3D,https://www.fidal.it/societa/TEAM-ATLETICO-MERCURIO-NOVARA/NO020
9.6,9.60,e,SORIO Alessandro,2000,JM,EXPANDIA ATL. INSIEME VERONA,6 ba- 1,Padova,2018-01-07,https://www.fidal.it/atleta/SORIO-Alessandro/eKAAARk5OoaWg%3D,https://www.fidal.it/societa/EXPANDIA-ATL--INSIEME-VERONA/VR761
9.6,9.60,e,POMANTE Michelangelo,1999,JM,ATLETICA FIRENZE MARATHON S.S.,4 se- 3,Padova,2018-01-14,https://www.fidal.it/atleta/POMANTE-Michelangelo/gayRkpKlams%3D,https://www.fidal.it/societa/ATLETICA-FIRENZE-MARATHON-S-S-/FI002
9.6,9.60,e,FELETTO Tiziano,2000,JM,ATL-ETICA SAN VENDEMIANO,5 se- 3,Padova,2018-01-14,https://www.fidal.it/atleta/FELETTO-Tiziano/eKyRkpiobWs%3D,https://www.fidal.it/societa/ATL-ETICA-SAN-VENDEMIANO/TV406
9.61,9.61,e,SANNA Gabriele,2000,JM,AS DELOGU NUORO,2 su- 1,Iglesias,2018-01-21,https://www.fidal.it/atleta/SANNA-Gabriele/iKyRkpWlaGg%3D,https://www.fidal.it/societa/AS-DELOGU-NUORO/NU040
9.61,9.61,e,CAMASCHELLA Gian luca,1971,SM45,TEAM ATLETICO-MERCURIO NOVARA,2 se- 4,Madrid,2018-03-22,https://www.fidal.it/atleta/CAMASCHELLA-Gian-luca/dKiRkpKjcGU%3D,https://www.fidal.it/societa/TEAM-ATLETICO-MERCURIO-NOVARA/NO020
9.64,9.64,e,CHIESA Davide,2000,JM,ATL. BERGAMO 1959 ORIOCENTER,3 se- 3,Saronno,2018-01-13,https://www.fidal.it/atleta/CHIESA-Davide/dqmRmJOgbmY%3D,https://www.fidal.it/societa/ATL--BERGAMO-1959-ORIOCENTER/BG003
9.64,9.64,e,SORIO Alessandro,2000,JM,EXPANDIA ATL. INSIEME VERONA,5 se- 2,Padova,2018-01-14,https://www.fidal.it/atleta/SORIO-Alessandro/eKAAARk5OoaWg%3D,https://www.fidal.it/societa/EXPANDIA-ATL--INSIEME-VERONA/VR761
9.65,9.65,e,ROMANO' Tommaso,2000,JM,ATL. RICCARDI MILANO 1946,4 ba- 2,Saronno,2018-01-21,https://www.fidal.it/atleta/ROMANO-Tommaso/dq2RmJeobGo%3D,https://www.fidal.it/societa/ATL--RICCARDI-MILANO-1946/MI080
9.67,9.67,e,GROPPI Giovanni,2000,JM,FONDAZIONE M. BENTEGODI,6 se- 2,Padova,2018-01-14,https://www.fidal.it/atleta/GROPPI-Giovanni/eKAAARkpqnb2o%3D,https://www.fidal.it/societa/FONDAZIONE-M--BENTEGODI/VR784
9.68,9.68,e,NALDI Matteo,2000,JM,PROSPORT ATL. FIRENZE,4 su- 1,Firenze,2018-01-14,https://www.fidal.it/atleta/NALDI-Matteo/faqRkpOib2Y%3D,https://www.fidal.it/societa/PROSPORT-ATL--FIRENZE/FI009
9.69,9.69,e,COME' Michel,1999,JM,ATLETICA SANDRO CALVESI,2 su- 1,Aosta,2018-02-10,https://www.fidal.it/atleta/COME-Michel/dKqRkpKfaGU%3D,https://www.fidal.it/societa/ATLETICA-SANDRO-CALVESI/AO004
9.69,9.69,e,ROMANO' Tommaso,2000,JM,ATL. RICCARDI MILANO 1946,3 ba- 1,Bergamo,2018-02-17,https://www.fidal.it/atleta/ROMANO-Tommaso/dq2RmJeobGo%3D,https://www.fidal.it/societa/ATL--RICCARDI-MILANO-1946/MI080
9.7,9.70,e,GIANNOTTI Alessandro,1976,SM40,ASD ATLETICA ALTA TOSCANA,3 se- 3,Madrid,2018-03-22,https://www.fidal.it/atleta/GIANNOTTI-Alessandro/faiSkpKlbGk%3D,https://www.fidal.it/societa/ASD-ATLETICA-ALTA-TOSCANA/MS424
9.73,9.73,e,MASSAFRA Cosimo,1999,JM,ASSINDUSTRIA SPORT PADOVA,6 se- 1,Padova,2018-01-28,https://www.fidal.it/atleta/MASSAFRA-Cosimo/hK2RkpOiaGU%3D,https://www.fidal.it/societa/ASSINDUSTRIA-SPORT-PADOVA/PD140
9.78,9.78,e,COME' Michel,1999,JM,ATLETICA SANDRO CALVESI,3 ba- 1,Aosta,2018-01-14,https://www.fidal.it/atleta/COME-Michel/dKqRkpKfaGU%3D,https://www.fidal.it/societa/ATLETICA-SANDRO-CALVESI/AO004
9.78,9.78,e,COME' Michel,1999,JM,ATLETICA SANDRO CALVESI,3 fi- 1,Aosta,2018-01-14,https://www.fidal.it/atleta/COME-Michel/dKqRkpKfaGU%3D,https://www.fidal.it/societa/ATLETICA-SANDRO-CALVESI/AO004
9.78,9.78,e,BADIN Giorgio,1971,SM45,TRIESTE ATLETICA,5 se- 5,Madrid,2018-03-22,https://www.fidal.it/atleta/BADIN-Giorgio/eauRk5OjbWY%3D,https://www.fidal.it/societa/TRIESTE-ATLETICA/TS044
9.79,9.79,e,SEMERARO Luca,2000,JM,ATL. AMATORI CISTERNINO,3 su- 1,Ancona,2018-01-07,https://www.fidal.it/atleta/SEMERARO-Luca/hK2RkpKlams%3D,https://www.fidal.it/societa/ATL--AMATORI-CISTERNINO/BR104
9.82,9.82,e,GATTI Gioele,2001,AM,UNIONE SPORTIVA ALBATESE ASD,3 su- 1,Aubiere,2018-12-16,https://www.fidal.it/atleta/GATTI-Gioele/dquRkpqobmk%3D,https://www.fidal.it/societa/UNIONE-SPORTIVA-ALBATESE-ASD/CO546
9.89,9.89,e,ORTELLI Mario,1980,SM35,ATL. ADEN  EXPRIVIA MOLFETTA,1 su- 1,Ancona,2018-02-24,https://www.fidal.it/atleta/ORTELLI-Mario/hKiRkpWoa2Y%3D,https://www.fidal.it/societa/ATL--ADEN-EXPRIVIA-MOLFETTA/BA091
9.9,9.90,e,DE LUCA Simone,1976,SM40,A.S. LA FRATELLANZA 1874,2 su- 1,Ancona,2018-02-24,https://www.fidal.it/atleta/DE-LUCA-Simone/eqiRkpmhcGU%3D,https://www.fidal.it/societa/A-S--LA-FRATELLANZA-1874/MO052
9.96,9.96,e,CAMASCHELLA Gian luca,1971,SM45,TEAM ATLETICO-MERCURIO NOVARA,2 su- 1,Ancona,2018-02-24,https://www.fidal.it/atleta/CAMASCHELLA-Gian-luca/dKiRkpKjcGU%3D,https://www.fidal.it/societa/TEAM-ATLETICO-MERCURIO-NOVARA/NO020
9.97,9.97,e,CAMASCHELLA Gian luca,1971,SM45,TEAM ATLETICO-MERCURIO NOVARA,8 fi- 1,Madrid,2018-03-23,https://www.fidal.it/atleta/CAMASCHELLA-Gian-luca/dKiRkpKjcGU%3D,https://www.fidal.it/societa/TEAM-ATLETICO-MERCURIO-NOVARA/NO020
10.02,10.02,e,ROMANO' Tommaso,2000,JM,ATL. RICCARDI MILANO 1946,4 se- 2,Saronno,2018-01-13,https://www.fidal.it/atleta/ROMANO-Tommaso/dq2RmJeobGo%3D,https://www.fidal.it/societa/ATL--RICCARDI-MILANO-1946/MI080
10.07,10.07,e,CICCHELLI Gian lorenzo,1969,SM45,ASD 'VINI FANTINI',3 su- 1,Ancona,2018-02-24,https://www.fidal.it/atleta/CICCHELLI-Gian-lorenzo/gauRkpKfamg%3D,https://www.fidal.it/societa/ASD-VINI-FANTINI-/PE032
10.1,10.10,e,TOTI Gabriele,2000,JM,A.S.D. INTESATLETICA,4 su- 1,Ancona,2018-01-07,https://www.fidal.it/atleta/TOTI-Gabriele/f6qRkpWfamw%3D,https://www.fidal.it/societa/A-S-D--INTESATLETICA/LT260
10.12,10.12,e,CICCHELLI Gian lorenzo,1969,SM45,ASD 'VINI FANTINI',3 se- 1,Ancona,2018-02-23,https://www.fidal.it/atleta/CICCHELLI-Gian-lorenzo/gauRkpKfamg%3D,https://www.fidal.it/societa/ASD-VINI-FANTINI-/PE032
10.14,10.14,e,TOTI Gabriele,2000,JM,A.S.D. INTESATLETICA,3 ba- 1,Formia,2018-01-21,https://www.fidal.it/atleta/TOTI-Gabriele/f6qRkpWfamw%3D,https://www.fidal.it/societa/A-S-D--INTESATLETICA/LT260
10.14,10.14,e,LAVINO Riccardo,2000,JM,ATLETICA BARBAS,3 fi- 1,Formia,2018-01-21,https://www.fidal.it/atleta/LAVINO-Riccardo/hquRkpKibWM%3D,https://www.fidal.it/societa/ATLETICA-BARBAS/RC366
10.14,10.14,e,TOTI Gabriele,2000,JM,A.S.D. INTESATLETICA,1 ba- 1,Roma,2018-01-28,https://www.fidal.it/atleta/TOTI-Gabriele/f6qRkpWfamw%3D,https://www.fidal.it/societa/A-S-D--INTESATLETICA/LT260
10.18,10.18,e,AMENDOLA Carlo,2000,JM,A.P.D. ATLETICA SCAFATI,5 su- 1,Ancona,2018-01-07,https://www.fidal.it/atleta/AMENDOLA-Carlo/gKqRkpOiaGw%3D,https://www.fidal.it/societa/A-P-D--ATLETICA-SCAFATI/SA604
10.19,10.19,e,BIONDI Filippo,1983,SM35,EXPANDIA ATL. INSIEME VERONA,2 su- 1,Ancona,2018-02-24,https://www.fidal.it/atleta/BIONDI-Filippo/h6iRlJOhcWo%3D,https://www.fidal.it/societa/EXPANDIA-ATL--INSIEME-VERONA/VR761
10.28,10.28,e,BIONDI Filippo,1983,SM35,EXPANDIA ATL. INSIEME VERONA,2 se- 1,Ancona,2018-02-23,https://www.fidal.it/atleta/BIONDI-Filippo/h6iRlJOhcWo%3D,https://www.fidal.it/societa/EXPANDIA-ATL--INSIEME-VERONA/VR761
10.29,10.29,e,TIRLONI Mirco,1999,JM,ATL. VALLE IMAGNA,4 ba- 2,Bergamo,2018-02-17,https://www.fidal.it/atleta/TIRLONI-Mirco/dqmRmJakaGQ%3D,https://www.fidal.it/societa/ATL--VALLE-IMAGNA/BG511
10.31,10.31,e,ROSSI Giacomo,2000,JM,MODENA ATLETICA,6 se- 3,Padova,2018-01-14,https://www.fidal.it/atleta/ROSSI-Giacomo/eqyRkpaja2s%3D,https://www.fidal.it/societa/MODENA-ATLETICA/MO497
10.4,10.40,e,TOTI Gabriele,2000,JM,A.S.D. INTESATLETICA,1 fi- 1,Roma,2018-01-28,https://www.fidal.it/atleta/TOTI-Gabriele/f6qRkpWfamw%3D,https://www.fidal.it/societa/A-S-D--INTESATLETICA/LT260
10.46,10.46,e,BIONDI Filippo,1983,SM35,EXPANDIA ATL. INSIEME VERONA,2 su- 1,Padova,2018-02-11,https://www.fidal.it/atleta/BIONDI-Filippo/h6iRlJOhcWo%3D,https://www.fidal.it/societa/EXPANDIA-ATL--INSIEME-VERONA/VR761
10.47,10.47,e,GRELLI Riccardo,2000,JM,ATL.CSAIN PERUGIA,6 su- 1,Ancona,2018-01-07,https://www.fidal.it/atleta/GRELLI-Riccardo/fqmRkpemb2o%3D,https://www.fidal.it/societa/ATL-CSAIN-PERUGIA/PG020
10.54,10.54,e,LATTANZI Vincenzo,1973,SM45,N.ATL. FANFULLA LODIGIANA,4 su- 1,Ancona,2018-02-24,https://www.fidal.it/atleta/LATTANZI-Vincenzo/dq2RmJqfaWk%3D,https://www.fidal.it/societa/N-ATL--FANFULLA-LODIGIANA/MI218
10.56,10.56,e,LATTANZI Vincenzo,1973,SM45,N.ATL. FANFULLA LODIGIANA,1 su- 1,Mantova,2018-02-04,https://www.fidal.it/atleta/LATTANZI-Vincenzo/dq2RmJqfaWk%3D,https://www.fidal.it/societa/N-ATL--FANFULLA-LODIGIANA/MI218
10.59,10.59,e,TUTI Thomas,1971,SM45,EXPANDIA ATL. INSIEME VERONA,1 se- 9,Ancona,2018-02-23,https://www.fidal.it/atleta/TUTI-Thomas/iaiRkpKhbGo%3D,https://www.fidal.it/societa/EXPANDIA-ATL--INSIEME-VERONA/VR761
10.66,10.66,e,LONGO Marco,1974,SM40,ATL.MONTEBELLUNA,3 su- 1,Padova,2018-02-11,https://www.fidal.it/atleta/LONGO-Marco/eKyRk5Ofbmc%3D,https://www.fidal.it/societa/ATL-MONTEBELLUNA/TV335
10.67,10.67,e,ROSSI Giacomo,2000,JM,MODENA ATLETICA,4 ba- 2,Modena,2018-01-20,https://www.fidal.it/atleta/ROSSI-Giacomo/eqyRkpaja2s%3D,https://www.fidal.it/societa/MODENA-ATLETICA/MO497
10.67,10.67,e,TOTI Gabriele,2000,JM,A.S.D. INTESATLETICA,4 fi- 1,Formia,2018-01-21,https://www.fidal.it/atleta/TOTI-Gabriele/f6qRkpWfamw%3D,https://www.fidal.it/societa/A-S-D--INTESATLETICA/LT260
10.68,10.68,e,FORTUNATO Roberto,1972,SM45,ATL.VICENTINA,5 su- 1,Ancona,2018-02-24,https://www.fidal.it/atleta/FORTUNATO-Roberto/eKiRk5SgcGU%3D,https://www.fidal.it/societa/ATL-VICENTINA/VI626
10.78,10.78,e,LAVINO Riccardo,2000,JM,ATLETICA BARBAS,4 ba- 1,Formia,2018-01-21,https://www.fidal.it/atleta/LAVINO-Riccardo/hquRkpKibWM%3D,https://www.fidal.it/societa/ATLETICA-BARBAS/RC366
10.81,10.81,e,MANA Cristiano,1980,SM35,A.S.D. ATL. FOSSANO '75,1 su- 1,Aosta,2018-02-10,https://www.fidal.it/atleta/MANA-Cristiano/dKyRlJqga2Y%3D,https://www.fidal.it/societa/A-S-D--ATL--FOSSANO-75/CN001
10.88,10.88,e,ROCCA Alessandro,2000,JM,FONDAZIONE M. BENTEGODI,7 ba- 1,Padova,2018-01-07,https://www.fidal.it/atleta/ROCCA-Alessandro/eKAAARk5Ooamo%3D,https://www.fidal.it/societa/FONDAZIONE-M--BENTEGODI/VR784
10.93,10.93,e,AMODEO Lorenzo,1999,JM,ATLETICA CANAVESANA,5 ba- 1,Aosta,2018-01-20,https://www.fidal.it/atleta/AMODEO-Lorenzo/dK6RlpukcWQ%3D,https://www.fidal.it/societa/ATLETICA-CANAVESANA/TO015
10.93,10.93,e,MANA Cristiano,1980,SM35,A.S.D. ATL. FOSSANO '75,3 se- 1,Ancona,2018-02-23,https://www.fidal.it/atleta/MANA-Cristiano/dKyRlJqga2Y%3D,https://www.fidal.it/societa/A-S-D--ATL--FOSSANO-75/CN001
10.98,10.98,e,NATELLA Alfonso,1980,SM35,A.S.D. INTESATLETICA,4 se- 1,Ancona,2018-02-23,https://www.fidal.it/atleta/NATELLA-Alfonso/f6qRkpWgcGQ%3D,https://www.fidal.it/societa/A-S-D--INTESATLETICA/LT260
11.0,11.00,e,TONELLO Luca,1973,SM45,GS.TORTELLINI VOLTAN MARTELLAG,4 se- 1,Ancona,2018-02-23,https://www.fidal.it/atleta/TONELLO-Luca/eKiRkpKkcGQ%3D,https://www.fidal.it/societa/GS-TORTELLINI-VOLTAN-MARTELLAG/VE512
11.01,11.01,e,AMODEO Lorenzo,1999,JM,ATLETICA CANAVESANA,5 fi- 1,Aosta,2018-01-20,https://www.fidal.it/atleta/AMODEO-Lorenzo/dK6RlpukcWQ%3D,https://www.fidal.it/societa/ATLETICA-CANAVESANA/TO015
11.02,11.02,e,POGGIARONI Edoardo,1972,SM45,ASD TRACK & FIELD MASTER GROSS,2 se- 9,Ancona,2018-02-23,https://www.fidal.it/atleta/POGGIARONI-Edoardo/fauRkpOhaWs%3D,https://www.fidal.it/societa/ASD-TRACK-&-FIELD-MASTER-GROSS/GR432
11.11,11.11,e,LETIZIA Alessandro,1974,SM40,A.S.D.  C.U.S. GENOVA,5 se- 1,Ancona,2018-02-23,https://www.fidal.it/atleta/LETIZIA-Alessandro/daiRkpOhb2w%3D,https://www.fidal.it/societa/A-S-D--C-U-S--GENOVA/GE002
11.14,11.14,e,PERRONE Vincenzo,1974,SM40,ATLETICA TOP RUNNERS LECCE,3 su- 1,Ancona,2018-02-24,https://www.fidal.it/atleta/PERRONE-Vincenzo/hKiSmZikbGs%3D,https://www.fidal.it/societa/ATLETICA-TOP-RUNNERS-LECCE/LE397
11.15,11.15,e,VEGLIA Francesco,1973,SM45,A.S.D. C.U.S. SALERNO,6 su- 1,Ancona,2018-02-24,https://www.fidal.it/atleta/VEGLIA-Francesco/gKiRk5WgaGU%3D,https://www.fidal.it/societa/A-S-D--C-U-S--SALERNO/SA265
11.17,11.17,e,POLETTI Marco,1971,SM45,ATL. CASSANO D'ADDA,3 se- 9,Ancona,2018-02-23,https://www.fidal.it/atleta/POLETTI-Marco/dq2RlpShamQ%3D,https://www.fidal.it/societa/ATL--CASSANO-D-ADDA/MI238
11.18,11.18,e,POLETTI Marco,1971,SM45,ATL. CASSANO D'ADDA,6 se- 3,Madrid,2018-03-22,https://www.fidal.it/atleta/POLETTI-Marco/dq2RlpShamQ%3D,https://www.fidal.it/societa/ATL--CASSANO-D-ADDA/MI238
11.2,11.20,e,LETIZIA Alessandro,1974,SM40,A.S.D.  C.U.S. GENOVA,4 su- 1,Ancona,2018-02-24,https://www.fidal.it/atleta/LETIZIA-Alessandro/daiRkpOhb2w%3D,https://www.fidal.it/societa/A-S-D--C-U-S--GENOVA/GE002
11.32,11.32,e,D'ANGELO Giacomo,1999,JM,ATL.CSAIN PERUGIA,7 su- 1,Ancona,2018-01-07,https://www.fidal.it/atleta/D-ANGELO-Giacomo/fqmRkpWkcGQ%3D,https://www.fidal.it/societa/ATL-CSAIN-PERUGIA/PG020
11.38,11.38,e,PERRONE Vincenzo,1974,SM40,ATLETICA TOP RUNNERS LECCE,7 ba- 2,Madrid,2018-03-23,https://www.fidal.it/atleta/PERRONE-Vincenzo/hKiSmZikbGs%3D,https://www.fidal.it/societa/ATLETICA-TOP-RUNNERS-LECCE/LE397
11.39,11.39,e,ROCCA Alessandro,2000,JM,FONDAZIONE M. BENTEGODI,7 se- 2,Padova,2018-01-14,https://www.fidal.it/atleta/ROCCA-Alessandro/eKAAARk5Ooamo%3D,https://www.fidal.it/societa/FONDAZIONE-M--BENTEGODI/VR784
11.42,11.42,e,MENGOLI Rosario,1969,SM45,GALATLETICA DREAM TEAM,4 se- 9,Ancona,2018-02-23,https://www.fidal.it/atleta/MENGOLI-Rosario/hKyRkpOkams%3D,https://www.fidal.it/societa/GALATLETICA-DREAM-TEAM/LE645
11.46,11.46,e,GORI Andrea,1999,JM,CENTRO ATLETICA PIOMBINO,5 su- 1,Firenze,2018-01-14,https://www.fidal.it/atleta/GORI-Andrea/fayRkpajaGY%3D,https://www.fidal.it/societa/CENTRO-ATLETICA-PIOMBINO/LI038
11.59,11.59,e,SARTORI Enrico,1971,SM45,ATL.VICENTINA,5 se- 9,Ancona,2018-02-23,https://www.fidal.it/atleta/SARTORI-Enrico/eK6Rk5KmcWU%3D,https://www.fidal.it/societa/ATL-VICENTINA/VI626
11.77,11.77,e,AMODEO Lorenzo,1999,JM,ATLETICA CANAVESANA,3 su- 1,Aosta,2018-02-10,https://www.fidal.it/atleta/AMODEO-Lorenzo/dK6RlpukcWQ%3D,https://www.fidal.it/societa/ATLETICA-CANAVESANA/TO015
11.99,11.99,e,DI BLASI Manfred,1969,SM45,G.S. C.S.I. MORBEGNO,5 se- 1,Ancona,2018-02-23,https://www.fidal.it/atleta/DI-BLASI-Manfred/dqiSl5ifa2Q%3D,https://www.fidal.it/societa/G-S--C-S-I--MORBEGNO/SO114
12.06,12.06,e,DI BLASI Manfred,1969,SM45,G.S. C.S.I. MORBEGNO,2 su- 1,Mantova,2018-02-04,https://www.fidal.it/atleta/DI-BLASI-Manfred/dqiSl5ifa2Q%3D,https://www.fidal.it/societa/G-S--C-S-I--MORBEGNO/SO114
13.09,13.09,e,SPILLER Cristiano,1977,SM40,VICENZA RUNNERS,6 se- 1,Ancona,2018-02-23,https://www.fidal.it/atleta/SPILLER-Cristiano/eK6RkpagaGg%3D,https://www.fidal.it/societa/VICENZA-RUNNERS/VI654
7.88,7.88,e,PIAZZALUNGA Federico,2000,JM,ATL. BERGAMO 1959 ORIOCENTER,3 su- 1,Ancona,2019-03-02,https://www.fidal.it/atleta/PIAZZALUNGA-Federico/dqmRl5ujb2Y%3D,https://www.fidal.it/societa/ATL--BERGAMO-1959-ORIOCENTER/BG003
7.92,7.92,e,PIAZZALUNGA Federico,2000,JM,ATL. BERGAMO 1959 ORIOCENTER,1 fi- 1,Parma,2019-01-12,https://www.fidal.it/atleta/PIAZZALUNGA-Federico/dqmRl5ujb2Y%3D,https://www.fidal.it/societa/ATL--BERGAMO-1959-ORIOCENTER/BG003
7.97,7.97,e,PIAZZALUNGA Federico,2000,JM,ATL. BERGAMO 1959 ORIOCENTER,1 fi- 1,Bergamo,2019-01-06,https://www.fidal.it/atleta/PIAZZALUNGA-Federico/dqmRl5ujb2Y%3D,https://www.fidal.it/societa/ATL--BERGAMO-1959-ORIOCENTER/BG003
7.98,7.98,e,CECCHET Cristopher,2000,JM,ATHLETIC CLUB FIREX BELLUNO,4 su- 1,Ancona,2019-03-02,https://www.fidal.it/atleta/CECCHET-Cristopher/eKmRlJSocGo%3D,https://www.fidal.it/societa/ATHLETIC-CLUB-FIREX-BELLUNO/BL009
7.99,7.99,e,PIAZZALUNGA Federico,2000,JM,ATL. BERGAMO 1959 ORIOCENTER,1 fi- 1,Bergamo,2019-01-20,https://www.fidal.it/atleta/PIAZZALUNGA-Federico/dqmRl5ujb2Y%3D,https://www.fidal.it/societa/ATL--BERGAMO-1959-ORIOCENTER/BG003
8.02,8.02,e,PIAZZALUNGA Federico,2000,JM,ATL. BERGAMO 1959 ORIOCENTER,1 fi- 1,Ancona,2019-02-03,https://www.fidal.it/atleta/PIAZZALUNGA-Federico/dqmRl5ujb2Y%3D,https://www.fidal.it/societa/ATL--BERGAMO-1959-ORIOCENTER/BG003
8.03,8.03,e,PIAZZALUNGA Federico,2000,JM,ATL. BERGAMO 1959 ORIOCENTER,1 ba- 1,Bergamo,2019-01-20,https://www.fidal.it/atleta/PIAZZALUNGA-Federico/dqmRl5ujb2Y%3D,https://www.fidal.it/societa/ATL--BERGAMO-1959-ORIOCENTER/BG003
8.04,8.04,e,PIAZZALUNGA Federico,2000,JM,ATL. BERGAMO 1959 ORIOCENTER,1 ba- 2,Bergamo,2019-01-06,https://www.fidal.it/atleta/PIAZZALUNGA-Federico/dqmRl5ujb2Y%3D,https://www.fidal.it/societa/ATL--BERGAMO-1959-ORIOCENTER/BG003
8.04,8.04,e,CECCHET Cristopher,2000,JM,ATHLETIC CLUB FIREX BELLUNO,2 fi- 1,Ancona,2019-02-03,https://www.fidal.it/atleta/CECCHET-Cristopher/eKmRlJSocGo%3D,https://www.fidal.it/societa/ATHLETIC-CLUB-FIREX-BELLUNO/BL009
8.05,8.05,e,CECCHET Cristopher,2000,JM,ATHLETIC CLUB FIREX BELLUNO,3 su- 1,Ancona,2019-03-02,https://www.fidal.it/atleta/CECCHET-Cristopher/eKmRlJSocGo%3D,https://www.fidal.it/societa/ATHLETIC-CLUB-FIREX-BELLUNO/BL009
8.07,8.07,e,DIAZ Aramis,1974,SM45,ATL.BIOTEKNA MARCON,1 su- 1,Ancona,2019-02-23,https://www.fidal.it/atleta/DIAZ-Aramis/gayRkpKiamk%3D,https://www.fidal.it/societa/ATL-BIOTEKNA-MARCON/VE471
8.08,8.08,e,CECCHET Cristopher,2000,JM,ATHLETIC CLUB FIREX BELLUNO,1 ba- 1,Udine,2019-01-12,https://www.fidal.it/atleta/CECCHET-Cristopher/eKmRlJSocGo%3D,https://www.fidal.it/societa/ATHLETIC-CLUB-FIREX-BELLUNO/BL009
8.08,8.08,e,PIAZZALUNGA Federico,2000,JM,ATL. BERGAMO 1959 ORIOCENTER,1 sf- 2,Ancona,2019-02-03,https://www.fidal.it/atleta/PIAZZALUNGA-Federico/dqmRl5ujb2Y%3D,https://www.fidal.it/societa/ATL--BERGAMO-1959-ORIOCENTER/BG003
8.1,8.10,e,PIAZZALUNGA Federico,2000,JM,ATL. BERGAMO 1959 ORIOCENTER,1 ba- 1,Parma,2019-01-12,https://www.fidal.it/atleta/PIAZZALUNGA-Federico/dqmRl5ujb2Y%3D,https://www.fidal.it/societa/ATL--BERGAMO-1959-ORIOCENTER/BG003
8.11,8.11,e,CANDIOTTO Lorenzo,2000,JM,G.S. FIAMME ORO PADOVA,3 fi- 1,Ancona,2019-02-03,https://www.fidal.it/atleta/CANDIOTTO-Lorenzo/eKqRkpafbms%3D,https://www.fidal.it/societa/G-S--FIAMME-ORO-PADOVA/PD131
8.12,8.12,e,CECCHET Cristopher,2000,JM,ATHLETIC CLUB FIREX BELLUNO,1 fi- 1,Udine,2019-01-12,https://www.fidal.it/atleta/CECCHET-Cristopher/eKmRlJSocGo%3D,https://www.fidal.it/societa/ATHLETIC-CLUB-FIREX-BELLUNO/BL009
8.13,8.13,e,PIAZZALUNGA Federico,2000,JM,ATL. BERGAMO 1959 ORIOCENTER,1 ba- 1,Modena,2019-02-24,https://www.fidal.it/atleta/PIAZZALUNGA-Federico/dqmRl5ujb2Y%3D,https://www.fidal.it/societa/ATL--BERGAMO-1959-ORIOCENTER/BG003
8.15,8.15,e,CECCHET Cristopher,2000,JM,ATHLETIC CLUB FIREX BELLUNO,1 se- 1,Padova,2019-01-20,https://www.fidal.it/atleta/CECCHET-Cristopher/eKmRlJSocGo%3D,https://www.fidal.it/societa/ATHLETIC-CLUB-FIREX-BELLUNO/BL009
8.15,8.15,e,CECCHET Cristopher,2000,JM,ATHLETIC CLUB FIREX BELLUNO,1 ba- 3,Ancona,2019-02-03,https://www.fidal.it/atleta/CECCHET-Cristopher/eKmRlJSocGo%3D,https://www.fidal.it/societa/ATHLETIC-CLUB-FIREX-BELLUNO/BL009
8.16,8.16,e,PIAZZALUNGA Federico,2000,JM,ATL. BERGAMO 1959 ORIOCENTER,1 ba- 1,Ancona,2019-02-03,https://www.fidal.it/atleta/PIAZZALUNGA-Federico/dqmRl5ujb2Y%3D,https://www.fidal.it/societa/ATL--BERGAMO-1959-ORIOCENTER/BG003
8.19,8.19,e,PIAZZALUNGA Federico,2000,JM,ATL. BERGAMO 1959 ORIOCENTER,4 su- 1,Ancona,2019-03-02,https://www.fidal.it/atleta/PIAZZALUNGA-Federico/dqmRl5ujb2Y%3D,https://www.fidal.it/societa/ATL--BERGAMO-1959-ORIOCENTER/BG003
8.2,8.20,e,BRUNETTI Michele,2001,JM,TRIESTE ATLETICA,3 sf- 2,Ancona,2019-02-03,https://www.fidal.it/atleta/BRUNETTI-Michele/eauRkpulbmo%3D,https://www.fidal.it/societa/TRIESTE-ATLETICA/TS044
8.23,8.23,e,CECCHET Cristopher,2000,JM,ATHLETIC CLUB FIREX BELLUNO,1 sf- 1,Ancona,2019-02-03,https://www.fidal.it/atleta/CECCHET-Cristopher/eKmRlJSocGo%3D,https://www.fidal.it/societa/ATHLETIC-CLUB-FIREX-BELLUNO/BL009
8.24,8.24,e,SOMMACAL Alessio,2001,JM,ATHLETIC CLUB FIREX BELLUNO,4 sf- 2,Ancona,2019-02-03,https://www.fidal.it/atleta/SOMMACAL-Alessio/eKmRlJOlbmw%3D,https://www.fidal.it/societa/ATHLETIC-CLUB-FIREX-BELLUNO/BL009
8.25,8.25,e,CANDIOTTO Lorenzo,2000,JM,G.S. FIAMME ORO PADOVA,1 ba- 2,Ancona,2019-02-03,https://www.fidal.it/atleta/CANDIOTTO-Lorenzo/eKqRkpafbms%3D,https://www.fidal.it/societa/G-S--FIAMME-ORO-PADOVA/PD131
8.27,8.27,e,IZZO Fabio,2001,JM,ATL. BERGAMO 1959 ORIOCENTER,2 fi- 1,Bergamo,2019-01-20,https://www.fidal.it/atleta/IZZO-Fabio/dqmRl5ufbWg%3D,https://www.fidal.it/societa/ATL--BERGAMO-1959-ORIOCENTER/BG003
8.27,8.27,e,MAIFREDI Oscar,2000,JM,ATL. CHIARI 1964 LIB.,2 ba- 2,Ancona,2019-02-03,https://www.fidal.it/atleta/MAIFREDI-Oscar/dqqRl5qmbGk%3D,https://www.fidal.it/societa/ATL--CHIARI-1964-LIB-/BS318
8.27,8.27,e,BRUNETTI Michele,2001,JM,TRIESTE ATLETICA,5 fi- 1,Ancona,2019-02-03,https://www.fidal.it/atleta/BRUNETTI-Michele/eauRkpulbmo%3D,https://www.fidal.it/societa/TRIESTE-ATLETICA/TS044
8.28,8.28,e,FAYE Seyni simone,2000,JM,ATLETICA COGNE AOSTA,2 sf- 1,Ancona,2019-02-03,https://www.fidal.it/atleta/FAYE-Seyni-simone/dKqRkpShcWQ%3D,https://www.fidal.it/societa/ATLETICA-COGNE-AOSTA/AO001
8.3,8.30,e,MAIFREDI Oscar,2000,JM,ATL. CHIARI 1964 LIB.,3 fi- 1,Bergamo,2019-01-20,https://www.fidal.it/atleta/MAIFREDI-Oscar/dqqRl5qmbGk%3D,https://www.fidal.it/societa/ATL--CHIARI-1964-LIB-/BS318
8.3,8.30,e,GOHO DISEYSSON Junior trevor,2001,JM,ATL. LECCO-COLOMBO COSTRUZ.,1 ba- 4,Ancona,2019-02-03,https://www.fidal.it/atleta/GOHO-DISEYSSON-Junior-trevor/dquRk5mmaWM%3D,https://www.fidal.it/societa/ATL--LECCO-COLOMBO-COSTRUZ-/CO208
8.3,8.30,e,BRUNETTI Michele,2001,JM,TRIESTE ATLETICA,2 ba- 1,Ancona,2019-02-03,https://www.fidal.it/atleta/BRUNETTI-Michele/eauRkpulbmo%3D,https://www.fidal.it/societa/TRIESTE-ATLETICA/TS044
8.3,8.30,e,CANDIOTTO Lorenzo,2000,JM,G.S. FIAMME ORO PADOVA,5 sf- 2,Ancona,2019-02-03,https://www.fidal.it/atleta/CANDIOTTO-Lorenzo/eKqRkpafbms%3D,https://www.fidal.it/societa/G-S--FIAMME-ORO-PADOVA/PD131
8.31,8.31,e,ALBANO Federico,2000,JM,ATL. ENDAS  CESENA,1 ba- 1,Modena,2019-01-26,https://www.fidal.it/atleta/ALBANO-Federico/equRkpOjaGU%3D,https://www.fidal.it/societa/ATL--ENDAS-CESENA/FC049
8.31,8.31,e,IZZO Fabio,2001,JM,ATL. BERGAMO 1959 ORIOCENTER,2 ba- 4,Ancona,2019-02-03,https://www.fidal.it/atleta/IZZO-Fabio/dqmRl5ufbWg%3D,https://www.fidal.it/societa/ATL--BERGAMO-1959-ORIOCENTER/BG003
8.31,8.31,e,IZZO Fabio,2001,JM,ATL. BERGAMO 1959 ORIOCENTER,6 sf- 2,Ancona,2019-02-03,https://www.fidal.it/atleta/IZZO-Fabio/dqmRl5ufbWg%3D,https://www.fidal.it/societa/ATL--BERGAMO-1959-ORIOCENTER/BG003
8.32,8.32,e,MAIFREDI Oscar,2000,JM,ATL. CHIARI 1964 LIB.,2 ba- 1,Bergamo,2019-01-20,https://www.fidal.it/atleta/MAIFREDI-Oscar/dqqRl5qmbGk%3D,https://www.fidal.it/societa/ATL--CHIARI-1964-LIB-/BS318
8.33,8.33,e,IZZO Fabio,2001,JM,ATL. BERGAMO 1959 ORIOCENTER,1 ba- 2,Saronno,2019-01-12,https://www.fidal.it/atleta/IZZO-Fabio/dqmRl5ufbWg%3D,https://www.fidal.it/societa/ATL--BERGAMO-1959-ORIOCENTER/BG003
8.33,8.33,e,ALBANO Federico,2000,JM,ATL. ENDAS  CESENA,1 fi- 1,Ancona,2019-01-19,https://www.fidal.it/atleta/ALBANO-Federico/equRkpOjaGU%3D,https://www.fidal.it/societa/ATL--ENDAS-CESENA/FC049
8.34,8.34,e,MAIFREDI Oscar,2000,JM,ATL. CHIARI 1964 LIB.,1 fi- 1,Saronno,2019-01-12,https://www.fidal.it/atleta/MAIFREDI-Oscar/dqqRl5qmbGk%3D,https://www.fidal.it/societa/ATL--CHIARI-1964-LIB-/BS318
8.35,8.35,e,RAVELLO Emanuele,2000,JM,S.A.F.ATLETICA PIEMONTE A.S.D.,1 fi- 1,Lione,2019-01-19,https://www.fidal.it/atleta/RAVELLO-Emanuele/dK6RlpqmbGQ%3D,https://www.fidal.it/societa/S-A-F-ATLETICA-PIEMONTE-A-S-D-/TO226
8.36,8.36,e,MAIFREDI Oscar,2000,JM,ATL. CHIARI 1964 LIB.,1 ba- 1,Saronno,2019-01-12,https://www.fidal.it/atleta/MAIFREDI-Oscar/dqqRl5qmbGk%3D,https://www.fidal.it/societa/ATL--CHIARI-1964-LIB-/BS318
8.37,8.37,e,BRUNETTI Michele,2001,JM,TRIESTE ATLETICA,2 fi- 1,Udine,2019-01-12,https://www.fidal.it/atleta/BRUNETTI-Michele/eauRkpulbmo%3D,https://www.fidal.it/societa/TRIESTE-ATLETICA/TS044
8.39,8.39,e,SOMMACAL Alessio,2001,JM,ATHLETIC CLUB FIREX BELLUNO,1 fi- 1,Padova,2019-01-05,https://www.fidal.it/atleta/SOMMACAL-Alessio/eKmRlJOlbmw%3D,https://www.fidal.it/societa/ATHLETIC-CLUB-FIREX-BELLUNO/BL009
8.39,8.39,e,FILIPPONE Martino,2001,JM,ATL. IMOLA SACMI AVIS,1 ba- 3,Modena,2019-01-26,https://www.fidal.it/atleta/FILIPPONE-Martino/eqmRkpSnbmQ%3D,https://www.fidal.it/societa/ATL--IMOLA-SACMI-AVIS/BO014
8.39,8.39,e,DESTER Dario,2000,JM,CREMONA SPORTIVA ATL. ARVEDI,1 se- 3,Padova,2019-01-27,https://www.fidal.it/atleta/DESTER-Dario/dqiSl5akbGs%3D,https://www.fidal.it/societa/CREMONA-SPORTIVA-ATL--ARVEDI/CR041
8.39,8.39,e,FAYE Seyni simone,2000,JM,ATLETICA COGNE AOSTA,3 ba- 2,Ancona,2019-02-03,https://www.fidal.it/atleta/FAYE-Seyni-simone/dKqRkpShcWQ%3D,https://www.fidal.it/societa/ATLETICA-COGNE-AOSTA/AO001
8.39,8.39,e,MONGUZZI Alessandro,2000,JM,TEAM-A LOMBARDIA,4 ba- 2,Ancona,2019-02-03,https://www.fidal.it/atleta/MONGUZZI-Alessandro/dq2Rk5mjcWo%3D,https://www.fidal.it/societa/TEAM-A-LOMBARDIA/MI774
8.4,8.40,e,ROVERATO Daniele,2001,JM,ASSOCIAZIONE ATLETICA N.E.VI.,2 fi- 1,Padova,2019-01-05,https://www.fidal.it/atleta/ROVERATO-Daniele/eK2Rkpanamk%3D,https://www.fidal.it/societa/ASSOCIAZIONE-ATLETICA-N-E-VI-/VI623
8.4,8.40,e,REOLON Vittorio,2001,JM,ATHLETIC CLUB FIREX BELLUNO,3 ba- 4,Ancona,2019-02-03,https://www.fidal.it/atleta/REOLON-Vittorio/eKmRlJafbWk%3D,https://www.fidal.it/societa/ATHLETIC-CLUB-FIREX-BELLUNO/BL009
8.4,8.40,e,REOLON Vittorio,2001,JM,ATHLETIC CLUB FIREX BELLUNO,7 sf- 2,Ancona,2019-02-03,https://www.fidal.it/atleta/REOLON-Vittorio/eKmRlJafbWk%3D,https://www.fidal.it/societa/ATHLETIC-CLUB-FIREX-BELLUNO/BL009
8.41,8.41,e,SOMMACAL Alessio,2001,JM,ATHLETIC CLUB FIREX BELLUNO,3 fi- 1,Udine,2019-01-12,https://www.fidal.it/atleta/SOMMACAL-Alessio/eKmRlJOlbmw%3D,https://www.fidal.it/societa/ATHLETIC-CLUB-FIREX-BELLUNO/BL009
8.41,8.41,e,MONGUZZI Alessandro,2000,JM,TEAM-A LOMBARDIA,1 fi- 1,Modena,2019-01-26,https://www.fidal.it/atleta/MONGUZZI-Alessandro/dq2Rk5mjcWo%3D,https://www.fidal.it/societa/TEAM-A-LOMBARDIA/MI774
8.41,8.41,e,CANDIOTTO Lorenzo,2000,JM,G.S. FIAMME ORO PADOVA,2 se- 3,Padova,2019-01-27,https://www.fidal.it/atleta/CANDIOTTO-Lorenzo/eKqRkpafbms%3D,https://www.fidal.it/societa/G-S--FIAMME-ORO-PADOVA/PD131
8.41,8.41,e,MONGUZZI Alessandro,2000,JM,TEAM-A LOMBARDIA,6 fi- 1,Ancona,2019-02-03,https://www.fidal.it/atleta/MONGUZZI-Alessandro/dq2Rk5mjcWo%3D,https://www.fidal.it/societa/TEAM-A-LOMBARDIA/MI774
8.42,8.42,e,CANDIOTTO Lorenzo,2000,JM,G.S. FIAMME ORO PADOVA,1 ba- 1,Padova,2019-01-05,https://www.fidal.it/atleta/CANDIOTTO-Lorenzo/eKqRkpafbms%3D,https://www.fidal.it/societa/G-S--FIAMME-ORO-PADOVA/PD131
8.42,8.42,e,MONGUZZI Alessandro,2000,JM,TEAM-A LOMBARDIA,3 sf- 1,Ancona,2019-02-03,https://www.fidal.it/atleta/MONGUZZI-Alessandro/dq2Rk5mjcWo%3D,https://www.fidal.it/societa/TEAM-A-LOMBARDIA/MI774
8.42,8.42,e,FAYE Seyni simone,2000,JM,ATLETICA COGNE AOSTA,7 fi- 1,Ancona,2019-02-03,https://www.fidal.it/atleta/FAYE-Seyni-simone/dKqRkpShcWQ%3D,https://www.fidal.it/societa/ATLETICA-COGNE-AOSTA/AO001
8.44,8.44,e,ROVERATO Daniele,2001,JM,ASSOCIAZIONE ATLETICA N.E.VI.,2 ba- 1,Padova,2019-01-05,https://www.fidal.it/atleta/ROVERATO-Daniele/eK2Rkpanamk%3D,https://www.fidal.it/societa/ASSOCIAZIONE-ATLETICA-N-E-VI-/VI623
8.44,8.44,e,DESTER Dario,2000,JM,CREMONA SPORTIVA ATL. ARVEDI,1 se- 1,Bergamo,2019-01-13,https://www.fidal.it/atleta/DESTER-Dario/dqiSl5akbGs%3D,https://www.fidal.it/societa/CREMONA-SPORTIVA-ATL--ARVEDI/CR041
8.44,8.44,e,SOMMACAL Alessio,2001,JM,ATHLETIC CLUB FIREX BELLUNO,3 ba- 1,Ancona,2019-02-03,https://www.fidal.it/atleta/SOMMACAL-Alessio/eKmRlJOlbmw%3D,https://www.fidal.it/societa/ATHLETIC-CLUB-FIREX-BELLUNO/BL009
8.45,8.45,e,CANDIOTTO Lorenzo,2000,JM,G.S. FIAMME ORO PADOVA,1 se- 1,Padova,2019-01-13,https://www.fidal.it/atleta/CANDIOTTO-Lorenzo/eKqRkpafbms%3D,https://www.fidal.it/societa/G-S--FIAMME-ORO-PADOVA/PD131
8.46,8.46,e,SOMMACAL Alessio,2001,JM,ATHLETIC CLUB FIREX BELLUNO,1 ba- 2,Udine,2019-01-12,https://www.fidal.it/atleta/SOMMACAL-Alessio/eKmRlJOlbmw%3D,https://www.fidal.it/societa/ATHLETIC-CLUB-FIREX-BELLUNO/BL009
8.46,8.46,e,RAVELLO Emanuele,2000,JM,S.A.F.ATLETICA PIEMONTE A.S.D.,2 ba- 1,Lione,2019-01-19,https://www.fidal.it/atleta/RAVELLO-Emanuele/dK6RlpqmbGQ%3D,https://www.fidal.it/societa/S-A-F-ATLETICA-PIEMONTE-A-S-D-/TO226
8.46,8.46,e,DEL CORONA Michele,2000,JM,ATLETICA LIVORNO,8 sf- 2,Ancona,2019-02-03,https://www.fidal.it/atleta/DEL-CORONA-Michele/faiSkpimaGo%3D,https://www.fidal.it/societa/ATLETICA-LIVORNO/LI036
8.47,8.47,e,FILIPPONE Martino,2001,JM,ATL. IMOLA SACMI AVIS,2 fi- 1,Parma,2019-01-12,https://www.fidal.it/atleta/FILIPPONE-Martino/eqmRkpSnbmQ%3D,https://www.fidal.it/societa/ATL--IMOLA-SACMI-AVIS/BO014
8.48,8.48,e,BORDIGNON Massimiliano,2001,JM,A.S.D. TEAM TREVISO,2 ba- 1,Udine,2019-01-12,https://www.fidal.it/atleta/BORDIGNON-Massimiliano/eKyRkpioams%3D,https://www.fidal.it/societa/A-S-D--TEAM-TREVISO/TV398
8.48,8.48,e,ROVERATO Daniele,2001,JM,ASSOCIAZIONE ATLETICA N.E.VI.,2 se- 1,Padova,2019-01-20,https://www.fidal.it/atleta/ROVERATO-Daniele/eK2Rkpanamk%3D,https://www.fidal.it/societa/ASSOCIAZIONE-ATLETICA-N-E-VI-/VI623
8.48,8.48,e,FILIPPONE Martino,2001,JM,ATL. IMOLA SACMI AVIS,2 fi- 1,Modena,2019-01-26,https://www.fidal.it/atleta/FILIPPONE-Martino/eqmRkpSnbmQ%3D,https://www.fidal.it/societa/ATL--IMOLA-SACMI-AVIS/BO014
8.48,8.48,e,DEL CORONA Michele,2000,JM,ATLETICA LIVORNO,4 ba- 1,Ancona,2019-02-03,https://www.fidal.it/atleta/DEL-CORONA-Michele/faiSkpimaGo%3D,https://www.fidal.it/societa/ATLETICA-LIVORNO/LI036
8.49,8.49,e,ZAMPESE Giacomo,2000,JM,ASSOCIAZIONE ATLETICA N.E.VI.,3 ba- 1,Padova,2019-01-05,https://www.fidal.it/atleta/ZAMPESE-Giacomo/eK6RkpaiaGY%3D,https://www.fidal.it/societa/ASSOCIAZIONE-ATLETICA-N-E-VI-/VI623
8.49,8.49,e,MAIFREDI Oscar,2000,JM,ATL. CHIARI 1964 LIB.,1 ba- 1,Bergamo,2019-01-06,https://www.fidal.it/atleta/MAIFREDI-Oscar/dqqRl5qmbGk%3D,https://www.fidal.it/societa/ATL--CHIARI-1964-LIB-/BS318
8.49,8.49,e,MONGUZZI Alessandro,2000,JM,TEAM-A LOMBARDIA,1 su- 1,Saronno,2019-01-20,https://www.fidal.it/atleta/MONGUZZI-Alessandro/dq2Rk5mjcWo%3D,https://www.fidal.it/societa/TEAM-A-LOMBARDIA/MI774
8.49,8.49,e,SOMMACAL Alessio,2001,JM,ATHLETIC CLUB FIREX BELLUNO,3 se- 1,Padova,2019-01-20,https://www.fidal.it/atleta/SOMMACAL-Alessio/eKmRlJOlbmw%3D,https://www.fidal.it/societa/ATHLETIC-CLUB-FIREX-BELLUNO/BL009
8.5,8.50,e,ARRIUS Alessandro,2001,JM,ATL. O.S.A. SARONNO LIB.,2 fi- 1,Bergamo,2019-01-06,https://www.fidal.it/atleta/ARRIUS-Alessandro/drKRkpiib2M%3D,https://www.fidal.it/societa/ATL--O-S-A--SARONNO-LIB-/VA119
8.5,8.50,e,MONGUZZI Alessandro,2000,JM,TEAM-A LOMBARDIA,2 fi- 1,Saronno,2019-01-12,https://www.fidal.it/atleta/MONGUZZI-Alessandro/dq2Rk5mjcWo%3D,https://www.fidal.it/societa/TEAM-A-LOMBARDIA/MI774
8.51,8.51,e,DEL CORONA Michele,2000,JM,ATLETICA LIVORNO,1 ba- 1,Firenze,2019-01-27,https://www.fidal.it/atleta/DEL-CORONA-Michele/faiSkpimaGo%3D,https://www.fidal.it/societa/ATLETICA-LIVORNO/LI036
8.51,8.51,e,LOLLATO Edoardo,2000,JM,ATL.VICENTINA,2 ba- 3,Ancona,2019-02-03,https://www.fidal.it/atleta/LOLLATO-Edoardo/eK6Rkpijamo%3D,https://www.fidal.it/societa/ATL-VICENTINA/VI626
8.52,8.52,e,SOMMACAL Alessio,2001,JM,ATHLETIC CLUB FIREX BELLUNO,4 ba- 1,Padova,2019-01-05,https://www.fidal.it/atleta/SOMMACAL-Alessio/eKmRlJOlbmw%3D,https://www.fidal.it/societa/ATHLETIC-CLUB-FIREX-BELLUNO/BL009
8.52,8.52,e,BRUNETTI Michele,2001,JM,TRIESTE ATLETICA,2 ba- 2,Udine,2019-01-12,https://www.fidal.it/atleta/BRUNETTI-Michele/eauRkpulbmo%3D,https://www.fidal.it/societa/TRIESTE-ATLETICA/TS044
8.52,8.52,e,FILIPPONE Martino,2001,JM,ATL. IMOLA SACMI AVIS,1 ba- 1,Modena,2019-01-19,https://www.fidal.it/atleta/FILIPPONE-Martino/eqmRkpSnbmQ%3D,https://www.fidal.it/societa/ATL--IMOLA-SACMI-AVIS/BO014
8.52,8.52,e,LOLLATO Edoardo,2000,JM,ATL.VICENTINA,4 sf- 1,Ancona,2019-02-03,https://www.fidal.it/atleta/LOLLATO-Edoardo/eK6Rkpijamo%3D,https://www.fidal.it/societa/ATL-VICENTINA/VI626
8.53,8.53,e,FEDEL Simone,2000,JM,U.S. QUERCIA TRENTINGRANA,2 fi- 1,Modena,2019-01-19,https://www.fidal.it/atleta/FEDEL-Simone/d6iRk5ikaWo%3D,https://www.fidal.it/societa/U-S--QUERCIA-TRENTINGRANA/TN109
8.54,8.54,e,FILIPPONE Martino,2001,JM,ATL. IMOLA SACMI AVIS,2 ba- 1,Parma,2019-01-12,https://www.fidal.it/atleta/FILIPPONE-Martino/eqmRkpSnbmQ%3D,https://www.fidal.it/societa/ATL--IMOLA-SACMI-AVIS/BO014
8.55,8.55,e,ARRIUS Alessandro,2001,JM,ATL. O.S.A. SARONNO LIB.,2 ba- 2,Bergamo,2019-01-06,https://www.fidal.it/atleta/ARRIUS-Alessandro/drKRkpiib2M%3D,https://www.fidal.it/societa/ATL--O-S-A--SARONNO-LIB-/VA119
8.56,8.56,e,LOLLATO Edoardo,2000,JM,ATL.VICENTINA,2 se- 1,Padova,2019-01-13,https://www.fidal.it/atleta/LOLLATO-Edoardo/eK6Rkpijamo%3D,https://www.fidal.it/societa/ATL-VICENTINA/VI626
8.56,8.56,e,ALBANO Federico,2000,JM,ATL. ENDAS  CESENA,1 ba- 1,Ancona,2019-01-19,https://www.fidal.it/atleta/ALBANO-Federico/equRkpOjaGU%3D,https://www.fidal.it/societa/ATL--ENDAS-CESENA/FC049
8.57,8.57,e,PELISSETTI Filippo,2000,JM,S.S. VITTORIO ALFIERI ASTI,1 fi- 1,Aosta,2019-01-19,https://www.fidal.it/atleta/PELISSETTI-Filippo/dKuRk5imbWg%3D,https://www.fidal.it/societa/S-S--VITTORIO-ALFIERI-ASTI/AT001
8.57,8.57,e,BRUNETTI Michele,2001,JM,TRIESTE ATLETICA,2 su- 1,Udine,2019-01-19,https://www.fidal.it/atleta/BRUNETTI-Michele/eauRkpulbmo%3D,https://www.fidal.it/societa/TRIESTE-ATLETICA/TS044
8.57,8.57,e,FILIPPONE Martino,2001,JM,ATL. IMOLA SACMI AVIS,3 fi- 1,Modena,2019-01-19,https://www.fidal.it/atleta/FILIPPONE-Martino/eqmRkpSnbmQ%3D,https://www.fidal.it/societa/ATL--IMOLA-SACMI-AVIS/BO014
8.57,8.57,e,FAYE Seyni simone,2000,JM,ATLETICA COGNE AOSTA,2 ba- 3,Modena,2019-01-26,https://www.fidal.it/atleta/FAYE-Seyni-simone/dKqRkpShcWQ%3D,https://www.fidal.it/societa/ATLETICA-COGNE-AOSTA/AO001
8.58,8.58,e,ARRIUS Alessandro,2001,JM,ATL. O.S.A. SARONNO LIB.,2 su- 1,Saronno,2019-01-20,https://www.fidal.it/atleta/ARRIUS-Alessandro/drKRkpiib2M%3D,https://www.fidal.it/societa/ATL--O-S-A--SARONNO-LIB-/VA119
8.59,8.59,e,COPPO Mirko,2001,JM,CORPOLIBERO ATHLETICS TEAM,3 ba- 3,Ancona,2019-02-03,https://www.fidal.it/atleta/COPPO-Mirko/eKqRkpeobGU%3D,https://www.fidal.it/societa/CORPOLIBERO-ATHLETICS-TEAM/PD197
8.59,8.59,e,BASANA Andrea,2001,JM,LIBERTAS FRIUL PALMANOVA,1 fi- 1,Modena,2019-02-24,https://www.fidal.it/atleta/BASANA-Andrea/eayRk5ajaWk%3D,https://www.fidal.it/societa/LIBERTAS-FRIUL-PALMANOVA/UD018
8.6,8.60,e,CANDIOTTO Lorenzo,2000,JM,G.S. FIAMME ORO PADOVA,3 fi- 1,Padova,2019-01-05,https://www.fidal.it/atleta/CANDIOTTO-Lorenzo/eKqRkpafbms%3D,https://www.fidal.it/societa/G-S--FIAMME-ORO-PADOVA/PD131
8.6,8.60,e,BASANA Andrea,2001,JM,LIBERTAS FRIUL PALMANOVA,3 su- 1,Udine,2019-01-19,https://www.fidal.it/atleta/BASANA-Andrea/eayRk5ajaWk%3D,https://www.fidal.it/societa/LIBERTAS-FRIUL-PALMANOVA/UD018
8.6,8.60,e,LOLLATO Edoardo,2000,JM,ATL.VICENTINA,4 se- 1,Padova,2019-01-20,https://www.fidal.it/atleta/LOLLATO-Edoardo/eK6Rkpijamo%3D,https://www.fidal.it/societa/ATL-VICENTINA/VI626
8.61,8.61,e,FAYE Seyni simone,2000,JM,ATLETICA COGNE AOSTA,3 fi- 1,Modena,2019-01-26,https://www.fidal.it/atleta/FAYE-Seyni-simone/dKqRkpShcWQ%3D,https://www.fidal.it/societa/ATLETICA-COGNE-AOSTA/AO001
8.61,8.61,e,ARRIUS Alessandro,2001,JM,ATL. O.S.A. SARONNO LIB.,5 ba- 1,Ancona,2019-02-03,https://www.fidal.it/atleta/ARRIUS-Alessandro/drKRkpiib2M%3D,https://www.fidal.it/societa/ATL--O-S-A--SARONNO-LIB-/VA119
8.62,8.62,e,GOHO DISEYSSON Junior trevor,2001,JM,ATL. LECCO-COLOMBO COSTRUZ.,3 ba- 2,Bergamo,2019-01-06,https://www.fidal.it/atleta/GOHO-DISEYSSON-Junior-trevor/dquRk5mmaWM%3D,https://www.fidal.it/societa/ATL--LECCO-COLOMBO-COSTRUZ-/CO208
8.62,8.62,e,SFENOPO Pietro,2001,JM,ATL.  CENTO TORRI PAVIA,1 ba- 1,Saronno,2019-02-02,https://www.fidal.it/atleta/SFENOPO-Pietro/dqAAARl5OlaWQ%3D,https://www.fidal.it/societa/ATL--CENTO-TORRI-PAVIA/PV110
8.63,8.63,e,FILIPPONE Martino,2001,JM,ATL. IMOLA SACMI AVIS,1 fi- 1,Ancona,2019-01-06,https://www.fidal.it/atleta/FILIPPONE-Martino/eqmRkpSnbmQ%3D,https://www.fidal.it/societa/ATL--IMOLA-SACMI-AVIS/BO014
8.63,8.63,e,MONGUZZI Alessandro,2000,JM,TEAM-A LOMBARDIA,1 ba- 2,Modena,2019-01-26,https://www.fidal.it/atleta/MONGUZZI-Alessandro/dq2Rk5mjcWo%3D,https://www.fidal.it/societa/TEAM-A-LOMBARDIA/MI774
8.63,8.63,e,BASANA Andrea,2001,JM,LIBERTAS FRIUL PALMANOVA,2 su- 1,Udine,2019-01-26,https://www.fidal.it/atleta/BASANA-Andrea/eayRk5ajaWk%3D,https://www.fidal.it/societa/LIBERTAS-FRIUL-PALMANOVA/UD018
8.63,8.63,e,RAVELLO Emanuele,2000,JM,S.A.F.ATLETICA PIEMONTE A.S.D.,4 ba- 3,Ancona,2019-02-03,https://www.fidal.it/atleta/RAVELLO-Emanuele/dK6RlpqmbGQ%3D,https://www.fidal.it/societa/S-A-F-ATLETICA-PIEMONTE-A-S-D-/TO226
8.63,8.63,e,ROMANO' Tommaso,2000,JM,ATL. RICCARDI MILANO 1946,6 ba- 1,Ancona,2019-02-03,https://www.fidal.it/atleta/ROMANO-Tommaso/dq2RmJeobGo%3D,https://www.fidal.it/societa/ATL--RICCARDI-MILANO-1946/MI080
8.63,8.63,e,CITTERIO Paolo,1975,SM40,DAINI CARATE BRIANZA,3 fi- 1,Torun,2019-03-29,https://www.fidal.it/atleta/CITTERIO-Paolo/dq2RkpOmcWs%3D,https://www.fidal.it/societa/DAINI-CARATE-BRIANZA/MI095
8.64,8.64,e,COPPO Mirko,2001,JM,CORPOLIBERO ATHLETICS TEAM,3 su- 1,Udine,2019-01-26,https://www.fidal.it/atleta/COPPO-Mirko/eKqRkpeobGU%3D,https://www.fidal.it/societa/CORPOLIBERO-ATHLETICS-TEAM/PD197
8.64,8.64,e,ARRIUS Alessandro,2001,JM,ATL. O.S.A. SARONNO LIB.,3 se- 3,Padova,2019-01-27,https://www.fidal.it/atleta/ARRIUS-Alessandro/drKRkpiib2M%3D,https://www.fidal.it/societa/ATL--O-S-A--SARONNO-LIB-/VA119
8.64,8.64,e,SFENOPO Pietro,2001,JM,ATL.  CENTO TORRI PAVIA,1 fi- 1,Saronno,2019-02-02,https://www.fidal.it/atleta/SFENOPO-Pietro/dqAAARl5OlaWQ%3D,https://www.fidal.it/societa/ATL--CENTO-TORRI-PAVIA/PV110
8.64,8.64,e,ARRIUS Alessandro,2001,JM,ATL. O.S.A. SARONNO LIB.,5 sf- 1,Ancona,2019-02-03,https://www.fidal.it/atleta/ARRIUS-Alessandro/drKRkpiib2M%3D,https://www.fidal.it/societa/ATL--O-S-A--SARONNO-LIB-/VA119
8.66,8.66,e,FILIPPONE Martino,2001,JM,ATL. IMOLA SACMI AVIS,5 ba- 3,Ancona,2019-02-03,https://www.fidal.it/atleta/FILIPPONE-Martino/eqmRkpSnbmQ%3D,https://www.fidal.it/societa/ATL--IMOLA-SACMI-AVIS/BO014
8.67,8.67,e,MAIFREDI Oscar,2000,JM,ATL. CHIARI 1964 LIB.,3 fi- 1,Bergamo,2019-01-06,https://www.fidal.it/atleta/MAIFREDI-Oscar/dqqRl5qmbGk%3D,https://www.fidal.it/societa/ATL--CHIARI-1964-LIB-/BS318
8.67,8.67,e,BASANA Andrea,2001,JM,LIBERTAS FRIUL PALMANOVA,1 ba- 2,Modena,2019-02-24,https://www.fidal.it/atleta/BASANA-Andrea/eayRk5ajaWk%3D,https://www.fidal.it/societa/LIBERTAS-FRIUL-PALMANOVA/UD018
8.67,8.67,e,ANDREOLI Marco,2001,JM,ASD ATLETICA SPEZIA DUFERCO,2 fi- 1,Modena,2019-02-24,https://www.fidal.it/atleta/ANDREOLI-Marco/dauRkpSiaGg%3D,https://www.fidal.it/societa/ASD-ATLETICA-SPEZIA-DUFERCO/SP573
8.68,8.68,e,ROMANO' Tommaso,2000,JM,ATL. RICCARDI MILANO 1946,3 fi- 1,Saronno,2019-01-12,https://www.fidal.it/atleta/ROMANO-Tommaso/dq2RmJeobGo%3D,https://www.fidal.it/societa/ATL--RICCARDI-MILANO-1946/MI080
8.68,8.68,e,RAVELLO Emanuele,2000,JM,S.A.F.ATLETICA PIEMONTE A.S.D.,1 fi- 1,Aosta,2019-01-13,https://www.fidal.it/atleta/RAVELLO-Emanuele/dK6RlpqmbGQ%3D,https://www.fidal.it/societa/S-A-F-ATLETICA-PIEMONTE-A-S-D-/TO226
8.68,8.68,e,ANDREOLI Marco,2001,JM,ASD ATLETICA SPEZIA DUFERCO,6 ba- 3,Ancona,2019-02-03,https://www.fidal.it/atleta/ANDREOLI-Marco/dauRkpSiaGg%3D,https://www.fidal.it/societa/ASD-ATLETICA-SPEZIA-DUFERCO/SP573
8.69,8.69,e,AGOSTINI Federico,2001,JM,ASA ASCOLI PICENO,2 fi- 1,Ancona,2019-01-06,https://www.fidal.it/atleta/AGOSTINI-Federico/e6qRkpOia2w%3D,https://www.fidal.it/societa/ASA-ASCOLI-PICENO/AP005
8.69,8.69,e,MONGUZZI Alessandro,2000,JM,TEAM-A LOMBARDIA,2 ba- 1,Saronno,2019-01-12,https://www.fidal.it/atleta/MONGUZZI-Alessandro/dq2Rk5mjcWo%3D,https://www.fidal.it/societa/TEAM-A-LOMBARDIA/MI774
8.69,8.69,e,RAVELLO Emanuele,2000,JM,S.A.F.ATLETICA PIEMONTE A.S.D.,1 ba- 1,Aosta,2019-01-13,https://www.fidal.it/atleta/RAVELLO-Emanuele/dK6RlpqmbGQ%3D,https://www.fidal.it/societa/S-A-F-ATLETICA-PIEMONTE-A-S-D-/TO226
8.7,8.70,e,PELISSETTI Filippo,2000,JM,S.S. VITTORIO ALFIERI ASTI,1 fi- 1,Bra,2019-01-12,https://www.fidal.it/atleta/PELISSETTI-Filippo/dKuRk5imbWg%3D,https://www.fidal.it/societa/S-S--VITTORIO-ALFIERI-ASTI/AT001
8.7,8.70,e,FEDEL Simone,2000,JM,U.S. QUERCIA TRENTINGRANA,2 ba- 2,Modena,2019-01-19,https://www.fidal.it/atleta/FEDEL-Simone/d6iRk5ikaWo%3D,https://www.fidal.it/societa/U-S--QUERCIA-TRENTINGRANA/TN109
8.7,8.70,e,PELISSETTI Filippo,2000,JM,S.S. VITTORIO ALFIERI ASTI,4 ba- 4,Ancona,2019-02-03,https://www.fidal.it/atleta/PELISSETTI-Filippo/dKuRk5imbWg%3D,https://www.fidal.it/societa/S-S--VITTORIO-ALFIERI-ASTI/AT001
8.71,8.71,e,GOHO DISEYSSON Junior trevor,2001,JM,ATL. LECCO-COLOMBO COSTRUZ.,4 fi- 1,Bergamo,2019-01-06,https://www.fidal.it/atleta/GOHO-DISEYSSON-Junior-trevor/dquRk5mmaWM%3D,https://www.fidal.it/societa/ATL--LECCO-COLOMBO-COSTRUZ-/CO208
8.71,8.71,e,ZAMPESE Giacomo,2000,JM,ASSOCIAZIONE ATLETICA N.E.VI.,7 ba- 3,Ancona,2019-02-03,https://www.fidal.it/atleta/ZAMPESE-Giacomo/eK6RkpaiaGY%3D,https://www.fidal.it/societa/ASSOCIAZIONE-ATLETICA-N-E-VI-/VI623
8.74,8.74,e,ZAMPESE Giacomo,2000,JM,ASSOCIAZIONE ATLETICA N.E.VI.,4 fi- 1,Padova,2019-01-05,https://www.fidal.it/atleta/ZAMPESE-Giacomo/eK6RkpaiaGY%3D,https://www.fidal.it/societa/ASSOCIAZIONE-ATLETICA-N-E-VI-/VI623
8.74,8.74,e,REOLON Vittorio,2001,JM,ATHLETIC CLUB FIREX BELLUNO,5 se- 1,Padova,2019-01-20,https://www.fidal.it/atleta/REOLON-Vittorio/eKmRlJafbWk%3D,https://www.fidal.it/societa/ATHLETIC-CLUB-FIREX-BELLUNO/BL009
8.75,8.75,e,ROMANO' Tommaso,2000,JM,ATL. RICCARDI MILANO 1946,2 ba- 1,Bergamo,2019-01-06,https://www.fidal.it/atleta/ROMANO-Tommaso/dq2RmJeobGo%3D,https://www.fidal.it/societa/ATL--RICCARDI-MILANO-1946/MI080
8.75,8.75,e,BASANA Andrea,2001,JM,LIBERTAS FRIUL PALMANOVA,3 ba- 2,Udine,2019-01-12,https://www.fidal.it/atleta/BASANA-Andrea/eayRk5ajaWk%3D,https://www.fidal.it/societa/LIBERTAS-FRIUL-PALMANOVA/UD018
8.77,8.77,e,PELISSETTI Filippo,2000,JM,S.S. VITTORIO ALFIERI ASTI,1 ba- 1,Bra,2019-01-12,https://www.fidal.it/atleta/PELISSETTI-Filippo/dKuRk5imbWg%3D,https://www.fidal.it/societa/S-S--VITTORIO-ALFIERI-ASTI/AT001
8.77,8.77,e,REOLON Vittorio,2001,JM,ATHLETIC CLUB FIREX BELLUNO,4 fi- 1,Udine,2019-01-12,https://www.fidal.it/atleta/REOLON-Vittorio/eKmRlJafbWk%3D,https://www.fidal.it/societa/ATHLETIC-CLUB-FIREX-BELLUNO/BL009
8.77,8.77,e,PELISSETTI Filippo,2000,JM,S.S. VITTORIO ALFIERI ASTI,1 ba- 1,Aosta,2019-01-19,https://www.fidal.it/atleta/PELISSETTI-Filippo/dKuRk5imbWg%3D,https://www.fidal.it/societa/S-S--VITTORIO-ALFIERI-ASTI/AT001
8.77,8.77,e,RONZONI Simone,2000,JM,U.S. OLIMPIA BERGAMO,4 se- 3,Padova,2019-01-27,https://www.fidal.it/atleta/RONZONI-Simone/dqmRl5mla2w%3D,https://www.fidal.it/societa/U-S--OLIMPIA-BERGAMO/BG138
8.77,8.77,e,BASANA Andrea,2001,JM,LIBERTAS FRIUL PALMANOVA,6 ba- 2,Ancona,2019-02-03,https://www.fidal.it/atleta/BASANA-Andrea/eayRk5ajaWk%3D,https://www.fidal.it/societa/LIBERTAS-FRIUL-PALMANOVA/UD018
8.77,8.77,e,CITTERIO Paolo,1975,SM40,DAINI CARATE BRIANZA,1 se- 9,Ancona,2019-02-22,https://www.fidal.it/atleta/CITTERIO-Paolo/dq2RkpOmcWs%3D,https://www.fidal.it/societa/DAINI-CARATE-BRIANZA/MI095
8.77,8.77,e,ANDREOLI Marco,2001,JM,ASD ATLETICA SPEZIA DUFERCO,2 ba- 1,Modena,2019-02-24,https://www.fidal.it/atleta/ANDREOLI-Marco/dauRkpSiaGg%3D,https://www.fidal.it/societa/ASD-ATLETICA-SPEZIA-DUFERCO/SP573
8.78,8.78,e,ROMANO' Tommaso,2000,JM,ATL. RICCARDI MILANO 1946,5 fi- 1,Bergamo,2019-01-06,https://www.fidal.it/atleta/ROMANO-Tommaso/dq2RmJeobGo%3D,https://www.fidal.it/societa/ATL--RICCARDI-MILANO-1946/MI080
8.78,8.78,e,BASANA Andrea,2001,JM,LIBERTAS FRIUL PALMANOVA,5 fi- 1,Udine,2019-01-12,https://www.fidal.it/atleta/BASANA-Andrea/eayRk5ajaWk%3D,https://www.fidal.it/societa/LIBERTAS-FRIUL-PALMANOVA/UD018
8.78,8.78,e,MANFREDI Alessio,2001,JM,ATLETICA ARCOBALENO SAVONA,2 ba- 1,Modena,2019-01-26,https://www.fidal.it/atleta/MANFREDI-Alessio/dayRkpWgaWM%3D,https://www.fidal.it/societa/ATLETICA-ARCOBALENO-SAVONA/SV070
8.78,8.78,e,CITTERIO Paolo,1975,SM40,DAINI CARATE BRIANZA,1 su- 1,Ancona,2019-02-23,https://www.fidal.it/atleta/CITTERIO-Paolo/dq2RkpOmcWs%3D,https://www.fidal.it/societa/DAINI-CARATE-BRIANZA/MI095
8.78,8.78,e,CITTERIO Paolo,1975,SM40,DAINI CARATE BRIANZA,3 sf- 1,Torun,2019-03-29,https://www.fidal.it/atleta/CITTERIO-Paolo/dq2RkpOmcWs%3D,https://www.fidal.it/societa/DAINI-CARATE-BRIANZA/MI095
8.79,8.79,e,GNOCCHI Edoardo,2001,JM,N.ATL. FANFULLA LODIGIANA,4 fi- 1,Modena,2019-01-26,https://www.fidal.it/atleta/GNOCCHI-Edoardo/drKRkpugb2c%3D,https://www.fidal.it/societa/N-ATL--FANFULLA-LODIGIANA/MI218
8.8,8.80,e,PIGANI Pietro,2001,JM,ATLETICA MALIGNANI LIBERTAS UD,4 su- 1,Udine,2019-01-19,https://www.fidal.it/atleta/PIGANI-Pietro/eayRk5alaGo%3D,https://www.fidal.it/societa/ATLETICA-MALIGNANI-LIBERTAS-UD/UD030
8.8,8.80,e,CONTE Francesco,2001,JM,ATL.AM. CISTERNINO ECOLSERVIZI,1 ba- 1,Ancona,2019-01-27,https://www.fidal.it/atleta/CONTE-Francesco/hK2RkpOlbmw%3D,https://www.fidal.it/societa/ATL-AM--CISTERNINO-ECOLSERVIZI/BR104
8.81,8.81,e,FAYE Seyni simone,2000,JM,ATLETICA COGNE AOSTA,3 ba- 1,Bergamo,2019-01-06,https://www.fidal.it/atleta/FAYE-Seyni-simone/dKqRkpShcWQ%3D,https://www.fidal.it/societa/ATLETICA-COGNE-AOSTA/AO001
8.81,8.81,e,ROMANO' Tommaso,2000,JM,ATL. RICCARDI MILANO 1946,3 ba- 1,Saronno,2019-01-12,https://www.fidal.it/atleta/ROMANO-Tommaso/dq2RmJeobGo%3D,https://www.fidal.it/societa/ATL--RICCARDI-MILANO-1946/MI080
8.81,8.81,e,GNOCCHI Edoardo,2001,JM,N.ATL. FANFULLA LODIGIANA,4 fi- 1,Saronno,2019-01-12,https://www.fidal.it/atleta/GNOCCHI-Edoardo/drKRkpugb2c%3D,https://www.fidal.it/societa/N-ATL--FANFULLA-LODIGIANA/MI218
8.81,8.81,e,CONTE Francesco,2001,JM,ATL.AM. CISTERNINO ECOLSERVIZI,1 fi- 1,Ancona,2019-01-27,https://www.fidal.it/atleta/CONTE-Francesco/hK2RkpOlbmw%3D,https://www.fidal.it/societa/ATL-AM--CISTERNINO-ECOLSERVIZI/BR104
8.82,8.82,e,MANFREDI Alessio,2001,JM,ATLETICA ARCOBALENO SAVONA,2 ba- 1,Bra,2019-01-12,https://www.fidal.it/atleta/MANFREDI-Alessio/dayRkpWgaWM%3D,https://www.fidal.it/societa/ATLETICA-ARCOBALENO-SAVONA/SV070
8.83,8.83,e,ANDREOLI Marco,2001,JM,ASD ATLETICA SPEZIA DUFERCO,1 se- 2,Padova,2019-01-20,https://www.fidal.it/atleta/ANDREOLI-Marco/dauRkpSiaGg%3D,https://www.fidal.it/societa/ASD-ATLETICA-SPEZIA-DUFERCO/SP573
8.83,8.83,e,GNOCCHI Edoardo,2001,JM,N.ATL. FANFULLA LODIGIANA,2 ba- 2,Modena,2019-01-26,https://www.fidal.it/atleta/GNOCCHI-Edoardo/drKRkpugb2c%3D,https://www.fidal.it/societa/N-ATL--FANFULLA-LODIGIANA/MI218
8.84,8.84,e,BIANCHI Alvise,2001,JM,ATL.BIOTEKNA MARCON,1 se- 2,Padova,2019-01-27,https://www.fidal.it/atleta/BIANCHI-Alvise/eK2RkpWgaWU%3D,https://www.fidal.it/societa/ATL-BIOTEKNA-MARCON/VE471
8.85,8.85,e,REOLON Vittorio,2001,JM,ATHLETIC CLUB FIREX BELLUNO,4 ba- 2,Udine,2019-01-12,https://www.fidal.it/atleta/REOLON-Vittorio/eKmRlJafbWk%3D,https://www.fidal.it/societa/ATHLETIC-CLUB-FIREX-BELLUNO/BL009
8.85,8.85,e,SOMMARUGA Paolo,2001,JM,VARESE ATLETICA A.S.D.,2 se- 2,Padova,2019-01-20,https://www.fidal.it/atleta/SOMMARUGA-Paolo/drKRkpqhbGQ%3D,https://www.fidal.it/societa/VARESE-ATLETICA-A-S-D-/VA918
8.85,8.85,e,IELLICI Thomas,2000,JM,ATHLETIC CLUB 96 ALPERIA,3 fi- 1,Modena,2019-02-24,https://www.fidal.it/atleta/IELLICI-Thomas/iaiRk5Shamk%3D,https://www.fidal.it/societa/ATHLETIC-CLUB-96-ALPERIA/BZ066
8.86,8.86,e,GNOCCHI Edoardo,2001,JM,N.ATL. FANFULLA LODIGIANA,2 ba- 2,Saronno,2019-01-12,https://www.fidal.it/atleta/GNOCCHI-Edoardo/drKRkpugb2c%3D,https://www.fidal.it/societa/N-ATL--FANFULLA-LODIGIANA/MI218
8.86,8.86,e,GIANELLONI Leonardo,2001,JM,A.S. ATLETICA SARZANA,2 ba- 1,Modena,2019-01-19,https://www.fidal.it/atleta/GIANELLONI-Leonardo/dauRkpSjaWg%3D,https://www.fidal.it/societa/A-S--ATLETICA-SARZANA/SP042
8.86,8.86,e,CONTE Francesco,2001,JM,ATL.AM. CISTERNINO ECOLSERVIZI,2 fi- 1,Ancona,2019-01-19,https://www.fidal.it/atleta/CONTE-Francesco/hK2RkpOlbmw%3D,https://www.fidal.it/societa/ATL-AM--CISTERNINO-ECOLSERVIZI/BR104
8.86,8.86,e,MODUGNO Lorenzo,2000,JM,POLISPORTIVA TRIVENETO TRIESTE,5 su- 1,Udine,2019-01-19,https://www.fidal.it/atleta/MODUGNO-Lorenzo/eauRkpuha2g%3D,https://www.fidal.it/societa/POLISPORTIVA-TRIVENETO-TRIESTE/TS099
8.88,8.88,e,MANFREDI Alessio,2001,JM,ATLETICA ARCOBALENO SAVONA,2 fi- 1,Bra,2019-01-12,https://www.fidal.it/atleta/MANFREDI-Alessio/dayRkpWgaWM%3D,https://www.fidal.it/societa/ATLETICA-ARCOBALENO-SAVONA/SV070
8.88,8.88,e,VEDOVATO Francesco,2001,JM,TOSCANA ATLETICA FUTURA,4 fi- 1,Modena,2019-01-19,https://www.fidal.it/atleta/VEDOVATO-Francesco/faqRkpKka2w%3D,https://www.fidal.it/societa/TOSCANA-ATLETICA-FUTURA/FI018
8.89,8.89,e,IELLICI Thomas,2000,JM,ATHLETIC CLUB 96 ALPERIA,4 ba- 1,Bergamo,2019-01-06,https://www.fidal.it/atleta/IELLICI-Thomas/iaiRk5Shamk%3D,https://www.fidal.it/societa/ATHLETIC-CLUB-96-ALPERIA/BZ066
8.89,8.89,e,GNOCCHI Edoardo,2001,JM,N.ATL. FANFULLA LODIGIANA,3 ba- 1,Modena,2019-01-19,https://www.fidal.it/atleta/GNOCCHI-Edoardo/drKRkpugb2c%3D,https://www.fidal.it/societa/N-ATL--FANFULLA-LODIGIANA/MI218
8.89,8.89,e,COPPO Mirko,2001,JM,CORPOLIBERO ATHLETICS TEAM,6 se- 1,Padova,2019-01-20,https://www.fidal.it/atleta/COPPO-Mirko/eKqRkpeobGU%3D,https://www.fidal.it/societa/CORPOLIBERO-ATHLETICS-TEAM/PD197
8.89,8.89,e,PIGANI Pietro,2001,JM,ATLETICA MALIGNANI LIBERTAS UD,4 fi- 1,Modena,2019-02-24,https://www.fidal.it/atleta/PIGANI-Pietro/eayRk5alaGo%3D,https://www.fidal.it/societa/ATLETICA-MALIGNANI-LIBERTAS-UD/UD030
8.9,8.90,e,MANFREDI Alessio,2001,JM,ATLETICA ARCOBALENO SAVONA,5 fi- 1,Modena,2019-01-26,https://www.fidal.it/atleta/MANFREDI-Alessio/dayRkpWgaWM%3D,https://www.fidal.it/societa/ATLETICA-ARCOBALENO-SAVONA/SV070
8.92,8.92,e,VEDOVATO Francesco,2001,JM,TOSCANA ATLETICA FUTURA,3 ba- 2,Modena,2019-01-19,https://www.fidal.it/atleta/VEDOVATO-Francesco/faqRkpKka2w%3D,https://www.fidal.it/societa/TOSCANA-ATLETICA-FUTURA/FI018
8.92,8.92,e,GNOCCHI Edoardo,2001,JM,N.ATL. FANFULLA LODIGIANA,5 fi- 1,Modena,2019-01-19,https://www.fidal.it/atleta/GNOCCHI-Edoardo/drKRkpugb2c%3D,https://www.fidal.it/societa/N-ATL--FANFULLA-LODIGIANA/MI218
8.93,8.93,e,MODUGNO Lorenzo,2000,JM,POLISPORTIVA TRIVENETO TRIESTE,3 se- 1,Padova,2019-01-13,https://www.fidal.it/atleta/MODUGNO-Lorenzo/eauRkpuha2g%3D,https://www.fidal.it/societa/POLISPORTIVA-TRIVENETO-TRIESTE/TS099
8.93,8.93,e,MANFREDI Alessio,2001,JM,ATLETICA ARCOBALENO SAVONA,2 fi- 1,Aosta,2019-01-19,https://www.fidal.it/atleta/MANFREDI-Alessio/dayRkpWgaWM%3D,https://www.fidal.it/societa/ATLETICA-ARCOBALENO-SAVONA/SV070
8.93,8.93,e,IELLICI Thomas,2000,JM,ATHLETIC CLUB 96 ALPERIA,4 ba- 1,Modena,2019-01-19,https://www.fidal.it/atleta/IELLICI-Thomas/iaiRk5Shamk%3D,https://www.fidal.it/societa/ATHLETIC-CLUB-96-ALPERIA/BZ066
8.93,8.93,e,VEDOVATO Francesco,2001,JM,TOSCANA ATLETICA FUTURA,7 ba- 1,Ancona,2019-02-03,https://www.fidal.it/atleta/VEDOVATO-Francesco/faqRkpKka2w%3D,https://www.fidal.it/societa/TOSCANA-ATLETICA-FUTURA/FI018
8.93,8.93,e,MARIN Cristian,1973,SM45,ATLETICA RIVIERA DEL BRENTA,2 su- 1,Ancona,2019-02-23,https://www.fidal.it/atleta/MARIN-Cristian/eK2RkpmjaWQ%3D,https://www.fidal.it/societa/ATLETICA-RIVIERA-DEL-BRENTA/VE473
8.94,8.94,e,PIGANI Pietro,2001,JM,ATLETICA MALIGNANI LIBERTAS UD,4 su- 1,Udine,2019-01-26,https://www.fidal.it/atleta/PIGANI-Pietro/eayRk5alaGo%3D,https://www.fidal.it/societa/ATLETICA-MALIGNANI-LIBERTAS-UD/UD030
8.95,8.95,e,LETTIERI Luigi,2001,JM,A.S.D. ATL. AGROPOLI,1 su- 1,Ancona,2019-01-06,https://www.fidal.it/atleta/LETTIERI-Luigi/gKyRkpmgamw%3D,https://www.fidal.it/societa/A-S-D--ATL--AGROPOLI/SA128
8.95,8.95,e,DIOP Mory,2001,JM,ATL. LECCO-COLOMBO COSTRUZ.,4 ba- 2,Bergamo,2019-01-06,https://www.fidal.it/atleta/DIOP-Mory/dquRk5mobmY%3D,https://www.fidal.it/societa/ATL--LECCO-COLOMBO-COSTRUZ-/CO208
8.95,8.95,e,GIANELLONI Leonardo,2001,JM,A.S. ATLETICA SARZANA,3 ba- 1,Parma,2019-01-12,https://www.fidal.it/atleta/GIANELLONI-Leonardo/dauRkpSjaWg%3D,https://www.fidal.it/societa/A-S--ATLETICA-SARZANA/SP042
8.95,8.95,e,VEDOVATO Francesco,2001,JM,TOSCANA ATLETICA FUTURA,1 su- 1,Firenze,2019-02-10,https://www.fidal.it/atleta/VEDOVATO-Francesco/faqRkpKka2w%3D,https://www.fidal.it/societa/TOSCANA-ATLETICA-FUTURA/FI018
8.95,8.95,e,IELLICI Thomas,2000,JM,ATHLETIC CLUB 96 ALPERIA,3 ba- 1,Modena,2019-02-24,https://www.fidal.it/atleta/IELLICI-Thomas/iaiRk5Shamk%3D,https://www.fidal.it/societa/ATHLETIC-CLUB-96-ALPERIA/BZ066
8.97,8.97,e,OLIVIERI Luca,2001,JM,ATL. RIGOLETTO,4 ba- 1,Parma,2019-01-12,https://www.fidal.it/atleta/OLIVIERI-Luca/dq6RkpOoaWw%3D,https://www.fidal.it/societa/ATL--RIGOLETTO/MN406
8.98,8.98,e,GIANELLONI Leonardo,2001,JM,A.S. ATLETICA SARZANA,3 fi- 1,Parma,2019-01-12,https://www.fidal.it/atleta/GIANELLONI-Leonardo/dauRkpSjaWg%3D,https://www.fidal.it/societa/A-S--ATLETICA-SARZANA/SP042
8.98,8.98,e,PARLAGRECO Samuele,2001,JM,POL. LIBERTAS PORCIA,6 su- 1,Udine,2019-01-19,https://www.fidal.it/atleta/PARLAGRECO-Samuele/eaqRk5KjcGs%3D,https://www.fidal.it/societa/POL--LIBERTAS-PORCIA/PN028
8.98,8.98,e,BADIN Giorgio,1971,SM45,A.S.D. ATLETICA MASTER TRIESTE,3 sf- 3,Torun,2019-03-29,https://www.fidal.it/atleta/BADIN-Giorgio/eauRk5OjbWY%3D,https://www.fidal.it/societa/A-S-D--ATLETICA-MASTER-TRIESTE/TS546
8.99,8.99,e,SANTAMBROGIO Mirko,2001,JM,TEAM-A LOMBARDIA,2 se- 2,Padova,2019-01-27,https://www.fidal.it/atleta/SANTAMBROGIO-Mirko/dq2RlJmlaWc%3D,https://www.fidal.it/societa/TEAM-A-LOMBARDIA/MI774
8.99,8.99,e,OMAR Abdul majeed,2001,JM,ATLETICA FIRENZE MARATHON S.S.,5 fi- 1,Modena,2019-02-24,https://www.fidal.it/atleta/OMAR-Abdul-majeed/faqRkpugcGs%3D,https://www.fidal.it/societa/ATLETICA-FIRENZE-MARATHON-S-S-/FI002
9.0,9.00,e,IELLICI Thomas,2000,JM,ATHLETIC CLUB 96 ALPERIA,2 se- 1,Muenchen,2019-03-10,https://www.fidal.it/atleta/IELLICI-Thomas/iaiRk5Shamk%3D,https://www.fidal.it/societa/ATHLETIC-CLUB-96-ALPERIA/BZ066
9.01,9.01,e,MANFREDI Alessio,2001,JM,ATLETICA ARCOBALENO SAVONA,2 ba- 1,Aosta,2019-01-19,https://www.fidal.it/atleta/MANFREDI-Alessio/dayRkpWgaWM%3D,https://www.fidal.it/societa/ATLETICA-ARCOBALENO-SAVONA/SV070
9.01,9.01,e,OMAR Abdul majeed,2001,JM,ATLETICA FIRENZE MARATHON S.S.,2 ba- 2,Modena,2019-02-24,https://www.fidal.it/atleta/OMAR-Abdul-majeed/faqRkpugcGs%3D,https://www.fidal.it/societa/ATLETICA-FIRENZE-MARATHON-S-S-/FI002
9.02,9.02,e,PARLAGRECO Samuele,2001,JM,POL. LIBERTAS PORCIA,3 ba- 1,Udine,2019-01-12,https://www.fidal.it/atleta/PARLAGRECO-Samuele/eaqRk5KjcGs%3D,https://www.fidal.it/societa/POL--LIBERTAS-PORCIA/PN028
9.02,9.02,e,VAGO Andrea,2001,JM,TEAM-A LOMBARDIA,3 ba- 1,Bergamo,2019-01-20,https://www.fidal.it/atleta/VAGO-Andrea/dq2RlZeicGw%3D,https://www.fidal.it/societa/TEAM-A-LOMBARDIA/MI774
9.02,9.02,e,VAGO Andrea,2001,JM,TEAM-A LOMBARDIA,5 se- 3,Padova,2019-01-27,https://www.fidal.it/atleta/VAGO-Andrea/dq2RlZeicGw%3D,https://www.fidal.it/societa/TEAM-A-LOMBARDIA/MI774
9.03,9.03,e,VAGO Andrea,2001,JM,TEAM-A LOMBARDIA,1 ba- 3,Bergamo,2019-01-06,https://www.fidal.it/atleta/VAGO-Andrea/dq2RlZeicGw%3D,https://www.fidal.it/societa/TEAM-A-LOMBARDIA/MI774
9.03,9.03,e,PARLAGRECO Samuele,2001,JM,POL. LIBERTAS PORCIA,6 fi- 1,Udine,2019-01-12,https://www.fidal.it/atleta/PARLAGRECO-Samuele/eaqRk5KjcGs%3D,https://www.fidal.it/societa/POL--LIBERTAS-PORCIA/PN028
9.03,9.03,e,PIGANI Pietro,2001,JM,ATLETICA MALIGNANI LIBERTAS UD,6 fi- 1,Udine,2019-01-12,https://www.fidal.it/atleta/PIGANI-Pietro/eayRk5alaGo%3D,https://www.fidal.it/societa/ATLETICA-MALIGNANI-LIBERTAS-UD/UD030
9.03,9.03,e,PASSARINI Chandra,2000,JM,A.S.D. PONTEVECCHIO BOLOGNA,3 ba- 3,Modena,2019-01-26,https://www.fidal.it/atleta/PASSARINI-Chandra/eqmRkpOlbGo%3D,https://www.fidal.it/societa/A-S-D--PONTEVECCHIO-BOLOGNA/BO506
9.03,9.03,e,MODUGNO Lorenzo,2000,JM,POLISPORTIVA TRIVENETO TRIESTE,6 se- 3,Padova,2019-01-27,https://www.fidal.it/atleta/MODUGNO-Lorenzo/eauRkpuha2g%3D,https://www.fidal.it/societa/POLISPORTIVA-TRIVENETO-TRIESTE/TS099
9.04,9.04,e,CACCINI Alessandro,2001,JM,COLLECTION ATLETICA SAMBENEDET,2 su- 1,Ancona,2019-01-06,https://www.fidal.it/atleta/CACCINI-Alessandro/e6qRkpOnaGQ%3D,https://www.fidal.it/societa/COLLECTION-ATLETICA-SAMBENEDET/AP034
9.04,9.04,e,SANTAMBROGIO Mirko,2001,JM,TEAM-A LOMBARDIA,1 se- 2,Bergamo,2019-01-13,https://www.fidal.it/atleta/SANTAMBROGIO-Mirko/dq2RlJmlaWc%3D,https://www.fidal.it/societa/TEAM-A-LOMBARDIA/MI774
9.04,9.04,e,SANTAMBROGIO Mirko,2001,JM,TEAM-A LOMBARDIA,1 ba- 2,Bergamo,2019-01-20,https://www.fidal.it/atleta/SANTAMBROGIO-Mirko/dq2RlJmlaWc%3D,https://www.fidal.it/societa/TEAM-A-LOMBARDIA/MI774
9.04,9.04,e,PASSARINI Chandra,2000,JM,A.S.D. PONTEVECCHIO BOLOGNA,1 fi- 1,Modena,2019-02-03,https://www.fidal.it/atleta/PASSARINI-Chandra/eqmRkpOlbGo%3D,https://www.fidal.it/societa/A-S-D--PONTEVECCHIO-BOLOGNA/BO506
9.04,9.04,e,BADIN Giorgio,1971,SM45,A.S.D. ATLETICA MASTER TRIESTE,5 fi- 1,Torun,2019-03-29,https://www.fidal.it/atleta/BADIN-Giorgio/eauRk5OjbWY%3D,https://www.fidal.it/societa/A-S-D--ATLETICA-MASTER-TRIESTE/TS546
9.05,9.05,e,SANTAMBROGIO Mirko,2001,JM,TEAM-A LOMBARDIA,2 ba- 3,Bergamo,2019-01-06,https://www.fidal.it/atleta/SANTAMBROGIO-Mirko/dq2RlJmlaWc%3D,https://www.fidal.it/societa/TEAM-A-LOMBARDIA/MI774
9.05,9.05,e,ECONDI Matteo lorenzo,2001,JM,N.ATL. FANFULLA LODIGIANA,4 fi- 1,Bergamo,2019-01-20,https://www.fidal.it/atleta/ECONDI-Matteo-lorenzo/dq2Rl5qfcGk%3D,https://www.fidal.it/societa/N-ATL--FANFULLA-LODIGIANA/MI218
9.06,9.06,e,BIANCHI Alvise,2001,JM,ATL.BIOTEKNA MARCON,1 se- 2,Padova,2019-01-13,https://www.fidal.it/atleta/BIANCHI-Alvise/eK2RkpWgaWU%3D,https://www.fidal.it/societa/ATL-BIOTEKNA-MARCON/VE471
9.06,9.06,e,VAGO Andrea,2001,JM,TEAM-A LOMBARDIA,2 se- 2,Bergamo,2019-01-13,https://www.fidal.it/atleta/VAGO-Andrea/dq2RlZeicGw%3D,https://www.fidal.it/societa/TEAM-A-LOMBARDIA/MI774
9.06,9.06,e,CONTE Francesco,2001,JM,ATL.AM. CISTERNINO ECOLSERVIZI,2 ba- 1,Ancona,2019-01-19,https://www.fidal.it/atleta/CONTE-Francesco/hK2RkpOlbmw%3D,https://www.fidal.it/societa/ATL-AM--CISTERNINO-ECOLSERVIZI/BR104
9.07,9.07,e,SIGNORINI Marzio,2000,JM,ATLETICA LIVORNO,1 se- 1,Padova,2019-01-27,https://www.fidal.it/atleta/SIGNORINI-Marzio/fayRkpSoaGQ%3D,https://www.fidal.it/societa/ATLETICA-LIVORNO/LI036
9.08,9.08,e,FILIPPONE Martino,2001,JM,ATL. IMOLA SACMI AVIS,1 ba- 1,Ancona,2019-01-06,https://www.fidal.it/atleta/FILIPPONE-Martino/eqmRkpSnbmQ%3D,https://www.fidal.it/societa/ATL--IMOLA-SACMI-AVIS/BO014
9.08,9.08,e,ANDREOLI Marco,2001,JM,ASD ATLETICA SPEZIA DUFERCO,4 ba- 2,Modena,2019-01-19,https://www.fidal.it/atleta/ANDREOLI-Marco/dauRkpSiaGg%3D,https://www.fidal.it/societa/ASD-ATLETICA-SPEZIA-DUFERCO/SP573
9.09,9.09,e,RICCARDI Mirco,2001,JM,G.S. TRILACUM,2 fi- 1,Modena,2019-02-03,https://www.fidal.it/atleta/RICCARDI-Mirco/d6iRk5SoaGY%3D,https://www.fidal.it/societa/G-S--TRILACUM/TN524
9.1,9.10,e,MARCHIO' Davide,2000,JM,ATLETICA IMPRESA PO,3 fi- 1,Modena,2019-02-03,https://www.fidal.it/atleta/MARCHIO-Davide/erGRkpSlaWs%3D,https://www.fidal.it/societa/ATLETICA-IMPRESA-PO/RE107
9.12,9.12,e,DI MARIO Niccolo',2001,JM,A.S.D. INTESATLETICA,3 su- 1,Ancona,2019-01-06,https://www.fidal.it/atleta/DI-MARIO-Niccolo-/f6qRkpSiaWo%3D,https://www.fidal.it/societa/A-S-D--INTESATLETICA/LT260
9.12,9.12,e,BADIN Giorgio,1971,SM45,A.S.D. ATLETICA MASTER TRIESTE,3 su- 1,Ancona,2019-02-23,https://www.fidal.it/atleta/BADIN-Giorgio/eauRk5OjbWY%3D,https://www.fidal.it/societa/A-S-D--ATLETICA-MASTER-TRIESTE/TS546
9.13,9.13,e,NICOLA Gabriele,2000,JM,G.S. ERMENEGILDO ZEGNA,2 se- 1,Padova,2019-01-27,https://www.fidal.it/atleta/NICOLA-Gabriele/dKAAARk5qnaGw%3D,https://www.fidal.it/societa/G-S--ERMENEGILDO-ZEGNA/VC020
9.14,9.14,e,TOTI Gabriele,2000,JM,A.S.D. INTESATLETICA,3 fi- 1,Ancona,2019-01-06,https://www.fidal.it/atleta/TOTI-Gabriele/f6qRkpWfamw%3D,https://www.fidal.it/societa/A-S-D--INTESATLETICA/LT260
9.14,9.14,e,ECONDI Matteo lorenzo,2001,JM,N.ATL. FANFULLA LODIGIANA,2 ba- 2,Bergamo,2019-01-20,https://www.fidal.it/atleta/ECONDI-Matteo-lorenzo/dq2Rl5qfcGk%3D,https://www.fidal.it/societa/N-ATL--FANFULLA-LODIGIANA/MI218
9.14,9.14,e,GROPPI Giovanni,2000,JM,FONDAZIONE M. BENTEGODI,3 se- 2,Padova,2019-01-27,https://www.fidal.it/atleta/GROPPI-Giovanni/eKAAARkpqnb2o%3D,https://www.fidal.it/societa/FONDAZIONE-M--BENTEGODI/VR784
9.16,9.16,e,OMAR Abdul majeed,2001,JM,ATLETICA FIRENZE MARATHON S.S.,2 su- 1,Firenze,2019-02-10,https://www.fidal.it/atleta/OMAR-Abdul-majeed/faqRkpugcGs%3D,https://www.fidal.it/societa/ATLETICA-FIRENZE-MARATHON-S-S-/FI002
9.16,9.16,e,MANFREDI Alessio,2001,JM,ATLETICA ARCOBALENO SAVONA,3 ba- 2,Modena,2019-02-24,https://www.fidal.it/atleta/MANFREDI-Alessio/dayRkpWgaWM%3D,https://www.fidal.it/societa/ATLETICA-ARCOBALENO-SAVONA/SV070
9.17,9.17,e,SCATENA Matteo,2001,JM,CENTRO ATLETICA PIOMBINO,1 fi- 1,Firenze,2019-02-02,https://www.fidal.it/atleta/SCATENA-Matteo/fayRkpOkcGc%3D,https://www.fidal.it/societa/CENTRO-ATLETICA-PIOMBINO/LI038
9.17,9.17,e,MARIN Cristian,1973,SM45,ATLETICA RIVIERA DEL BRENTA,1 se- 1,Padova,2019-02-09,https://www.fidal.it/atleta/MARIN-Cristian/eK2RkpmjaWQ%3D,https://www.fidal.it/societa/ATLETICA-RIVIERA-DEL-BRENTA/VE473
9.17,9.17,e,PIGANI Pietro,2001,JM,ATLETICA MALIGNANI LIBERTAS UD,4 ba- 2,Modena,2019-02-24,https://www.fidal.it/atleta/PIGANI-Pietro/eayRk5alaGo%3D,https://www.fidal.it/societa/ATLETICA-MALIGNANI-LIBERTAS-UD/UD030
9.19,9.19,e,CONTOTTO Niccolo',2001,JM,TEAM-A LOMBARDIA,3 se- 2,Bergamo,2019-01-13,https://www.fidal.it/atleta/CONTOTTO-Niccolo-/dq2RlJaobGY%3D,https://www.fidal.it/societa/TEAM-A-LOMBARDIA/MI774
9.19,9.19,e,VAGO Andrea,2001,JM,TEAM-A LOMBARDIA,5 fi- 1,Bergamo,2019-01-20,https://www.fidal.it/atleta/VAGO-Andrea/dq2RlZeicGw%3D,https://www.fidal.it/societa/TEAM-A-LOMBARDIA/MI774
9.2,9.20,e,REOLON Vittorio,2001,JM,ATHLETIC CLUB FIREX BELLUNO,5 ba- 1,Padova,2019-01-05,https://www.fidal.it/atleta/REOLON-Vittorio/eKmRlJafbWk%3D,https://www.fidal.it/societa/ATHLETIC-CLUB-FIREX-BELLUNO/BL009
9.2,9.20,e,GROPPI Giovanni,2000,JM,FONDAZIONE M. BENTEGODI,4 se- 1,Padova,2019-01-13,https://www.fidal.it/atleta/GROPPI-Giovanni/eKAAARkpqnb2o%3D,https://www.fidal.it/societa/FONDAZIONE-M--BENTEGODI/VR784
9.2,9.20,e,SANTAMBROGIO Mirko,2001,JM,TEAM-A LOMBARDIA,6 fi- 1,Bergamo,2019-01-20,https://www.fidal.it/atleta/SANTAMBROGIO-Mirko/dq2RlJmlaWc%3D,https://www.fidal.it/societa/TEAM-A-LOMBARDIA/MI774
9.21,9.21,e,OLIVIERI Luca,2001,JM,ATL. RIGOLETTO,4 fi- 1,Parma,2019-01-12,https://www.fidal.it/atleta/OLIVIERI-Luca/dq6RkpOoaWw%3D,https://www.fidal.it/societa/ATL--RIGOLETTO/MN406
9.22,9.22,e,RAI Luca,2000,JM,TRIESTE ATLETICA,7 su- 1,Udine,2019-01-19,https://www.fidal.it/atleta/RAI-Luca/eauRkpuhcWY%3D,https://www.fidal.it/societa/TRIESTE-ATLETICA/TS044
9.22,9.22,e,DI MARIO Niccolo',2001,JM,A.S.D. INTESATLETICA,1 ba- 1,Formia,2019-01-20,https://www.fidal.it/atleta/DI-MARIO-Niccolo-/f6qRkpSiaWo%3D,https://www.fidal.it/societa/A-S-D--INTESATLETICA/LT260
9.23,9.23,e,PIGANI Pietro,2001,JM,ATLETICA MALIGNANI LIBERTAS UD,5 ba- 2,Udine,2019-01-12,https://www.fidal.it/atleta/PIGANI-Pietro/eayRk5alaGo%3D,https://www.fidal.it/societa/ATLETICA-MALIGNANI-LIBERTAS-UD/UD030
9.23,9.23,e,LAVINO Riccardo,2000,JM,ATLETICA BARBAS,3 se- 1,Padova,2019-01-27,https://www.fidal.it/atleta/LAVINO-Riccardo/hquRkpKibWM%3D,https://www.fidal.it/societa/ATLETICA-BARBAS/RC366
9.23,9.23,e,BADIN Giorgio,1971,SM45,A.S.D. ATLETICA MASTER TRIESTE,1 se- 8,Ancona,2019-02-22,https://www.fidal.it/atleta/BADIN-Giorgio/eauRk5OjbWY%3D,https://www.fidal.it/societa/A-S-D--ATLETICA-MASTER-TRIESTE/TS546
9.24,9.24,e,OLIVIERI Luca,2001,JM,ATL. RIGOLETTO,5 ba- 1,Modena,2019-01-19,https://www.fidal.it/atleta/OLIVIERI-Luca/dq6RkpOoaWw%3D,https://www.fidal.it/societa/ATL--RIGOLETTO/MN406
9.24,9.24,e,DI MARIO Niccolo',2001,JM,A.S.D. INTESATLETICA,1 fi- 1,Formia,2019-01-20,https://www.fidal.it/atleta/DI-MARIO-Niccolo-/f6qRkpSiaWo%3D,https://www.fidal.it/societa/A-S-D--INTESATLETICA/LT260
9.24,9.24,e,PASSARINI Chandra,2000,JM,A.S.D. PONTEVECCHIO BOLOGNA,1 ba- 1,Modena,2019-02-03,https://www.fidal.it/atleta/PASSARINI-Chandra/eqmRkpOlbGo%3D,https://www.fidal.it/societa/A-S-D--PONTEVECCHIO-BOLOGNA/BO506
9.25,9.25,e,RAI Luca,2000,JM,TRIESTE ATLETICA,4 ba- 1,Udine,2019-01-12,https://www.fidal.it/atleta/RAI-Luca/eauRkpuhcWY%3D,https://www.fidal.it/societa/TRIESTE-ATLETICA/TS044
9.25,9.25,e,SORIO Alessandro,2000,JM,EXPANDIA ATL. INSIEME VERONA,5 se- 1,Padova,2019-01-13,https://www.fidal.it/atleta/SORIO-Alessandro/eKAAARk5OoaWg%3D,https://www.fidal.it/societa/EXPANDIA-ATL--INSIEME-VERONA/VR761
9.26,9.26,e,NICOLA Gabriele,2000,JM,G.S. ERMENEGILDO ZEGNA,3 ba- 2,Saronno,2019-01-12,https://www.fidal.it/atleta/NICOLA-Gabriele/dKAAARk5qnaGw%3D,https://www.fidal.it/societa/G-S--ERMENEGILDO-ZEGNA/VC020
9.26,9.26,e,CACCINI Alessandro,2001,JM,COLLECTION ATLETICA SAMBENEDET,4 se- 2,Padova,2019-01-27,https://www.fidal.it/atleta/CACCINI-Alessandro/e6qRkpOnaGQ%3D,https://www.fidal.it/societa/COLLECTION-ATLETICA-SAMBENEDET/AP034
9.27,9.27,e,LAUDATI Nicholas,2000,JM,CALCESTRUZZI CORRADINI EXCELS.,5 ba- 2,Modena,2019-01-19,https://www.fidal.it/atleta/LAUDATI-Nicholas/erGRkpOhbWs%3D,https://www.fidal.it/societa/CALCESTRUZZI-CORRADINI-EXCELS-/RE106
9.28,9.28,e,GABBRICCI Matteo,2001,JM,CENTRO ATLETICA PIOMBINO,2 fi- 1,Firenze,2019-02-02,https://www.fidal.it/atleta/GABBRICCI-Matteo/fayRkpeicWo%3D,https://www.fidal.it/societa/CENTRO-ATLETICA-PIOMBINO/LI038
9.28,9.28,e,BARONI Dante,2000,JM,ATLETICA ESTENSE,2 ba- 1,Modena,2019-02-03,https://www.fidal.it/atleta/BARONI-Dante/eqqRkpOibmc%3D,https://www.fidal.it/societa/ATLETICA-ESTENSE/FE378
9.3,9.30,e,CARIOLATO Matteo,2001,JM,ATL.VICENTINA,3 se- 2,Padova,2019-01-20,https://www.fidal.it/atleta/CARIOLATO-Matteo/eK6RkpmjcGQ%3D,https://www.fidal.it/societa/ATL-VICENTINA/VI626
9.3,9.30,e,CORRIAS Marco,1974,SM45,S G AMSICORA,4 su- 1,Ancona,2019-02-23,https://www.fidal.it/atleta/CORRIAS-Marco/iKiRkpKkaWQ%3D,https://www.fidal.it/societa/S-G-AMSICORA/CA002
9.31,9.31,e,KARTAL Mehmet,2001,JM,U.S. MAURINA OLIO CARLI,3 ba- 1,Bra,2019-01-12,https://www.fidal.it/atleta/KARTAL-Mehmet/daqRkpOlcGk%3D,https://www.fidal.it/societa/U-S--MAURINA-OLIO-CARLI/IM029
9.31,9.31,e,ELMAZOVSKI Alen,2001,JM,ASSOCIAZIONE ATLETICA N.E.VI.,2 se- 2,Padova,2019-01-13,https://www.fidal.it/atleta/ELMAZOVSKI-Alen/eK6RkpincWY%3D,https://www.fidal.it/societa/ASSOCIAZIONE-ATLETICA-N-E-VI-/VI623
9.31,9.31,e,MARCHIO' Davide,2000,JM,ATLETICA IMPRESA PO,3 ba- 1,Modena,2019-02-03,https://www.fidal.it/atleta/MARCHIO-Davide/erGRkpSlaWs%3D,https://www.fidal.it/societa/ATLETICA-IMPRESA-PO/RE107
9.32,9.32,e,VIOLA Vittorio,2001,JM,POLIGOLFO,2 fi- 1,Formia,2019-01-20,https://www.fidal.it/atleta/VIOLA-Vittorio/f6qRkpOobmQ%3D,https://www.fidal.it/societa/POLIGOLFO/LT270
9.32,9.32,e,ROVERATO Daniele,2001,JM,ASSOCIAZIONE ATLETICA N.E.VI.,5 ba- 4,Ancona,2019-02-03,https://www.fidal.it/atleta/ROVERATO-Daniele/eK2Rkpanamk%3D,https://www.fidal.it/societa/ASSOCIAZIONE-ATLETICA-N-E-VI-/VI623
9.32,9.32,e,SIGNORINI Marzio,2000,JM,ATLETICA LIVORNO,4 ba- 1,Modena,2019-02-24,https://www.fidal.it/atleta/SIGNORINI-Marzio/fayRkpSoaGQ%3D,https://www.fidal.it/societa/ATLETICA-LIVORNO/LI036
9.33,9.33,e,DI MARIO Niccolo',2001,JM,A.S.D. INTESATLETICA,1 fi- 1,Formia,2019-01-13,https://www.fidal.it/atleta/DI-MARIO-Niccolo-/f6qRkpSiaWo%3D,https://www.fidal.it/societa/A-S-D--INTESATLETICA/LT260
9.33,9.33,e,RICCARDI Mirco,2001,JM,G.S. TRILACUM,3 se- 2,Padova,2019-01-13,https://www.fidal.it/atleta/RICCARDI-Mirco/d6iRk5SoaGY%3D,https://www.fidal.it/societa/G-S--TRILACUM/TN524
9.33,9.33,e,DONADONI Matteo,2001,JM,FONDAZIONE M. BENTEGODI,6 ba- 2,Modena,2019-01-19,https://www.fidal.it/atleta/DONADONI-Matteo/eKAAARkpimcWs%3D,https://www.fidal.it/societa/FONDAZIONE-M--BENTEGODI/VR784
9.34,9.34,e,BADIN Giorgio,1971,SM45,A.S.D. ATLETICA MASTER TRIESTE,1 su- 1,Udine,2019-01-12,https://www.fidal.it/atleta/BADIN-Giorgio/eauRk5OjbWY%3D,https://www.fidal.it/societa/A-S-D--ATLETICA-MASTER-TRIESTE/TS546
9.34,9.34,e,VENCATO Alessandro,2001,JM,ATL.VICENTINA,4 se- 2,Padova,2019-01-20,https://www.fidal.it/atleta/VENCATO-Alessandro/eK6Rkpqgbmo%3D,https://www.fidal.it/societa/ATL-VICENTINA/VI626
9.34,9.34,e,BADIN Giorgio,1971,SM45,A.S.D. ATLETICA MASTER TRIESTE,2 se- 1,Padova,2019-02-09,https://www.fidal.it/atleta/BADIN-Giorgio/eauRk5OjbWY%3D,https://www.fidal.it/societa/A-S-D--ATLETICA-MASTER-TRIESTE/TS546
9.35,9.35,e,MICCO Giulio,2000,JM,SANNIO RUNNERS,4 se- 1,Padova,2019-01-27,https://www.fidal.it/atleta/MICCO-Giulio/gKqRkpKobmk%3D,https://www.fidal.it/societa/SANNIO-RUNNERS/BN450
9.35,9.35,e,RICCARDI Mirco,2001,JM,G.S. TRILACUM,5 ba- 1,Modena,2019-02-24,https://www.fidal.it/atleta/RICCARDI-Mirco/d6iRk5SoaGY%3D,https://www.fidal.it/societa/G-S--TRILACUM/TN524
9.37,9.37,e,MARIN Cristian,1973,SM45,ATLETICA RIVIERA DEL BRENTA,5 fi- 1,Padova,2019-01-05,https://www.fidal.it/atleta/MARIN-Cristian/eK2RkpmjaWQ%3D,https://www.fidal.it/societa/ATLETICA-RIVIERA-DEL-BRENTA/VE473
9.37,9.37,e,GABBRICCI Matteo,2001,JM,CENTRO ATLETICA PIOMBINO,1 su- 1,Firenze,2019-01-13,https://www.fidal.it/atleta/GABBRICCI-Matteo/fayRkpeicWo%3D,https://www.fidal.it/societa/CENTRO-ATLETICA-PIOMBINO/LI038
9.39,9.39,e,MARIN Cristian,1973,SM45,ATLETICA RIVIERA DEL BRENTA,6 ba- 1,Padova,2019-01-05,https://www.fidal.it/atleta/MARIN-Cristian/eK2RkpmjaWQ%3D,https://www.fidal.it/societa/ATLETICA-RIVIERA-DEL-BRENTA/VE473
9.39,9.39,e,DONADONI Matteo,2001,JM,FONDAZIONE M. BENTEGODI,4 ba- 3,Modena,2019-01-26,https://www.fidal.it/atleta/DONADONI-Matteo/eKAAARkpimcWs%3D,https://www.fidal.it/societa/FONDAZIONE-M--BENTEGODI/VR784
9.39,9.39,e,PARLAGRECO Samuele,2001,JM,POL. LIBERTAS PORCIA,5 su- 1,Udine,2019-01-26,https://www.fidal.it/atleta/PARLAGRECO-Samuele/eaqRk5KjcGs%3D,https://www.fidal.it/societa/POL--LIBERTAS-PORCIA/PN028
9.4,9.40,e,CORTINOVIS Daniele,2001,JM,ATL. BERGAMO 1959 ORIOCENTER,3 ba- 3,Bergamo,2019-01-06,https://www.fidal.it/atleta/CORTINOVIS-Daniele/dqmRl5uoamg%3D,https://www.fidal.it/societa/ATL--BERGAMO-1959-ORIOCENTER/BG003
9.4,9.40,e,VIOLA Vittorio,2001,JM,POLIGOLFO,2 fi- 1,Formia,2019-01-13,https://www.fidal.it/atleta/VIOLA-Vittorio/f6qRkpOobmQ%3D,https://www.fidal.it/societa/POLIGOLFO/LT270
9.4,9.40,e,RICCARDI Mirco,2001,JM,G.S. TRILACUM,3 ba- 1,Modena,2019-01-26,https://www.fidal.it/atleta/RICCARDI-Mirco/d6iRk5SoaGY%3D,https://www.fidal.it/societa/G-S--TRILACUM/TN524
9.41,9.41,e,FELETTO Tiziano,2000,JM,ATL-ETICA SAN VENDEMIANO,5 se- 1,Padova,2019-01-27,https://www.fidal.it/atleta/FELETTO-Tiziano/eKyRkpiobWs%3D,https://www.fidal.it/societa/ATL-ETICA-SAN-VENDEMIANO/TV406
9.41,9.41,e,MAIFREDI Oscar,2000,JM,ATL. CHIARI 1964 LIB.,6 sf- 1,Ancona,2019-02-03,https://www.fidal.it/atleta/MAIFREDI-Oscar/dqqRl5qmbGk%3D,https://www.fidal.it/societa/ATL--CHIARI-1964-LIB-/BS318
9.42,9.42,e,CONTOTTO Niccolo',2001,JM,TEAM-A LOMBARDIA,4 ba- 3,Bergamo,2019-01-06,https://www.fidal.it/atleta/CONTOTTO-Niccolo-/dq2RlJaobGY%3D,https://www.fidal.it/societa/TEAM-A-LOMBARDIA/MI774
9.42,9.42,e,RAOUDANE Hatim,2001,JM,TEAM-A LOMBARDIA,5 ba- 2,Bergamo,2019-01-06,https://www.fidal.it/atleta/RAOUDANE-Hatim/dq2Rl5Kma2w%3D,https://www.fidal.it/societa/TEAM-A-LOMBARDIA/MI774
9.42,9.42,e,NALDI Matteo,2000,JM,PROSPORT ATL. FIRENZE,2 su- 1,Firenze,2019-01-13,https://www.fidal.it/atleta/NALDI-Matteo/faqRkpOib2Y%3D,https://www.fidal.it/societa/PROSPORT-ATL--FIRENZE/FI009
9.42,9.42,e,CESENA Lorenzo,2001,JM,ATL. PIACENZA,4 ba- 1,Modena,2019-01-26,https://www.fidal.it/atleta/CESENA-Lorenzo/eq2RkpKlbmY%3D,https://www.fidal.it/societa/ATL--PIACENZA/PC084
9.43,9.43,e,KARTAL Mehmet,2001,JM,U.S. MAURINA OLIO CARLI,3 fi- 1,Bra,2019-01-12,https://www.fidal.it/atleta/KARTAL-Mehmet/daqRkpOlcGk%3D,https://www.fidal.it/societa/U-S--MAURINA-OLIO-CARLI/IM029
9.43,9.43,e,CONTOTTO Niccolo',2001,JM,TEAM-A LOMBARDIA,5 se- 2,Padova,2019-01-27,https://www.fidal.it/atleta/CONTOTTO-Niccolo-/dq2RlJaobGY%3D,https://www.fidal.it/societa/TEAM-A-LOMBARDIA/MI774
9.45,9.45,e,TOTI Gabriele,2000,JM,A.S.D. INTESATLETICA,3 fi- 1,Formia,2019-01-20,https://www.fidal.it/atleta/TOTI-Gabriele/f6qRkpWfamw%3D,https://www.fidal.it/societa/A-S-D--INTESATLETICA/LT260
9.46,9.46,e,SISTI Matteo,2001,JM,ATL.LIBERTAS A.R.C.S. PERUGIA,1 ba- 1,Ancona,2019-01-12,https://www.fidal.it/atleta/SISTI-Matteo/fqmRkpagb2g%3D,https://www.fidal.it/societa/ATL-LIBERTAS-A-R-C-S--PERUGIA/PG004
9.46,9.46,e,TOTI Gabriele,2000,JM,A.S.D. INTESATLETICA,2 ba- 1,Formia,2019-01-20,https://www.fidal.it/atleta/TOTI-Gabriele/f6qRkpWfamw%3D,https://www.fidal.it/societa/A-S-D--INTESATLETICA/LT260
9.47,9.47,e,VIOLA Vittorio,2001,JM,POLIGOLFO,3 ba- 1,Formia,2019-01-20,https://www.fidal.it/atleta/VIOLA-Vittorio/f6qRkpOobmQ%3D,https://www.fidal.it/societa/POLIGOLFO/LT270
9.47,9.47,e,MARCHIO' Davide,2000,JM,ATLETICA IMPRESA PO,3 ba- 2,Modena,2019-01-26,https://www.fidal.it/atleta/MARCHIO-Davide/erGRkpSlaWs%3D,https://www.fidal.it/societa/ATLETICA-IMPRESA-PO/RE107
9.49,9.49,e,SISTI Matteo,2001,JM,ATL.LIBERTAS A.R.C.S. PERUGIA,1 fi- 1,Ancona,2019-01-12,https://www.fidal.it/atleta/SISTI-Matteo/fqmRkpagb2g%3D,https://www.fidal.it/societa/ATL-LIBERTAS-A-R-C-S--PERUGIA/PG004
9.49,9.49,e,TOTI Gabriele,2000,JM,A.S.D. INTESATLETICA,3 fi- 1,Formia,2019-01-13,https://www.fidal.it/atleta/TOTI-Gabriele/f6qRkpWfamw%3D,https://www.fidal.it/societa/A-S-D--INTESATLETICA/LT260
9.49,9.49,e,TERRENI Valerio,1978,SM40,ASD LA GALLA PONTEDERA ATL.,2 su- 1,Ancona,2019-02-23,https://www.fidal.it/atleta/TERRENI-Valerio/faAAARkpOibGU%3D,https://www.fidal.it/societa/ASD-LA-GALLA-PONTEDERA-ATL-/PI144
9.51,9.51,e,REOLON Vittorio,2001,JM,ATHLETIC CLUB FIREX BELLUNO,6 fi- 1,Padova,2019-01-05,https://www.fidal.it/atleta/REOLON-Vittorio/eKmRlJafbWk%3D,https://www.fidal.it/societa/ATHLETIC-CLUB-FIREX-BELLUNO/BL009
9.51,9.51,e,SORIO Alessandro,2000,JM,EXPANDIA ATL. INSIEME VERONA,6 se- 2,Padova,2019-01-27,https://www.fidal.it/atleta/SORIO-Alessandro/eKAAARk5OoaWg%3D,https://www.fidal.it/societa/EXPANDIA-ATL--INSIEME-VERONA/VR761
9.51,9.51,e,ORTELLI Mario,1980,SM35,ATL. ADEN  EXPRIVIA MOLFETTA,1 su- 1,Ancona,2019-02-23,https://www.fidal.it/atleta/ORTELLI-Mario/hKiRkpWoa2Y%3D,https://www.fidal.it/societa/ATL--ADEN-EXPRIVIA-MOLFETTA/BA091
9.53,9.53,e,NICOLA Gabriele,2000,JM,G.S. ERMENEGILDO ZEGNA,5 fi- 1,Saronno,2019-01-12,https://www.fidal.it/atleta/NICOLA-Gabriele/dKAAARk5qnaGw%3D,https://www.fidal.it/societa/G-S--ERMENEGILDO-ZEGNA/VC020
9.55,9.55,e,MARRAZZO Umberto,2001,JM,A.S.D. ATL. AGROPOLI,4 fi- 1,Formia,2019-01-13,https://www.fidal.it/atleta/MARRAZZO-Umberto/gKyRkpiha2o%3D,https://www.fidal.it/societa/A-S-D--ATL--AGROPOLI/SA128
9.55,9.55,e,MARCHIO' Davide,2000,JM,ATLETICA IMPRESA PO,6 ba- 1,Modena,2019-01-19,https://www.fidal.it/atleta/MARCHIO-Davide/erGRkpSlaWs%3D,https://www.fidal.it/societa/ATLETICA-IMPRESA-PO/RE107
9.56,9.56,e,FELETTO Tiziano,2000,JM,ATL-ETICA SAN VENDEMIANO,6 se- 1,Padova,2019-01-13,https://www.fidal.it/atleta/FELETTO-Tiziano/eKyRkpiobWs%3D,https://www.fidal.it/societa/ATL-ETICA-SAN-VENDEMIANO/TV406
9.56,9.56,e,MARCHESI Nicola,2000,JM,EXPANDIA ATL. INSIEME VERONA,5 se- 2,Padova,2019-01-20,https://www.fidal.it/atleta/MARCHESI-Nicola/eKAAARkpanaGg%3D,https://www.fidal.it/societa/EXPANDIA-ATL--INSIEME-VERONA/VR761
9.56,9.56,e,GABBRICCI Matteo,2001,JM,CENTRO ATLETICA PIOMBINO,1 ba- 1,Firenze,2019-02-02,https://www.fidal.it/atleta/GABBRICCI-Matteo/fayRkpeicWo%3D,https://www.fidal.it/societa/CENTRO-ATLETICA-PIOMBINO/LI038
9.57,9.57,e,RAOUDANE Hatim,2001,JM,TEAM-A LOMBARDIA,2 se- 1,Bergamo,2019-01-13,https://www.fidal.it/atleta/RAOUDANE-Hatim/dq2Rl5Kma2w%3D,https://www.fidal.it/societa/TEAM-A-LOMBARDIA/MI774
9.57,9.57,e,RADI Ahmed mohamed,2001,JM,TOSCANA ATLETICA FUTURA,3 su- 1,Firenze,2019-01-13,https://www.fidal.it/atleta/RADI-Ahmed-mohamed/faqRkpmjaGM%3D,https://www.fidal.it/societa/TOSCANA-ATLETICA-FUTURA/FI018
9.59,9.59,e,TOTI Gabriele,2000,JM,A.S.D. INTESATLETICA,1 ba- 1,Formia,2019-01-13,https://www.fidal.it/atleta/TOTI-Gabriele/f6qRkpWfamw%3D,https://www.fidal.it/societa/A-S-D--INTESATLETICA/LT260
9.59,9.59,e,MARIN Cristian,1973,SM45,ATLETICA RIVIERA DEL BRENTA,1 se- 3,Padova,2019-01-20,https://www.fidal.it/atleta/MARIN-Cristian/eK2RkpmjaWQ%3D,https://www.fidal.it/societa/ATLETICA-RIVIERA-DEL-BRENTA/VE473
9.61,9.61,e,CORTINOVIS Daniele,2001,JM,ATL. BERGAMO 1959 ORIOCENTER,4 se- 2,Bergamo,2019-01-13,https://www.fidal.it/atleta/CORTINOVIS-Daniele/dqmRl5uoamg%3D,https://www.fidal.it/societa/ATL--BERGAMO-1959-ORIOCENTER/BG003
9.62,9.62,e,MARRAZZO Umberto,2001,JM,A.S.D. ATL. AGROPOLI,2 ba- 1,Formia,2019-01-13,https://www.fidal.it/atleta/MARRAZZO-Umberto/gKyRkpiha2o%3D,https://www.fidal.it/societa/A-S-D--ATL--AGROPOLI/SA128
9.62,9.62,e,SCATENA Matteo,2001,JM,CENTRO ATLETICA PIOMBINO,4 su- 1,Firenze,2019-01-13,https://www.fidal.it/atleta/SCATENA-Matteo/fayRkpOkcGc%3D,https://www.fidal.it/societa/CENTRO-ATLETICA-PIOMBINO/LI038
9.62,9.62,e,RICCARDI Mirco,2001,JM,G.S. TRILACUM,3 se- 1,Muenchen,2019-03-10,https://www.fidal.it/atleta/RICCARDI-Mirco/d6iRk5SoaGY%3D,https://www.fidal.it/societa/G-S--TRILACUM/TN524
9.63,9.63,e,GATTI Gioele,2001,JM,UNIONE SPORTIVA ALBATESE ASD,4 ba- 1,Saronno,2019-01-12,https://www.fidal.it/atleta/GATTI-Gioele/dquRkpqobmk%3D,https://www.fidal.it/societa/UNIONE-SPORTIVA-ALBATESE-ASD/CO546
9.63,9.63,e,VIOLA Vittorio,2001,JM,POLIGOLFO,3 ba- 1,Formia,2019-01-13,https://www.fidal.it/atleta/VIOLA-Vittorio/f6qRkpOobmQ%3D,https://www.fidal.it/societa/POLIGOLFO/LT270
9.63,9.63,e,SCATENA Matteo,2001,JM,CENTRO ATLETICA PIOMBINO,2 ba- 1,Firenze,2019-02-02,https://www.fidal.it/atleta/SCATENA-Matteo/fayRkpOkcGc%3D,https://www.fidal.it/societa/CENTRO-ATLETICA-PIOMBINO/LI038
9.63,9.63,e,FEDI Federico,1980,SM35,ATLETICA GROSSETO BANCA TEMA,2 su- 1,Ancona,2019-02-23,https://www.fidal.it/atleta/FEDI-Federico/fauRkpOlaWw%3D,https://www.fidal.it/societa/ATLETICA-GROSSETO-BANCA-TEMA/GR065
9.69,9.69,e,ELMAZOVSKI Alen,2001,JM,ASSOCIAZIONE ATLETICA N.E.VI.,7 fi- 1,Padova,2019-01-05,https://www.fidal.it/atleta/ELMAZOVSKI-Alen/eK6RkpincWY%3D,https://www.fidal.it/societa/ASSOCIAZIONE-ATLETICA-N-E-VI-/VI623
9.69,9.69,e,TOTI Gabriele,2000,JM,A.S.D. INTESATLETICA,2 ba- 1,Ancona,2019-01-06,https://www.fidal.it/atleta/TOTI-Gabriele/f6qRkpWfamw%3D,https://www.fidal.it/societa/A-S-D--INTESATLETICA/LT260
9.7,9.70,e,ELMAZOVSKI Alen,2001,JM,ASSOCIAZIONE ATLETICA N.E.VI.,7 ba- 1,Padova,2019-01-05,https://www.fidal.it/atleta/ELMAZOVSKI-Alen/eK6RkpincWY%3D,https://www.fidal.it/societa/ASSOCIAZIONE-ATLETICA-N-E-VI-/VI623
9.71,9.71,e,MARRAZZO Umberto,2001,JM,A.S.D. ATL. AGROPOLI,4 su- 1,Ancona,2019-01-06,https://www.fidal.it/atleta/MARRAZZO-Umberto/gKyRkpiha2o%3D,https://www.fidal.it/societa/A-S-D--ATL--AGROPOLI/SA128
9.73,9.73,e,RICCARDI Mirco,2001,JM,G.S. TRILACUM,4 ba- 1,Modena,2019-02-03,https://www.fidal.it/atleta/RICCARDI-Mirco/d6iRk5SoaGY%3D,https://www.fidal.it/societa/G-S--TRILACUM/TN524
9.79,9.79,e,CAMASCHELLA Gian luca,1971,SM45,TEAM ATLETICO-MERCURIO NOVARA,2 se- 8,Ancona,2019-02-22,https://www.fidal.it/atleta/CAMASCHELLA-Gian-luca/dKiRkpKjcGU%3D,https://www.fidal.it/societa/TEAM-ATLETICO-MERCURIO-NOVARA/NO020
9.84,9.84,e,MARC Enrico,2001,JM,S.A.F.ATLETICA PIEMONTE A.S.D.,4 fi- 1,Bra,2019-01-12,https://www.fidal.it/atleta/MARC-Enrico/dKyRlJmjamU%3D,https://www.fidal.it/societa/S-A-F-ATLETICA-PIEMONTE-A-S-D-/TO226
9.84,9.84,e,CAMASCHELLA Gian luca,1971,SM45,TEAM ATLETICO-MERCURIO NOVARA,1 su- 1,Aosta,2019-02-03,https://www.fidal.it/atleta/CAMASCHELLA-Gian-luca/dKiRkpKjcGU%3D,https://www.fidal.it/societa/TEAM-ATLETICO-MERCURIO-NOVARA/NO020
9.88,9.88,e,MARC Enrico,2001,JM,S.A.F.ATLETICA PIEMONTE A.S.D.,4 ba- 1,Bra,2019-01-12,https://www.fidal.it/atleta/MARC-Enrico/dKyRlJmjamU%3D,https://www.fidal.it/societa/S-A-F-ATLETICA-PIEMONTE-A-S-D-/TO226
9.89,9.89,e,NOBILE Lorenzo,2001,JM,ATLETICA MALIGNANI LIBERTAS UD,6 su- 1,Udine,2019-01-26,https://www.fidal.it/atleta/NOBILE-Lorenzo/eayRk5mgb2M%3D,https://www.fidal.it/societa/ATLETICA-MALIGNANI-LIBERTAS-UD/UD030
9.9,9.90,e,GRANCINI Tommaso,2001,JM,ATL. O.S.A. SARONNO LIB.,3 su- 1,Saronno,2019-01-20,https://www.fidal.it/atleta/GRANCINI-Tommaso/drKRkpiib2o%3D,https://www.fidal.it/societa/ATL--O-S-A--SARONNO-LIB-/VA119
9.9,9.90,e,IZZO Fabio,2001,JM,ATL. BERGAMO 1959 ORIOCENTER,4 ba- 1,Bergamo,2019-01-20,https://www.fidal.it/atleta/IZZO-Fabio/dqmRl5ufbWg%3D,https://www.fidal.it/societa/ATL--BERGAMO-1959-ORIOCENTER/BG003
9.92,9.92,e,SOMMACAL Alessio,2001,JM,ATHLETIC CLUB FIREX BELLUNO,8 fi- 1,Ancona,2019-02-03,https://www.fidal.it/atleta/SOMMACAL-Alessio/eKmRlJOlbmw%3D,https://www.fidal.it/societa/ATHLETIC-CLUB-FIREX-BELLUNO/BL009
9.95,9.95,e,ROSSI Giacomo,2000,JM,S.G.LA PATRIA 1879 CARPI,4 ba- 2,Modena,2019-01-26,https://www.fidal.it/atleta/ROSSI-Giacomo/eqyRkpaja2s%3D,https://www.fidal.it/societa/S-G-LA-PATRIA-1879-CARPI/MO057
9.96,9.96,e,PELLANDA Roberto,1975,SM40,DAINI CARATE BRIANZA,2 se- 9,Ancona,2019-02-22,https://www.fidal.it/atleta/PELLANDA-Roberto/dq2RkpWoamY%3D,https://www.fidal.it/societa/DAINI-CARATE-BRIANZA/MI095
10.01,10.01,e,BIONDI Filippo,1983,SM35,EXPANDIA ATL. INSIEME VERONA,3 se- 9,Ancona,2019-02-22,https://www.fidal.it/atleta/BIONDI-Filippo/h6iRlJOhcWo%3D,https://www.fidal.it/societa/EXPANDIA-ATL--INSIEME-VERONA/VR761
10.04,10.04,e,GRANCINI Tommaso,2001,JM,ATL. O.S.A. SARONNO LIB.,5 ba- 3,Bergamo,2019-01-06,https://www.fidal.it/atleta/GRANCINI-Tommaso/drKRkpiib2o%3D,https://www.fidal.it/societa/ATL--O-S-A--SARONNO-LIB-/VA119
10.1,10.10,e,NOBILE Lorenzo,2001,JM,ATLETICA MALIGNANI LIBERTAS UD,5 ba- 1,Udine,2019-01-12,https://www.fidal.it/atleta/NOBILE-Lorenzo/eayRk5mgb2M%3D,https://www.fidal.it/societa/ATLETICA-MALIGNANI-LIBERTAS-UD/UD030
10.1,10.10,e,BARONI Dante,2000,JM,ATLETICA ESTENSE,5 ba- 1,Modena,2019-01-26,https://www.fidal.it/atleta/BARONI-Dante/eqqRkpOibmc%3D,https://www.fidal.it/societa/ATLETICA-ESTENSE/FE378
10.14,10.14,e,BIONDI Filippo,1983,SM35,EXPANDIA ATL. INSIEME VERONA,8 ba- 1,Padova,2019-01-05,https://www.fidal.it/atleta/BIONDI-Filippo/h6iRlJOhcWo%3D,https://www.fidal.it/societa/EXPANDIA-ATL--INSIEME-VERONA/VR761
10.14,10.14,e,BIONDI Filippo,1983,SM35,EXPANDIA ATL. INSIEME VERONA,3 se- 2,Torun,2019-03-28,https://www.fidal.it/atleta/BIONDI-Filippo/h6iRlJOhcWo%3D,https://www.fidal.it/societa/EXPANDIA-ATL--INSIEME-VERONA/VR761
10.15,10.15,e,BIONDI Filippo,1983,SM35,EXPANDIA ATL. INSIEME VERONA,8 fi- 1,Padova,2019-01-05,https://www.fidal.it/atleta/BIONDI-Filippo/h6iRlJOhcWo%3D,https://www.fidal.it/societa/EXPANDIA-ATL--INSIEME-VERONA/VR761
10.15,10.15,e,ROSSI Giacomo,2000,JM,S.G.LA PATRIA 1879 CARPI,4 se- 2,Padova,2019-01-13,https://www.fidal.it/atleta/ROSSI-Giacomo/eqyRkpaja2s%3D,https://www.fidal.it/societa/S-G-LA-PATRIA-1879-CARPI/MO057
10.19,10.19,e,NOBILE Lorenzo,2001,JM,ATLETICA MALIGNANI LIBERTAS UD,8 su- 1,Udine,2019-01-19,https://www.fidal.it/atleta/NOBILE-Lorenzo/eayRk5mgb2M%3D,https://www.fidal.it/societa/ATLETICA-MALIGNANI-LIBERTAS-UD/UD030
10.25,10.25,e,BIONDI Filippo,1983,SM35,EXPANDIA ATL. INSIEME VERONA,1 se- 1,Padova,2019-02-09,https://www.fidal.it/atleta/BIONDI-Filippo/h6iRlJOhcWo%3D,https://www.fidal.it/societa/EXPANDIA-ATL--INSIEME-VERONA/VR761
10.28,10.28,e,GRANCINI Tommaso,2001,JM,ATL. O.S.A. SARONNO LIB.,3 se- 1,Bergamo,2019-01-13,https://www.fidal.it/atleta/GRANCINI-Tommaso/drKRkpiib2o%3D,https://www.fidal.it/societa/ATL--O-S-A--SARONNO-LIB-/VA119
10.28,10.28,e,BIONDI Filippo,1983,SM35,EXPANDIA ATL. INSIEME VERONA,6 sf- 2,Torun,2019-03-29,https://www.fidal.it/atleta/BIONDI-Filippo/h6iRlJOhcWo%3D,https://www.fidal.it/societa/EXPANDIA-ATL--INSIEME-VERONA/VR761
10.34,10.34,e,DE MARCO Cristiano,2000,JM,CENTRO ATLETICA PIOMBINO,5 su- 1,Firenze,2019-01-13,https://www.fidal.it/atleta/DE-MARCO-Cristiano/fayRkpKfaGo%3D,https://www.fidal.it/societa/CENTRO-ATLETICA-PIOMBINO/LI038
10.37,10.37,e,BIONDI Filippo,1983,SM35,EXPANDIA ATL. INSIEME VERONA,2 su- 1,Udine,2019-01-12,https://www.fidal.it/atleta/BIONDI-Filippo/h6iRlJOhcWo%3D,https://www.fidal.it/societa/EXPANDIA-ATL--INSIEME-VERONA/VR761
10.42,10.42,e,DE MARCO Cristiano,2000,JM,CENTRO ATLETICA PIOMBINO,3 ba- 1,Firenze,2019-02-02,https://www.fidal.it/atleta/DE-MARCO-Cristiano/fayRkpKfaGo%3D,https://www.fidal.it/societa/CENTRO-ATLETICA-PIOMBINO/LI038
10.44,10.44,e,GIOMMARINI Edoardo,2001,JM,TEAM ATLETICA MARCHE,5 su- 1,Ancona,2019-01-06,https://www.fidal.it/atleta/GIOMMARINI-Edoardo/e6qRkpSgamM%3D,https://www.fidal.it/societa/TEAM-ATLETICA-MARCHE/FM050
10.45,10.45,e,GATTI Gioele,2001,JM,UNIONE SPORTIVA ALBATESE ASD,5 ba- 1,Bergamo,2019-01-06,https://www.fidal.it/atleta/GATTI-Gioele/dquRkpqobmk%3D,https://www.fidal.it/societa/UNIONE-SPORTIVA-ALBATESE-ASD/CO546
10.54,10.54,e,DE MARCO Cristiano,2000,JM,CENTRO ATLETICA PIOMBINO,3 fi- 1,Firenze,2019-02-02,https://www.fidal.it/atleta/DE-MARCO-Cristiano/fayRkpKfaGo%3D,https://www.fidal.it/societa/CENTRO-ATLETICA-PIOMBINO/LI038
10.63,10.63,e,DI MARIO Niccolo',2001,JM,A.S.D. INTESATLETICA,4 ba- 1,Formia,2019-01-13,https://www.fidal.it/atleta/DI-MARIO-Niccolo-/f6qRkpSiaWo%3D,https://www.fidal.it/societa/A-S-D--INTESATLETICA/LT260
10.66,10.66,e,POGGIARONI Edoardo,1972,SM45,ASD TRACK & FIELD MASTER GROSS,6 se- 3,Torun,2019-03-28,https://www.fidal.it/atleta/POGGIARONI-Edoardo/fauRkpOhaWs%3D,https://www.fidal.it/societa/ASD-TRACK-&-FIELD-MASTER-GROSS/GR432
10.73,10.73,e,ROCCA Alessandro,2000,JM,FONDAZIONE M. BENTEGODI,5 se- 2,Padova,2019-01-13,https://www.fidal.it/atleta/ROCCA-Alessandro/eKAAARk5Ooamo%3D,https://www.fidal.it/societa/FONDAZIONE-M--BENTEGODI/VR784
10.78,10.78,e,SOPPELSA Diego,2001,JM,A.S.D.SSV BRIXEN,5 ba- 2,Modena,2019-02-24,https://www.fidal.it/atleta/SOPPELSA-Diego/iaiRk5SkcGY%3D,https://www.fidal.it/societa/A-S-D-SSV-BRIXEN/BZ031
10.8,10.80,e,LONGO Marco,1974,SM45,A.S.D. TEAM TREVISO,2 se- 1,Padova,2019-02-09,https://www.fidal.it/atleta/LONGO-Marco/eKyRk5Ofbmc%3D,https://www.fidal.it/societa/A-S-D--TEAM-TREVISO/TV398
10.85,10.85,e,POLETTI Marco,1971,SM45,ATLETICA SANTAMONICA MISANO,3 se- 8,Ancona,2019-02-22,https://www.fidal.it/atleta/POLETTI-Marco/dq2RlpShamQ%3D,https://www.fidal.it/societa/ATLETICA-SANTAMONICA-MISANO/RN471
10.89,10.89,e,DE LUCA Simone,1976,SM40,A.S. LA FRATELLANZA 1874,3 su- 1,Ancona,2019-02-23,https://www.fidal.it/atleta/DE-LUCA-Simone/eqiRkpmhcGU%3D,https://www.fidal.it/societa/A-S--LA-FRATELLANZA-1874/MO052
10.95,10.95,e,NATELLA Alfonso,1980,SM35,A.S.D. INTESATLETICA,4 se- 9,Ancona,2019-02-22,https://www.fidal.it/atleta/NATELLA-Alfonso/f6qRkpWgcGQ%3D,https://www.fidal.it/societa/A-S-D--INTESATLETICA/LT260
10.98,10.98,e,BALDASSI Giacomo,2000,JM,POLISPORTIVA TRIVENETO TRIESTE,6 se- 2,Padova,2019-01-13,https://www.fidal.it/atleta/BALDASSI-Giacomo/eauRkpufbWo%3D,https://www.fidal.it/societa/POLISPORTIVA-TRIVENETO-TRIESTE/TS099
11.0,11.00,e,POGGIARONI Edoardo,1972,SM45,ASD TRACK & FIELD MASTER GROSS,5 su- 1,Ancona,2019-02-23,https://www.fidal.it/atleta/POGGIARONI-Edoardo/fauRkpOhaWs%3D,https://www.fidal.it/societa/ASD-TRACK-&-FIELD-MASTER-GROSS/GR432
11.01,11.01,e,LATTANZI Vincenzo,1973,SM45,N.ATL. FANFULLA LODIGIANA,1 su- 1,Saronno,2019-02-02,https://www.fidal.it/atleta/LATTANZI-Vincenzo/dq2RmJqfaWk%3D,https://www.fidal.it/societa/N-ATL--FANFULLA-LODIGIANA/MI218
11.16,11.16,e,GIOTTI Federico,1980,SM35,ATL. RUN FINALE LIGURE,5 se- 9,Ancona,2019-02-22,https://www.fidal.it/atleta/GIOTTI-Federico/daiRkpmiaGU%3D,https://www.fidal.it/societa/ATL--RUN-FINALE-LIGURE/SV023
11.19,11.19,e,PERRONE Vincenzo,1974,SM45,ATL. ADEN  EXPRIVIA MOLFETTA,6 su- 1,Ancona,2019-02-23,https://www.fidal.it/atleta/PERRONE-Vincenzo/hKiSmZikbGs%3D,https://www.fidal.it/societa/ATL--ADEN-EXPRIVIA-MOLFETTA/BA091
11.19,11.19,e,LETIZIA Alessandro,1974,SM45,A.S.D.  C.U.S. GENOVA,1 su- 1,Saronno,2019-03-02,https://www.fidal.it/atleta/LETIZIA-Alessandro/daiRkpOhb2w%3D,https://www.fidal.it/societa/A-S-D--C-U-S--GENOVA/GE002
11.22,11.22,e,NALDI Cesare,1977,SM40,ATLETICA POSILLIPO,4 su- 1,Ancona,2019-02-23,https://www.fidal.it/atleta/NALDI-Cesare/gKyRk5KgaGY%3D,https://www.fidal.it/societa/ATLETICA-POSILLIPO/NA983
11.31,11.31,e,GIOTTI Federico,1980,SM35,ATL. RUN FINALE LIGURE,3 su- 1,Fronton,2019-12-07,https://www.fidal.it/atleta/GIOTTI-Federico/daiRkpmiaGU%3D,https://www.fidal.it/societa/ATL--RUN-FINALE-LIGURE/SV023
11.32,11.32,e,GALOPPINI Abhishek,2001,JM,CENTRO ATLETICA PIOMBINO,6 su- 1,Firenze,2019-01-13,https://www.fidal.it/atleta/GALOPPINI-Abhishek/fayRkpegcGM%3D,https://www.fidal.it/societa/CENTRO-ATLETICA-PIOMBINO/LI038
11.33,11.33,e,ZANETTI Paolo,1977,SM40,A.S.D. ATLETICA CINQUE CERCHI,6 se- 9,Ancona,2019-02-22,https://www.fidal.it/atleta/ZANETTI-Paolo/eq2RkpOlcGM%3D,https://www.fidal.it/societa/A-S-D--ATLETICA-CINQUE-CERCHI/PC461
11.34,11.34,e,MIOTTI Daniele,1973,SM45,G. P. LIVENZA SACILE,3 se- 1,Padova,2019-02-09,https://www.fidal.it/atleta/MIOTTI-Daniele/eaqRkpulb2c%3D,https://www.fidal.it/societa/G--P--LIVENZA-SACILE/PN500
11.34,11.34,e,POLETTI Marco,1971,SM45,ATLETICA SANTAMONICA MISANO,4 se- 1,Padova,2019-02-09,https://www.fidal.it/atleta/POLETTI-Marco/dq2RlpShamQ%3D,https://www.fidal.it/societa/ATLETICA-SANTAMONICA-MISANO/RN471
11.44,11.44,e,DENTALE Andrea,1971,SM45,G.P. AVIS POL. MALAVICINA,3 se- 1,Padova,2019-02-09,https://www.fidal.it/atleta/DENTALE-Andrea/dq6RkpOobmw%3D,https://www.fidal.it/societa/G-P--AVIS-POL--MALAVICINA/MN491
11.48,11.48,e,ZANETTI Paolo,1977,SM40,A.S.D. ATLETICA CINQUE CERCHI,5 se- 1,Padova,2019-02-09,https://www.fidal.it/atleta/ZANETTI-Paolo/eq2RkpOlcGM%3D,https://www.fidal.it/societa/A-S-D--ATLETICA-CINQUE-CERCHI/PC461
11.69,11.69,e,GJONI Erico,2001,JM,ATLETICA CASTELL'ALFERO T.F.R.,4 se- 1,Bergamo,2019-01-13,https://www.fidal.it/atleta/GJONI-Erico/dKuRk5ioamo%3D,https://www.fidal.it/societa/ATLETICA-CASTELL-ALFERO-T-F-R-/AT012
11.91,11.91,e,ZANETTI Paolo,1977,SM40,A.S.D. ATLETICA CINQUE CERCHI,2 su- 1,Aosta,2019-02-03,https://www.fidal.it/atleta/ZANETTI-Paolo/eq2RkpOlcGM%3D,https://www.fidal.it/societa/A-S-D--ATLETICA-CINQUE-CERCHI/PC461
11.92,11.92,e,SARTORI Enrico,1971,SM45,ATL.VICENTINA,6 se- 1,Padova,2019-02-09,https://www.fidal.it/atleta/SARTORI-Enrico/eK6Rk5KmcWU%3D,https://www.fidal.it/societa/ATL-VICENTINA/VI626
12.96,12.96,e,POZZI Stefano,1972,SM45,DAINI CARATE BRIANZA,2 su- 1,Saronno,2019-03-02,https://www.fidal.it/atleta/POZZI-Stefano/dq2RkpSlbmM%3D,https://www.fidal.it/societa/DAINI-CARATE-BRIANZA/MI095
13.11,13.11,e,POSSANZINI Lorenzo,1980,SM35,ATL.AMAT.OSIMO,3 su- 1,Ancona,2019-02-23,https://www.fidal.it/atleta/POSSANZINI-Lorenzo/e6mRkpKjamc%3D,https://www.fidal.it/societa/ATL-AMAT-OSIMO/AN018
15.53,15.53,e,SELETTO Daniele,1972,SM45,LA PODISTICA ROBBIESE,4 se- 8,Ancona,2019-02-22,https://www.fidal.it/atleta/SELETTO-Daniele/dqAAARl5anamw%3D,https://www.fidal.it/societa/LA-PODISTICA-ROBBIESE/PV412
7.7,7.70,e,KOUA Franck brice,2001,JM,CUS PRO PATRIA MILANO,1 fi- 1,Minsk,2020-02-26,https://www.fidal.it/atleta/KOUA-Franck-brice/dq2RmJOfbmM%3D,https://www.fidal.it/societa/CUS-PRO-PATRIA-MILANO/MI077
7.75,7.75,e,KOUA Franck brice,2001,JM,CUS PRO PATRIA MILANO,1 ba- 2,Minsk,2020-02-25,https://www.fidal.it/atleta/KOUA-Franck-brice/dq2RmJOfbmM%3D,https://www.fidal.it/societa/CUS-PRO-PATRIA-MILANO/MI077
7.76,7.76,e,KOUA Franck brice,2001,JM,CUS PRO PATRIA MILANO,1 sf- 1,Ancona,2020-02-09,https://www.fidal.it/atleta/KOUA-Franck-brice/dq2RmJOfbmM%3D,https://www.fidal.it/societa/CUS-PRO-PATRIA-MILANO/MI077
7.77,7.77,e,KOUA Franck brice,2001,JM,CUS PRO PATRIA MILANO,1 fi- 1,Ancona,2020-02-09,https://www.fidal.it/atleta/KOUA-Franck-brice/dq2RmJOfbmM%3D,https://www.fidal.it/societa/CUS-PRO-PATRIA-MILANO/MI077
7.88,7.88,e,KOUA Franck brice,2001,JM,CUS PRO PATRIA MILANO,1 ba- 3,Ancona,2020-02-09,https://www.fidal.it/atleta/KOUA-Franck-brice/dq2RmJOfbmM%3D,https://www.fidal.it/societa/CUS-PRO-PATRIA-MILANO/MI077
7.89,7.89,e,KOUA Franck brice,2001,JM,CUS PRO PATRIA MILANO,1 ba- 1,Saronno,2020-01-26,https://www.fidal.it/atleta/KOUA-Franck-brice/dq2RmJOfbmM%3D,https://www.fidal.it/societa/CUS-PRO-PATRIA-MILANO/MI077
7.9,7.90,e,KOUA Franck brice,2001,JM,CUS PRO PATRIA MILANO,1 fi- 1,Saronno,2020-01-26,https://www.fidal.it/atleta/KOUA-Franck-brice/dq2RmJOfbmM%3D,https://www.fidal.it/societa/CUS-PRO-PATRIA-MILANO/MI077
7.97,7.97,e,PORCU Leonardo,2002,JM,SS ATL ORISTANO,2 fi- 1,Ancona,2020-02-09,https://www.fidal.it/atleta/PORCU-Leonardo/iKuRkpOfcGg%3D,https://www.fidal.it/societa/SS-ATL-ORISTANO/OR030
7.99,7.99,e,AVITABILE Massimo,2002,JM,ATL.VICENTINA,1 ba- 2,Ancona,2020-02-09,https://www.fidal.it/atleta/AVITABILE-Massimo/eK6RkpelbGg%3D,https://www.fidal.it/societa/ATL-VICENTINA/VI626
7.99,7.99,e,AVITABILE Massimo,2002,JM,ATL.VICENTINA,3 fi- 1,Ancona,2020-02-09,https://www.fidal.it/atleta/AVITABILE-Massimo/eK6RkpelbGg%3D,https://www.fidal.it/societa/ATL-VICENTINA/VI626
8.03,8.03,e,MAFFEZZONI Samuele,2002,JM,ATL. BERGAMO 1959 ORIOCENTER,1 ba- 3,Bergamo,2020-01-12,https://www.fidal.it/atleta/MAFFEZZONI-Samuele/dq6RkpOlaWQ%3D,https://www.fidal.it/societa/ATL--BERGAMO-1959-ORIOCENTER/BG003
8.03,8.03,e,MAFFEZZONI Samuele,2002,JM,ATL. BERGAMO 1959 ORIOCENTER,2 fi- 1,Saronno,2020-01-26,https://www.fidal.it/atleta/MAFFEZZONI-Samuele/dq6RkpOlaWQ%3D,https://www.fidal.it/societa/ATL--BERGAMO-1959-ORIOCENTER/BG003
8.03,8.03,e,AVITABILE Massimo,2002,JM,ATL.VICENTINA,1 sf- 2,Ancona,2020-02-09,https://www.fidal.it/atleta/AVITABILE-Massimo/eK6RkpelbGg%3D,https://www.fidal.it/societa/ATL-VICENTINA/VI626
8.04,8.04,e,PORCU Leonardo,2002,JM,SS ATL ORISTANO,1 ba- 1,Ancona,2020-02-09,https://www.fidal.it/atleta/PORCU-Leonardo/iKuRkpOfcGg%3D,https://www.fidal.it/societa/SS-ATL-ORISTANO/OR030
8.04,8.04,e,SOMMACAL Alessio,2001,JM,ATHLETIC CLUB FIREX BELLUNO,2 sf- 2,Ancona,2020-02-09,https://www.fidal.it/atleta/SOMMACAL-Alessio/eKmRlJOlbmw%3D,https://www.fidal.it/societa/ATHLETIC-CLUB-FIREX-BELLUNO/BL009
8.05,8.05,e,MAFFEZZONI Samuele,2002,JM,ATL. BERGAMO 1959 ORIOCENTER,1 fi- 1,Bergamo,2020-01-12,https://www.fidal.it/atleta/MAFFEZZONI-Samuele/dq6RkpOlaWQ%3D,https://www.fidal.it/societa/ATL--BERGAMO-1959-ORIOCENTER/BG003
8.05,8.05,e,MAFFEZZONI Samuele,2002,JM,ATL. BERGAMO 1959 ORIOCENTER,2 ba- 1,Saronno,2020-01-26,https://www.fidal.it/atleta/MAFFEZZONI-Samuele/dq6RkpOlaWQ%3D,https://www.fidal.it/societa/ATL--BERGAMO-1959-ORIOCENTER/BG003
8.05,8.05,e,SOMMACAL Alessio,2001,JM,ATHLETIC CLUB FIREX BELLUNO,4 fi- 1,Ancona,2020-02-09,https://www.fidal.it/atleta/SOMMACAL-Alessio/eKmRlJOlbmw%3D,https://www.fidal.it/societa/ATHLETIC-CLUB-FIREX-BELLUNO/BL009
8.06,8.06,e,FILPI Giuseppe,2001,JM,A.S.D. ATL. AGROPOLI,5 fi- 1,Ancona,2020-02-09,https://www.fidal.it/atleta/FILPI-Giuseppe/gK2RkpOfbGY%3D,https://www.fidal.it/societa/A-S-D--ATL--AGROPOLI/SA128
8.07,8.07,e,FILPI Giuseppe,2001,JM,A.S.D. ATL. AGROPOLI,2 sf- 1,Ancona,2020-02-09,https://www.fidal.it/atleta/FILPI-Giuseppe/gK2RkpOfbGY%3D,https://www.fidal.it/societa/A-S-D--ATL--AGROPOLI/SA128
8.07,8.07,e,PORCU Leonardo,2002,JM,SS ATL ORISTANO,3 sf- 2,Ancona,2020-02-09,https://www.fidal.it/atleta/PORCU-Leonardo/iKuRkpOfcGg%3D,https://www.fidal.it/societa/SS-ATL-ORISTANO/OR030
8.08,8.08,e,KOUA Franck brice,2001,JM,CUS PRO PATRIA MILANO,1 se- 1,Bergamo,2020-01-19,https://www.fidal.it/atleta/KOUA-Franck-brice/dq2RmJOfbmM%3D,https://www.fidal.it/societa/CUS-PRO-PATRIA-MILANO/MI077
8.08,8.08,e,FILPI Giuseppe,2001,JM,A.S.D. ATL. AGROPOLI,1 ba- 4,Ancona,2020-02-09,https://www.fidal.it/atleta/FILPI-Giuseppe/gK2RkpOfbGY%3D,https://www.fidal.it/societa/A-S-D--ATL--AGROPOLI/SA128
8.1,8.10,e,PORCU Leonardo,2002,JM,SS ATL ORISTANO,1 su- 1,Iglesias,2020-01-26,https://www.fidal.it/atleta/PORCU-Leonardo/iKuRkpOfcGg%3D,https://www.fidal.it/societa/SS-ATL-ORISTANO/OR030
8.11,8.11,e,MAFFEZZONI Samuele,2002,JM,ATL. BERGAMO 1959 ORIOCENTER,2 ba- 4,Ancona,2020-02-09,https://www.fidal.it/atleta/MAFFEZZONI-Samuele/dq6RkpOlaWQ%3D,https://www.fidal.it/societa/ATL--BERGAMO-1959-ORIOCENTER/BG003
8.13,8.13,e,BRUNETTI Michele,2001,JM,TRIESTE ATLETICA,1 su- 1,Udine,2020-01-11,https://www.fidal.it/atleta/BRUNETTI-Michele/eauRkpulbmo%3D,https://www.fidal.it/societa/TRIESTE-ATLETICA/TS044
8.15,8.15,e,MAFFEZZONI Samuele,2002,JM,ATL. BERGAMO 1959 ORIOCENTER,1 ba- 1,Padova,2020-01-18,https://www.fidal.it/atleta/MAFFEZZONI-Samuele/dq6RkpOlaWQ%3D,https://www.fidal.it/societa/ATL--BERGAMO-1959-ORIOCENTER/BG003
8.15,8.15,e,AVITABILE Massimo,2002,JM,ATL.VICENTINA,1 se- 1,Padova,2020-01-26,https://www.fidal.it/atleta/AVITABILE-Massimo/eK6RkpelbGg%3D,https://www.fidal.it/societa/ATL-VICENTINA/VI626
8.15,8.15,e,SOMMACAL Alessio,2001,JM,ATHLETIC CLUB FIREX BELLUNO,2 ba- 1,Ancona,2020-02-09,https://www.fidal.it/atleta/SOMMACAL-Alessio/eKmRlJOlbmw%3D,https://www.fidal.it/societa/ATHLETIC-CLUB-FIREX-BELLUNO/BL009
8.17,8.17,e,MAFFEZZONI Samuele,2002,JM,ATL. BERGAMO 1959 ORIOCENTER,1 fi- 1,Padova,2020-01-18,https://www.fidal.it/atleta/MAFFEZZONI-Samuele/dq6RkpOlaWQ%3D,https://www.fidal.it/societa/ATL--BERGAMO-1959-ORIOCENTER/BG003
8.18,8.18,e,GOHO DISEYSSON Junior trevor,2001,JM,ATL. LECCO-COLOMBO COSTRUZ.,3 sf- 1,Ancona,2020-02-09,https://www.fidal.it/atleta/GOHO-DISEYSSON-Junior-trevor/dquRk5mmaWM%3D,https://www.fidal.it/societa/ATL--LECCO-COLOMBO-COSTRUZ-/CO208
8.18,8.18,e,BERRINO Riccardo,2002,JM,A.S.D.  C.U.S. GENOVA,4 sf- 2,Ancona,2020-02-09,https://www.fidal.it/atleta/BERRINO-Riccardo/dayRkpSncWc%3D,https://www.fidal.it/societa/A-S-D--C-U-S--GENOVA/GE002
8.19,8.19,e,BRUNETTI Michele,2001,JM,TRIESTE ATLETICA,1 ba- 1,Padova,2020-01-04,https://www.fidal.it/atleta/BRUNETTI-Michele/eauRkpulbmo%3D,https://www.fidal.it/societa/TRIESTE-ATLETICA/TS044
8.19,8.19,e,SOMMACAL Alessio,2001,JM,ATHLETIC CLUB FIREX BELLUNO,1 fi- 1,Modena,2020-01-11,https://www.fidal.it/atleta/SOMMACAL-Alessio/eKmRlJOlbmw%3D,https://www.fidal.it/societa/ATHLETIC-CLUB-FIREX-BELLUNO/BL009
8.2,8.20,e,SOMMACAL Alessio,2001,JM,ATHLETIC CLUB FIREX BELLUNO,1 fi- 1,Padova,2020-01-04,https://www.fidal.it/atleta/SOMMACAL-Alessio/eKmRlJOlbmw%3D,https://www.fidal.it/societa/ATHLETIC-CLUB-FIREX-BELLUNO/BL009
8.22,8.22,e,SOMMACAL Alessio,2001,JM,ATHLETIC CLUB FIREX BELLUNO,1 ba- 1,Modena,2020-01-11,https://www.fidal.it/atleta/SOMMACAL-Alessio/eKmRlJOlbmw%3D,https://www.fidal.it/societa/ATHLETIC-CLUB-FIREX-BELLUNO/BL009
8.23,8.23,e,AVITABILE Massimo,2002,JM,ATL.VICENTINA,1 ba- 2,Padova,2020-01-04,https://www.fidal.it/atleta/AVITABILE-Massimo/eK6RkpelbGg%3D,https://www.fidal.it/societa/ATL-VICENTINA/VI626
8.24,8.24,e,BRUNETTI Michele,2001,JM,TRIESTE ATLETICA,1 su- 1,Udine,2020-01-25,https://www.fidal.it/atleta/BRUNETTI-Michele/eauRkpulbmo%3D,https://www.fidal.it/societa/TRIESTE-ATLETICA/TS044
8.24,8.24,e,GOHO DISEYSSON Junior trevor,2001,JM,ATL. LECCO-COLOMBO COSTRUZ.,6 fi- 1,Ancona,2020-02-09,https://www.fidal.it/atleta/GOHO-DISEYSSON-Junior-trevor/dquRk5mmaWM%3D,https://www.fidal.it/societa/ATL--LECCO-COLOMBO-COSTRUZ-/CO208
8.25,8.25,e,SOMMACAL Alessio,2001,JM,ATHLETIC CLUB FIREX BELLUNO,2 ba- 1,Padova,2020-01-04,https://www.fidal.it/atleta/SOMMACAL-Alessio/eKmRlJOlbmw%3D,https://www.fidal.it/societa/ATHLETIC-CLUB-FIREX-BELLUNO/BL009
8.25,8.25,e,GOHO DISEYSSON Junior trevor,2001,JM,ATL. LECCO-COLOMBO COSTRUZ.,1 ba- 1,Bergamo,2020-01-12,https://www.fidal.it/atleta/GOHO-DISEYSSON-Junior-trevor/dquRk5mmaWM%3D,https://www.fidal.it/societa/ATL--LECCO-COLOMBO-COSTRUZ-/CO208
8.25,8.25,e,SOMMACAL Alessio,2001,JM,ATHLETIC CLUB FIREX BELLUNO,2 se- 1,Padova,2020-01-26,https://www.fidal.it/atleta/SOMMACAL-Alessio/eKmRlJOlbmw%3D,https://www.fidal.it/societa/ATHLETIC-CLUB-FIREX-BELLUNO/BL009
8.25,8.25,e,BRUNETTI Michele,2001,JM,TRIESTE ATLETICA,2 ba- 2,Ancona,2020-02-09,https://www.fidal.it/atleta/BRUNETTI-Michele/eauRkpulbmo%3D,https://www.fidal.it/societa/TRIESTE-ATLETICA/TS044
8.25,8.25,e,GOHO DISEYSSON Junior trevor,2001,JM,ATL. LECCO-COLOMBO COSTRUZ.,2 ba- 3,Ancona,2020-02-09,https://www.fidal.it/atleta/GOHO-DISEYSSON-Junior-trevor/dquRk5mmaWM%3D,https://www.fidal.it/societa/ATL--LECCO-COLOMBO-COSTRUZ-/CO208
8.26,8.26,e,AVITABILE Massimo,2002,JM,ATL.VICENTINA,2 fi- 1,Padova,2020-01-04,https://www.fidal.it/atleta/AVITABILE-Massimo/eK6RkpelbGg%3D,https://www.fidal.it/societa/ATL-VICENTINA/VI626
8.26,8.26,e,ROTA Alessandro,2002,JM,ATL. LECCO-COLOMBO COSTRUZ.,5 sf- 2,Ancona,2020-02-09,https://www.fidal.it/atleta/ROTA-Alessandro/dquRk5WmaWY%3D,https://www.fidal.it/societa/ATL--LECCO-COLOMBO-COSTRUZ-/CO208
8.29,8.29,e,BERRINO Riccardo,2002,JM,A.S.D.  C.U.S. GENOVA,1 fi- 1,Aosta,2020-01-12,https://www.fidal.it/atleta/BERRINO-Riccardo/dayRkpSncWc%3D,https://www.fidal.it/societa/A-S-D--C-U-S--GENOVA/GE002
8.29,8.29,e,ROTA Alessandro,2002,JM,ATL. LECCO-COLOMBO COSTRUZ.,1 se- 1,Bergamo,2020-02-02,https://www.fidal.it/atleta/ROTA-Alessandro/dquRk5WmaWY%3D,https://www.fidal.it/societa/ATL--LECCO-COLOMBO-COSTRUZ-/CO208
8.29,8.29,e,BENUZZI Enrico,2002,JM,A.S.D. PONTEVECCHIO BOLOGNA,4 sf- 1,Ancona,2020-02-09,https://www.fidal.it/atleta/BENUZZI-Enrico/eqmRkpWoa2g%3D,https://www.fidal.it/societa/A-S-D--PONTEVECCHIO-BOLOGNA/BO506
8.3,8.30,e,BRUNETTI Michele,2001,JM,TRIESTE ATLETICA,1 su- 1,Udine,2020-01-18,https://www.fidal.it/atleta/BRUNETTI-Michele/eauRkpulbmo%3D,https://www.fidal.it/societa/TRIESTE-ATLETICA/TS044
8.3,8.30,e,ROTA Alessandro,2002,JM,ATL. LECCO-COLOMBO COSTRUZ.,7 fi- 1,Ancona,2020-02-09,https://www.fidal.it/atleta/ROTA-Alessandro/dquRk5WmaWY%3D,https://www.fidal.it/societa/ATL--LECCO-COLOMBO-COSTRUZ-/CO208
8.31,8.31,e,BENUZZI Enrico,2002,JM,A.S.D. PONTEVECCHIO BOLOGNA,3 ba- 3,Ancona,2020-02-09,https://www.fidal.it/atleta/BENUZZI-Enrico/eqmRkpWoa2g%3D,https://www.fidal.it/societa/A-S-D--PONTEVECCHIO-BOLOGNA/BO506
8.31,8.31,e,ROTA Alessandro,2002,JM,ATL. LECCO-COLOMBO COSTRUZ.,3 ba- 4,Ancona,2020-02-09,https://www.fidal.it/atleta/ROTA-Alessandro/dquRk5WmaWY%3D,https://www.fidal.it/societa/ATL--LECCO-COLOMBO-COSTRUZ-/CO208
8.32,8.32,e,BORDIGNON Massimiliano,2001,JM,A.S.D. TEAM TREVISO,2 su- 1,Udine,2020-01-11,https://www.fidal.it/atleta/BORDIGNON-Massimiliano/eKyRkpioams%3D,https://www.fidal.it/societa/A-S-D--TEAM-TREVISO/TV398
8.32,8.32,e,ROTA Alessandro,2002,JM,ATL. LECCO-COLOMBO COSTRUZ.,2 fi- 1,Bergamo,2020-01-12,https://www.fidal.it/atleta/ROTA-Alessandro/dquRk5WmaWY%3D,https://www.fidal.it/societa/ATL--LECCO-COLOMBO-COSTRUZ-/CO208
8.34,8.34,e,REOLON Vittorio,2001,JM,ATHLETIC CLUB FIREX BELLUNO,2 fi- 1,Modena,2020-01-11,https://www.fidal.it/atleta/REOLON-Vittorio/eKmRlJafbWk%3D,https://www.fidal.it/societa/ATHLETIC-CLUB-FIREX-BELLUNO/BL009
8.34,8.34,e,ROTA Alessandro,2002,JM,ATL. LECCO-COLOMBO COSTRUZ.,1 se- 2,Bergamo,2020-02-01,https://www.fidal.it/atleta/ROTA-Alessandro/dquRk5WmaWY%3D,https://www.fidal.it/societa/ATL--LECCO-COLOMBO-COSTRUZ-/CO208
8.35,8.35,e,BERRINO Riccardo,2002,JM,A.S.D.  C.U.S. GENOVA,8 fi- 1,Ancona,2020-02-09,https://www.fidal.it/atleta/BERRINO-Riccardo/dayRkpSncWc%3D,https://www.fidal.it/societa/A-S-D--C-U-S--GENOVA/GE002
8.36,8.36,e,ROVERATO Daniele,2001,JM,ASSOCIAZIONE ATLETICA N.E.VI.,5 sf- 1,Ancona,2020-02-09,https://www.fidal.it/atleta/ROVERATO-Daniele/eK2Rkpanamk%3D,https://www.fidal.it/societa/ASSOCIAZIONE-ATLETICA-N-E-VI-/VI623
8.37,8.37,e,FILIPPONE Martino,2001,JM,ATL. IMOLA SACMI AVIS,4 ba- 3,Ancona,2020-02-09,https://www.fidal.it/atleta/FILIPPONE-Martino/eqmRkpSnbmQ%3D,https://www.fidal.it/societa/ATL--IMOLA-SACMI-AVIS/BO014
8.38,8.38,e,AVITABILE Massimo,2002,JM,ATL.VICENTINA,2 ba- 1,Modena,2020-01-11,https://www.fidal.it/atleta/AVITABILE-Massimo/eK6RkpelbGg%3D,https://www.fidal.it/societa/ATL-VICENTINA/VI626
8.38,8.38,e,ROMAGNOLI Simone,2002,JM,TEAM ATLETICA MARCHE,1 ba- 1,Ancona,2020-02-01,https://www.fidal.it/atleta/ROMAGNOLI-Simone/e6mRkpKfaWY%3D,https://www.fidal.it/societa/TEAM-ATLETICA-MARCHE/FM050
8.39,8.39,e,COPPO Mirko,2001,JM,CORPOLIBERO ATHLETICS TEAM,3 se- 1,Padova,2020-01-26,https://www.fidal.it/atleta/COPPO-Mirko/eKqRkpeobGU%3D,https://www.fidal.it/societa/CORPOLIBERO-ATHLETICS-TEAM/PD197
8.4,8.40,e,ROMAGNOLI Simone,2002,JM,TEAM ATLETICA MARCHE,3 ba- 1,Ancona,2020-02-09,https://www.fidal.it/atleta/ROMAGNOLI-Simone/e6mRkpKfaWY%3D,https://www.fidal.it/societa/TEAM-ATLETICA-MARCHE/FM050
8.41,8.41,e,BASANA Andrea,2001,JM,LIBERTAS FRIUL PALMANOVA,4 ba- 4,Ancona,2020-02-09,https://www.fidal.it/atleta/BASANA-Andrea/eayRk5ajaWk%3D,https://www.fidal.it/societa/LIBERTAS-FRIUL-PALMANOVA/UD018
8.42,8.42,e,FALZOI Giacomo marco,2002,JM,C.U.S. TORINO,1 ba- 1,Aosta,2020-01-12,https://www.fidal.it/atleta/FALZOI-Giacomo-marco/dK6Rlpegbmg%3D,https://www.fidal.it/societa/C-U-S--TORINO/TO001
8.42,8.42,e,BERRINO Riccardo,2002,JM,A.S.D.  C.U.S. GENOVA,2 ba- 1,Aosta,2020-01-12,https://www.fidal.it/atleta/BERRINO-Riccardo/dayRkpSncWc%3D,https://www.fidal.it/societa/A-S-D--C-U-S--GENOVA/GE002
8.42,8.42,e,ROVERATO Daniele,2001,JM,ASSOCIAZIONE ATLETICA N.E.VI.,3 ba- 2,Ancona,2020-02-09,https://www.fidal.it/atleta/ROVERATO-Daniele/eK2Rkpanamk%3D,https://www.fidal.it/societa/ASSOCIAZIONE-ATLETICA-N-E-VI-/VI623
8.42,8.42,e,BERRINO Riccardo,2002,JM,A.S.D.  C.U.S. GENOVA,5 ba- 3,Ancona,2020-02-09,https://www.fidal.it/atleta/BERRINO-Riccardo/dayRkpSncWc%3D,https://www.fidal.it/societa/A-S-D--C-U-S--GENOVA/GE002
8.42,8.42,e,COPPO Mirko,2001,JM,CORPOLIBERO ATHLETICS TEAM,5 ba- 4,Ancona,2020-02-09,https://www.fidal.it/atleta/COPPO-Mirko/eKqRkpeobGU%3D,https://www.fidal.it/societa/CORPOLIBERO-ATHLETICS-TEAM/PD197
8.42,8.42,e,FILIPPONE Martino,2001,JM,ATL. IMOLA SACMI AVIS,6 sf- 1,Ancona,2020-02-09,https://www.fidal.it/atleta/FILIPPONE-Martino/eqmRkpSnbmQ%3D,https://www.fidal.it/societa/ATL--IMOLA-SACMI-AVIS/BO014
8.43,8.43,e,REOLON Vittorio,2001,JM,ATHLETIC CLUB FIREX BELLUNO,3 ba- 1,Modena,2020-01-11,https://www.fidal.it/atleta/REOLON-Vittorio/eKmRlJafbWk%3D,https://www.fidal.it/societa/ATHLETIC-CLUB-FIREX-BELLUNO/BL009
8.43,8.43,e,AVITABILE Massimo,2002,JM,ATL.VICENTINA,3 fi- 1,Modena,2020-01-11,https://www.fidal.it/atleta/AVITABILE-Massimo/eK6RkpelbGg%3D,https://www.fidal.it/societa/ATL-VICENTINA/VI626
8.44,8.44,e,ROMAGNOLI Simone,2002,JM,TEAM ATLETICA MARCHE,1 fi- 1,Ancona,2020-01-11,https://www.fidal.it/atleta/ROMAGNOLI-Simone/e6mRkpKfaWY%3D,https://www.fidal.it/societa/TEAM-ATLETICA-MARCHE/FM050
8.44,8.44,e,AGOSTINI Federico,2001,JM,ASA ASCOLI PICENO,2 fi- 1,Ancona,2020-01-11,https://www.fidal.it/atleta/AGOSTINI-Federico/e6qRkpOia2w%3D,https://www.fidal.it/societa/ASA-ASCOLI-PICENO/AP005
8.44,8.44,e,FILIPPONE Martino,2001,JM,ATL. IMOLA SACMI AVIS,4 ba- 1,Modena,2020-01-11,https://www.fidal.it/atleta/FILIPPONE-Martino/eqmRkpSnbmQ%3D,https://www.fidal.it/societa/ATL--IMOLA-SACMI-AVIS/BO014
8.44,8.44,e,FILIPPONE Martino,2001,JM,ATL. IMOLA SACMI AVIS,4 fi- 1,Modena,2020-01-11,https://www.fidal.it/atleta/FILIPPONE-Martino/eqmRkpSnbmQ%3D,https://www.fidal.it/societa/ATL--IMOLA-SACMI-AVIS/BO014
8.44,8.44,e,ROTA Alessandro,2002,JM,ATL. LECCO-COLOMBO COSTRUZ.,1 ba- 2,Bergamo,2020-01-12,https://www.fidal.it/atleta/ROTA-Alessandro/dquRk5WmaWY%3D,https://www.fidal.it/societa/ATL--LECCO-COLOMBO-COSTRUZ-/CO208
8.44,8.44,e,GOHO DISEYSSON Junior trevor,2001,JM,ATL. LECCO-COLOMBO COSTRUZ.,2 se- 2,Bergamo,2020-02-01,https://www.fidal.it/atleta/GOHO-DISEYSSON-Junior-trevor/dquRk5mmaWM%3D,https://www.fidal.it/societa/ATL--LECCO-COLOMBO-COSTRUZ-/CO208
8.44,8.44,e,ARRIUS Alessandro,2001,JM,ATL. O.S.A. SARONNO LIB.,1 se- 1,Padova,2020-02-02,https://www.fidal.it/atleta/ARRIUS-Alessandro/drKRkpiib2M%3D,https://www.fidal.it/societa/ATL--O-S-A--SARONNO-LIB-/VA119
8.47,8.47,e,ARRIUS Alessandro,2001,JM,ATL. O.S.A. SARONNO LIB.,3 fi- 1,Saronno,2020-01-26,https://www.fidal.it/atleta/ARRIUS-Alessandro/drKRkpiib2M%3D,https://www.fidal.it/societa/ATL--O-S-A--SARONNO-LIB-/VA119
8.48,8.48,e,AGOSTINI Federico,2001,JM,ASA ASCOLI PICENO,1 ba- 1,Ancona,2020-01-18,https://www.fidal.it/atleta/AGOSTINI-Federico/e6qRkpOia2w%3D,https://www.fidal.it/societa/ASA-ASCOLI-PICENO/AP005
8.48,8.48,e,COPPO Mirko,2001,JM,CORPOLIBERO ATHLETICS TEAM,2 fi- 1,Padova,2020-01-18,https://www.fidal.it/atleta/COPPO-Mirko/eKqRkpeobGU%3D,https://www.fidal.it/societa/CORPOLIBERO-ATHLETICS-TEAM/PD197
8.48,8.48,e,REOLON Vittorio,2001,JM,ATHLETIC CLUB FIREX BELLUNO,4 se- 1,Padova,2020-01-26,https://www.fidal.it/atleta/REOLON-Vittorio/eKmRlJafbWk%3D,https://www.fidal.it/societa/ATHLETIC-CLUB-FIREX-BELLUNO/BL009
8.48,8.48,e,MENGHI NDIAYE Yoro,2002,JM,A.S. LA FRATELLANZA 1874,2 se- 1,Padova,2020-02-02,https://www.fidal.it/atleta/MENGHI-NDIAYE-Yoro/erORkpKobGY%3D,https://www.fidal.it/societa/A-S--LA-FRATELLANZA-1874/MO052
8.49,8.49,e,FALZOI Giacomo marco,2002,JM,C.U.S. TORINO,2 fi- 1,Aosta,2020-01-12,https://www.fidal.it/atleta/FALZOI-Giacomo-marco/dK6Rlpegbmg%3D,https://www.fidal.it/societa/C-U-S--TORINO/TO001
8.49,8.49,e,FILIPPONE Martino,2001,JM,ATL. IMOLA SACMI AVIS,2 ba- 1,Ancona,2020-01-18,https://www.fidal.it/atleta/FILIPPONE-Martino/eqmRkpSnbmQ%3D,https://www.fidal.it/societa/ATL--IMOLA-SACMI-AVIS/BO014
8.49,8.49,e,FILIPPONE Martino,2001,JM,ATL. IMOLA SACMI AVIS,5 se- 1,Padova,2020-01-26,https://www.fidal.it/atleta/FILIPPONE-Martino/eqmRkpSnbmQ%3D,https://www.fidal.it/societa/ATL--IMOLA-SACMI-AVIS/BO014
8.49,8.49,e,REOLON Vittorio,2001,JM,ATHLETIC CLUB FIREX BELLUNO,4 ba- 2,Ancona,2020-02-09,https://www.fidal.it/atleta/REOLON-Vittorio/eKmRlJafbWk%3D,https://www.fidal.it/societa/ATHLETIC-CLUB-FIREX-BELLUNO/BL009
8.5,8.50,e,REOLON Vittorio,2001,JM,ATHLETIC CLUB FIREX BELLUNO,3 fi- 1,Padova,2020-01-04,https://www.fidal.it/atleta/REOLON-Vittorio/eKmRlJafbWk%3D,https://www.fidal.it/societa/ATHLETIC-CLUB-FIREX-BELLUNO/BL009
8.5,8.50,e,ARRIUS Alessandro,2001,JM,ATL. O.S.A. SARONNO LIB.,3 ba- 1,Saronno,2020-01-26,https://www.fidal.it/atleta/ARRIUS-Alessandro/drKRkpiib2M%3D,https://www.fidal.it/societa/ATL--O-S-A--SARONNO-LIB-/VA119
8.5,8.50,e,ROMAGNOLI Simone,2002,JM,TEAM ATLETICA MARCHE,1 fi- 1,Ancona,2020-02-01,https://www.fidal.it/atleta/ROMAGNOLI-Simone/e6mRkpKfaWY%3D,https://www.fidal.it/societa/TEAM-ATLETICA-MARCHE/FM050
8.51,8.51,e,AGOSTINI Federico,2001,JM,ASA ASCOLI PICENO,1 fi- 1,Ancona,2020-01-18,https://www.fidal.it/atleta/AGOSTINI-Federico/e6qRkpOia2w%3D,https://www.fidal.it/societa/ASA-ASCOLI-PICENO/AP005
8.51,8.51,e,BASANA Andrea,2001,JM,LIBERTAS FRIUL PALMANOVA,2 su- 1,Udine,2020-01-25,https://www.fidal.it/atleta/BASANA-Andrea/eayRk5ajaWk%3D,https://www.fidal.it/societa/LIBERTAS-FRIUL-PALMANOVA/UD018
8.51,8.51,e,COMPAGNUCCI Sebastiano,2002,JM,ATL. AVIS MACERATA,5 ba- 2,Ancona,2020-02-09,https://www.fidal.it/atleta/COMPAGNUCCI-Sebastiano/e6uRkpSgamw%3D,https://www.fidal.it/societa/ATL--AVIS-MACERATA/MC004
8.52,8.52,e,SCHIAVINATO Gioele,2001,JM,A.S.D. TEAM TREVISO,3 su- 1,Udine,2020-01-11,https://www.fidal.it/atleta/SCHIAVINATO-Gioele/eKyRk5ifbGU%3D,https://www.fidal.it/societa/A-S-D--TEAM-TREVISO/TV398
8.52,8.52,e,FILIPPONE Martino,2001,JM,ATL. IMOLA SACMI AVIS,2 fi- 1,Ancona,2020-01-18,https://www.fidal.it/atleta/FILIPPONE-Martino/eqmRkpSnbmQ%3D,https://www.fidal.it/societa/ATL--IMOLA-SACMI-AVIS/BO014
8.52,8.52,e,ROMAGNOLI Simone,2002,JM,TEAM ATLETICA MARCHE,3 ba- 1,Ancona,2020-01-18,https://www.fidal.it/atleta/ROMAGNOLI-Simone/e6mRkpKfaWY%3D,https://www.fidal.it/societa/TEAM-ATLETICA-MARCHE/FM050
8.52,8.52,e,COMPAGNUCCI Sebastiano,2002,JM,ATL. AVIS MACERATA,3 fi- 1,Ancona,2020-01-18,https://www.fidal.it/atleta/COMPAGNUCCI-Sebastiano/e6uRkpSgamw%3D,https://www.fidal.it/societa/ATL--AVIS-MACERATA/MC004
8.52,8.52,e,IZZO Fabio,2001,JM,ATL. BERGAMO 1959 ORIOCENTER,4 ba- 1,Ancona,2020-02-09,https://www.fidal.it/atleta/IZZO-Fabio/dqmRl5ufbWg%3D,https://www.fidal.it/societa/ATL--BERGAMO-1959-ORIOCENTER/BG003
8.52,8.52,e,IZZO Fabio,2001,JM,ATL. BERGAMO 1959 ORIOCENTER,1 fi- 1,Bergamo,2020-02-16,https://www.fidal.it/atleta/IZZO-Fabio/dqmRl5ufbWg%3D,https://www.fidal.it/societa/ATL--BERGAMO-1959-ORIOCENTER/BG003
8.53,8.53,e,ROMAGNOLI Simone,2002,JM,TEAM ATLETICA MARCHE,1 ba- 2,Ancona,2020-01-11,https://www.fidal.it/atleta/ROMAGNOLI-Simone/e6mRkpKfaWY%3D,https://www.fidal.it/societa/TEAM-ATLETICA-MARCHE/FM050
8.53,8.53,e,GALLI Alessandro,2002,JM,ESERCITO SPORT & GIOVANI,5 ba- 1,Ancona,2020-02-09,https://www.fidal.it/atleta/GALLI-Alessandro/f6yRkpWlb2c%3D,https://www.fidal.it/societa/ESERCITO-SPORT-&-GIOVANI/RM218
8.53,8.53,e,IZZO Fabio,2001,JM,ATL. BERGAMO 1959 ORIOCENTER,1 ba- 1,Bergamo,2020-02-16,https://www.fidal.it/atleta/IZZO-Fabio/dqmRl5ufbWg%3D,https://www.fidal.it/societa/ATL--BERGAMO-1959-ORIOCENTER/BG003
8.54,8.54,e,ARRIUS Alessandro,2001,JM,ATL. O.S.A. SARONNO LIB.,5 fi- 1,Modena,2020-01-11,https://www.fidal.it/atleta/ARRIUS-Alessandro/drKRkpiib2M%3D,https://www.fidal.it/societa/ATL--O-S-A--SARONNO-LIB-/VA119
8.54,8.54,e,COPPO Mirko,2001,JM,CORPOLIBERO ATHLETICS TEAM,2 ba- 1,Padova,2020-01-18,https://www.fidal.it/atleta/COPPO-Mirko/eKqRkpeobGU%3D,https://www.fidal.it/societa/CORPOLIBERO-ATHLETICS-TEAM/PD197
8.55,8.55,e,BASANA Andrea,2001,JM,LIBERTAS FRIUL PALMANOVA,2 su- 1,Udine,2020-01-18,https://www.fidal.it/atleta/BASANA-Andrea/eayRk5ajaWk%3D,https://www.fidal.it/societa/LIBERTAS-FRIUL-PALMANOVA/UD018
8.56,8.56,e,ROVERATO Daniele,2001,JM,ASSOCIAZIONE ATLETICA N.E.VI.,3 fi- 1,Padova,2020-01-18,https://www.fidal.it/atleta/ROVERATO-Daniele/eK2Rkpanamk%3D,https://www.fidal.it/societa/ASSOCIAZIONE-ATLETICA-N-E-VI-/VI623
8.57,8.57,e,ROVERATO Daniele,2001,JM,ASSOCIAZIONE ATLETICA N.E.VI.,3 ba- 1,Padova,2020-01-04,https://www.fidal.it/atleta/ROVERATO-Daniele/eK2Rkpanamk%3D,https://www.fidal.it/societa/ASSOCIAZIONE-ATLETICA-N-E-VI-/VI623
8.57,8.57,e,REOLON Vittorio,2001,JM,ATHLETIC CLUB FIREX BELLUNO,4 ba- 1,Padova,2020-01-04,https://www.fidal.it/atleta/REOLON-Vittorio/eKmRlJafbWk%3D,https://www.fidal.it/societa/ATHLETIC-CLUB-FIREX-BELLUNO/BL009
8.57,8.57,e,FERRIGHETTO Tino,2002,JM,GS LA PIAVE 2000,1 se- 1,Padova,2020-01-12,https://www.fidal.it/atleta/FERRIGHETTO-Tino/eKmRlJSib2M%3D,https://www.fidal.it/societa/GS-LA-PIAVE-2000/BL008
8.57,8.57,e,SCHIAVINATO Gioele,2001,JM,A.S.D. TEAM TREVISO,6 se- 1,Padova,2020-01-26,https://www.fidal.it/atleta/SCHIAVINATO-Gioele/eKyRk5ifbGU%3D,https://www.fidal.it/societa/A-S-D--TEAM-TREVISO/TV398
8.58,8.58,e,ARRIUS Alessandro,2001,JM,ATL. O.S.A. SARONNO LIB.,2 se- 1,Bergamo,2020-01-19,https://www.fidal.it/atleta/ARRIUS-Alessandro/drKRkpiib2M%3D,https://www.fidal.it/societa/ATL--O-S-A--SARONNO-LIB-/VA119
8.58,8.58,e,SALIMBENI Louis guido andre',2002,JM,C.U.S. PARMA,6 ba- 4,Ancona,2020-02-09,https://www.fidal.it/atleta/SALIMBENI-Louis-guido-andre-/eq6Rkpmgamg%3D,https://www.fidal.it/societa/C-U-S--PARMA/PR068
8.59,8.59,e,GALLI Alessandro,2002,JM,ESERCITO SPORT & GIOVANI,4 ba- 1,Ancona,2020-01-18,https://www.fidal.it/atleta/GALLI-Alessandro/f6yRkpWlb2c%3D,https://www.fidal.it/societa/ESERCITO-SPORT-&-GIOVANI/RM218
8.59,8.59,e,SION Alessandro,2002,JM,S.A.F.ATLETICA PIEMONTE A.S.D.,7 ba- 4,Ancona,2020-02-09,https://www.fidal.it/atleta/SION-Alessandro/dK6RlZafamg%3D,https://www.fidal.it/societa/S-A-F-ATLETICA-PIEMONTE-A-S-D-/TO226
8.6,8.60,e,GOHO DISEYSSON Junior trevor,2001,JM,ATL. LECCO-COLOMBO COSTRUZ.,2 se- 1,Bergamo,2020-02-02,https://www.fidal.it/atleta/GOHO-DISEYSSON-Junior-trevor/dquRk5mmaWM%3D,https://www.fidal.it/societa/ATL--LECCO-COLOMBO-COSTRUZ-/CO208
8.61,8.61,e,ARRIUS Alessandro,2001,JM,ATL. O.S.A. SARONNO LIB.,5 ba- 1,Modena,2020-01-11,https://www.fidal.it/atleta/ARRIUS-Alessandro/drKRkpiib2M%3D,https://www.fidal.it/societa/ATL--O-S-A--SARONNO-LIB-/VA119
8.61,8.61,e,COPPO Mirko,2001,JM,CORPOLIBERO ATHLETICS TEAM,6 fi- 1,Modena,2020-01-11,https://www.fidal.it/atleta/COPPO-Mirko/eKqRkpeobGU%3D,https://www.fidal.it/societa/CORPOLIBERO-ATHLETICS-TEAM/PD197
8.61,8.61,e,GALLI Alessandro,2002,JM,ESERCITO SPORT & GIOVANI,4 fi- 1,Ancona,2020-01-18,https://www.fidal.it/atleta/GALLI-Alessandro/f6yRkpWlb2c%3D,https://www.fidal.it/societa/ESERCITO-SPORT-&-GIOVANI/RM218
8.61,8.61,e,FUSINA Diego,2002,JM,ATHLETIC CLUB FIREX BELLUNO,1 se- 2,Padova,2020-01-26,https://www.fidal.it/atleta/FUSINA-Diego/eKmRlJembWg%3D,https://www.fidal.it/societa/ATHLETIC-CLUB-FIREX-BELLUNO/BL009
8.62,8.62,e,PEZZOLATO Lorenzo,2002,JM,G.S. FIAMME ORO PADOVA,2 se- 1,Padova,2020-01-12,https://www.fidal.it/atleta/PEZZOLATO-Lorenzo/eKqRkpigcGw%3D,https://www.fidal.it/societa/G-S--FIAMME-ORO-PADOVA/PD131
8.62,8.62,e,ROVERATO Daniele,2001,JM,ASSOCIAZIONE ATLETICA N.E.VI.,3 ba- 1,Padova,2020-01-18,https://www.fidal.it/atleta/ROVERATO-Daniele/eK2Rkpanamk%3D,https://www.fidal.it/societa/ASSOCIAZIONE-ATLETICA-N-E-VI-/VI623
8.62,8.62,e,BENUZZI Enrico,2002,JM,A.S.D. PONTEVECCHIO BOLOGNA,2 se- 2,Padova,2020-01-26,https://www.fidal.it/atleta/BENUZZI-Enrico/eqmRkpWoa2g%3D,https://www.fidal.it/societa/A-S-D--PONTEVECCHIO-BOLOGNA/BO506
8.62,8.62,e,ROMAGNOLI Simone,2002,JM,TEAM ATLETICA MARCHE,6 sf- 2,Ancona,2020-02-09,https://www.fidal.it/atleta/ROMAGNOLI-Simone/e6mRkpKfaWY%3D,https://www.fidal.it/societa/TEAM-ATLETICA-MARCHE/FM050
8.62,8.62,e,FUSINA Diego,2002,JM,ATHLETIC CLUB FIREX BELLUNO,8 ba- 4,Ancona,2020-02-09,https://www.fidal.it/atleta/FUSINA-Diego/eKmRlJembWg%3D,https://www.fidal.it/societa/ATHLETIC-CLUB-FIREX-BELLUNO/BL009
8.63,8.63,e,COPPO Mirko,2001,JM,CORPOLIBERO ATHLETICS TEAM,1 ba- 2,Modena,2020-01-11,https://www.fidal.it/atleta/COPPO-Mirko/eKqRkpeobGU%3D,https://www.fidal.it/societa/CORPOLIBERO-ATHLETICS-TEAM/PD197
8.63,8.63,e,CISANA Lorenzo,2002,JM,TEAM-A LOMBARDIA,3 fi- 1,Bergamo,2020-01-12,https://www.fidal.it/atleta/CISANA-Lorenzo/dq2RlJiibGU%3D,https://www.fidal.it/societa/TEAM-A-LOMBARDIA/MI774
8.63,8.63,e,NICOLETTI Filippo antonio,2002,JM,ASSINDUSTRIA SPORT PADOVA,3 se- 2,Padova,2020-01-26,https://www.fidal.it/atleta/NICOLETTI-Filippo-antonio/eKqRkpejamY%3D,https://www.fidal.it/societa/ASSINDUSTRIA-SPORT-PADOVA/PD140
8.63,8.63,e,CISANA Lorenzo,2002,JM,TEAM-A LOMBARDIA,3 se- 1,Bergamo,2020-02-02,https://www.fidal.it/atleta/CISANA-Lorenzo/dq2RlJiibGU%3D,https://www.fidal.it/societa/TEAM-A-LOMBARDIA/MI774
8.64,8.64,e,NICOLETTI Filippo antonio,2002,JM,ASSINDUSTRIA SPORT PADOVA,1 ba- 2,Padova,2020-01-18,https://www.fidal.it/atleta/NICOLETTI-Filippo-antonio/eKqRkpejamY%3D,https://www.fidal.it/societa/ASSINDUSTRIA-SPORT-PADOVA/PD140
8.64,8.64,e,NICOLETTI Filippo antonio,2002,JM,ASSINDUSTRIA SPORT PADOVA,4 fi- 1,Padova,2020-01-18,https://www.fidal.it/atleta/NICOLETTI-Filippo-antonio/eKqRkpejamY%3D,https://www.fidal.it/societa/ASSINDUSTRIA-SPORT-PADOVA/PD140
8.65,8.65,e,GALLI Alessandro,2002,JM,ESERCITO SPORT & GIOVANI,3 fi- 1,Ancona,2020-01-11,https://www.fidal.it/atleta/GALLI-Alessandro/f6yRkpWlb2c%3D,https://www.fidal.it/societa/ESERCITO-SPORT-&-GIOVANI/RM218
8.66,8.66,e,MENGHI NDIAYE Yoro,2002,JM,A.S. LA FRATELLANZA 1874,5 fi- 1,Ancona,2020-01-18,https://www.fidal.it/atleta/MENGHI-NDIAYE-Yoro/erORkpKobGY%3D,https://www.fidal.it/societa/A-S--LA-FRATELLANZA-1874/MO052
8.67,8.67,e,COMPAGNUCCI Sebastiano,2002,JM,ATL. AVIS MACERATA,5 ba- 1,Ancona,2020-01-18,https://www.fidal.it/atleta/COMPAGNUCCI-Sebastiano/e6uRkpSgamw%3D,https://www.fidal.it/societa/ATL--AVIS-MACERATA/MC004
8.68,8.68,e,COPPO Mirko,2001,JM,CORPOLIBERO ATHLETICS TEAM,5 ba- 1,Padova,2020-01-04,https://www.fidal.it/atleta/COPPO-Mirko/eKqRkpeobGU%3D,https://www.fidal.it/societa/CORPOLIBERO-ATHLETICS-TEAM/PD197
8.68,8.68,e,ROMAGNOLI Simone,2002,JM,TEAM ATLETICA MARCHE,6 fi- 1,Ancona,2020-01-18,https://www.fidal.it/atleta/ROMAGNOLI-Simone/e6mRkpKfaWY%3D,https://www.fidal.it/societa/TEAM-ATLETICA-MARCHE/FM050
8.68,8.68,e,SOMMARUGA Paolo,2001,JM,VARESE ATLETICA A.S.D.,6 ba- 1,Ancona,2020-02-09,https://www.fidal.it/atleta/SOMMARUGA-Paolo/drKRkpqhbGQ%3D,https://www.fidal.it/societa/VARESE-ATLETICA-A-S-D-/VA918
8.69,8.69,e,AGOSTINI Federico,2001,JM,ASA ASCOLI PICENO,1 ba- 1,Ancona,2020-01-11,https://www.fidal.it/atleta/AGOSTINI-Federico/e6qRkpOia2w%3D,https://www.fidal.it/societa/ASA-ASCOLI-PICENO/AP005
8.69,8.69,e,GALLI Alessandro,2002,JM,ESERCITO SPORT & GIOVANI,2 ba- 2,Ancona,2020-01-11,https://www.fidal.it/atleta/GALLI-Alessandro/f6yRkpWlb2c%3D,https://www.fidal.it/societa/ESERCITO-SPORT-&-GIOVANI/RM218
8.69,8.69,e,LETTIERI Luigi,2001,JM,A.S.D. ATL. AGROPOLI,4 fi- 1,Ancona,2020-01-11,https://www.fidal.it/atleta/LETTIERI-Luigi/gKyRkpmgamw%3D,https://www.fidal.it/societa/A-S-D--ATL--AGROPOLI/SA128
8.69,8.69,e,CISANA Lorenzo,2002,JM,TEAM-A LOMBARDIA,2 ba- 2,Bergamo,2020-01-12,https://www.fidal.it/atleta/CISANA-Lorenzo/dq2RlJiibGU%3D,https://www.fidal.it/societa/TEAM-A-LOMBARDIA/MI774
8.69,8.69,e,SION Alessandro,2002,JM,S.A.F.ATLETICA PIEMONTE A.S.D.,3 se- 1,Padova,2020-02-02,https://www.fidal.it/atleta/SION-Alessandro/dK6RlZafamg%3D,https://www.fidal.it/societa/S-A-F-ATLETICA-PIEMONTE-A-S-D-/TO226
8.69,8.69,e,ARRIUS Alessandro,2001,JM,ATL. O.S.A. SARONNO LIB.,4 se- 2,Minsk,2020-02-26,https://www.fidal.it/atleta/ARRIUS-Alessandro/drKRkpiib2M%3D,https://www.fidal.it/societa/ATL--O-S-A--SARONNO-LIB-/VA119
8.7,8.70,e,GNOCCHI Edoardo,2001,JM,N.ATL. FANFULLA LODIGIANA,2 ba- 1,Bergamo,2020-01-12,https://www.fidal.it/atleta/GNOCCHI-Edoardo/drKRkpugb2c%3D,https://www.fidal.it/societa/N-ATL--FANFULLA-LODIGIANA/MI218
8.7,8.70,e,SOMMARUGA Paolo,2001,JM,VARESE ATLETICA A.S.D.,4 fi- 1,Saronno,2020-01-26,https://www.fidal.it/atleta/SOMMARUGA-Paolo/drKRkpqhbGQ%3D,https://www.fidal.it/societa/VARESE-ATLETICA-A-S-D-/VA918
8.71,8.71,e,COMPAGNUCCI Sebastiano,2002,JM,ATL. AVIS MACERATA,5 fi- 1,Ancona,2020-01-11,https://www.fidal.it/atleta/COMPAGNUCCI-Sebastiano/e6uRkpSgamw%3D,https://www.fidal.it/societa/ATL--AVIS-MACERATA/MC004
8.71,8.71,e,FUSINA Diego,2002,JM,ATHLETIC CLUB FIREX BELLUNO,5 fi- 1,Padova,2020-01-18,https://www.fidal.it/atleta/FUSINA-Diego/eKmRlJembWg%3D,https://www.fidal.it/societa/ATHLETIC-CLUB-FIREX-BELLUNO/BL009
8.72,8.72,e,PIGANI Pietro,2001,JM,ATLETICA MALIGNANI LIBERTAS UD,3 su- 1,Udine,2020-01-18,https://www.fidal.it/atleta/PIGANI-Pietro/eayRk5alaGo%3D,https://www.fidal.it/societa/ATLETICA-MALIGNANI-LIBERTAS-UD/UD030
8.72,8.72,e,BERTOLDO Michele,2001,JM,ATL.VICENTINA,4 se- 2,Padova,2020-01-26,https://www.fidal.it/atleta/BERTOLDO-Michele/eK6RkpqnbGo%3D,https://www.fidal.it/societa/ATL-VICENTINA/VI626
8.72,8.72,e,COPPO Mirko,2001,JM,CORPOLIBERO ATHLETICS TEAM,7 sf- 1,Ancona,2020-02-09,https://www.fidal.it/atleta/COPPO-Mirko/eKqRkpeobGU%3D,https://www.fidal.it/societa/CORPOLIBERO-ATHLETICS-TEAM/PD197
8.73,8.73,e,COMPAGNUCCI Sebastiano,2002,JM,ATL. AVIS MACERATA,3 ba- 2,Ancona,2020-01-11,https://www.fidal.it/atleta/COMPAGNUCCI-Sebastiano/e6uRkpSgamw%3D,https://www.fidal.it/societa/ATL--AVIS-MACERATA/MC004
8.73,8.73,e,PATERNI Mattia,2002,JM,A.S. ATLETICA VIRTUS LUCCA,1 su- 1,Firenze,2020-02-15,https://www.fidal.it/atleta/PATERNI-Mattia/fa2RkpOocWY%3D,https://www.fidal.it/societa/A-S--ATLETICA-VIRTUS-LUCCA/LU100
8.74,8.74,e,PIGANI Pietro,2001,JM,ATLETICA MALIGNANI LIBERTAS UD,3 su- 1,Udine,2020-01-25,https://www.fidal.it/atleta/PIGANI-Pietro/eayRk5alaGo%3D,https://www.fidal.it/societa/ATLETICA-MALIGNANI-LIBERTAS-UD/UD030
8.75,8.75,e,COPPO Mirko,2001,JM,CORPOLIBERO ATHLETICS TEAM,4 fi- 1,Padova,2020-01-04,https://www.fidal.it/atleta/COPPO-Mirko/eKqRkpeobGU%3D,https://www.fidal.it/societa/CORPOLIBERO-ATHLETICS-TEAM/PD197
8.77,8.77,e,RAVASIO Daniele,2002,JM,BERGAMO STARS ATLETICA,1 se- 2,Bergamo,2020-02-02,https://www.fidal.it/atleta/RAVASIO-Daniele/dqmRmJSlamc%3D,https://www.fidal.it/societa/BERGAMO-STARS-ATLETICA/BG795
8.77,8.77,e,BORDIGNON Massimiliano,2001,JM,A.S.D. TEAM TREVISO,6 ba- 2,Ancona,2020-02-09,https://www.fidal.it/atleta/BORDIGNON-Massimiliano/eKyRkpioams%3D,https://www.fidal.it/societa/A-S-D--TEAM-TREVISO/TV398
8.77,8.77,e,CISANA Lorenzo,2002,JM,TEAM-A LOMBARDIA,6 ba- 3,Ancona,2020-02-09,https://www.fidal.it/atleta/CISANA-Lorenzo/dq2RlJiibGU%3D,https://www.fidal.it/societa/TEAM-A-LOMBARDIA/MI774
8.78,8.78,e,SOMMARUGA Paolo,2001,JM,VARESE ATLETICA A.S.D.,3 ba- 1,Bergamo,2020-01-12,https://www.fidal.it/atleta/SOMMARUGA-Paolo/drKRkpqhbGQ%3D,https://www.fidal.it/societa/VARESE-ATLETICA-A-S-D-/VA918
8.78,8.78,e,SABATIELLO Michele,2002,JM,G.S. AVIS BARLETTA A.S.D.,1 ba- 1,Ancona,2020-01-26,https://www.fidal.it/atleta/SABATIELLO-Michele/hKmRkpOobWk%3D,https://www.fidal.it/societa/G-S--AVIS-BARLETTA-A-S-D-/BA754
8.79,8.79,e,FUSINA Diego,2002,JM,ATHLETIC CLUB FIREX BELLUNO,5 fi- 1,Padova,2020-01-04,https://www.fidal.it/atleta/FUSINA-Diego/eKmRlJembWg%3D,https://www.fidal.it/societa/ATHLETIC-CLUB-FIREX-BELLUNO/BL009
8.79,8.79,e,PATERNI Mattia,2002,JM,A.S. ATLETICA VIRTUS LUCCA,1 fi- 1,Firenze,2020-01-11,https://www.fidal.it/atleta/PATERNI-Mattia/fa2RkpOocWY%3D,https://www.fidal.it/societa/A-S--ATLETICA-VIRTUS-LUCCA/LU100
8.79,8.79,e,FUSINA Diego,2002,JM,ATHLETIC CLUB FIREX BELLUNO,2 ba- 2,Modena,2020-01-11,https://www.fidal.it/atleta/FUSINA-Diego/eKmRlJembWg%3D,https://www.fidal.it/societa/ATHLETIC-CLUB-FIREX-BELLUNO/BL009
8.79,8.79,e,SOMMARUGA Paolo,2001,JM,VARESE ATLETICA A.S.D.,4 fi- 1,Bergamo,2020-01-12,https://www.fidal.it/atleta/SOMMARUGA-Paolo/drKRkpqhbGQ%3D,https://www.fidal.it/societa/VARESE-ATLETICA-A-S-D-/VA918
8.79,8.79,e,FUSINA Diego,2002,JM,ATHLETIC CLUB FIREX BELLUNO,4 ba- 1,Padova,2020-01-18,https://www.fidal.it/atleta/FUSINA-Diego/eKmRlJembWg%3D,https://www.fidal.it/societa/ATHLETIC-CLUB-FIREX-BELLUNO/BL009
8.79,8.79,e,RAVASIO Daniele,2002,JM,BERGAMO STARS ATLETICA,1 ba- 1,Aosta,2020-01-19,https://www.fidal.it/atleta/RAVASIO-Daniele/dqmRmJSlamc%3D,https://www.fidal.it/societa/BERGAMO-STARS-ATLETICA/BG795
8.79,8.79,e,GNOCCHI Edoardo,2001,JM,N.ATL. FANFULLA LODIGIANA,3 se- 2,Bergamo,2020-02-01,https://www.fidal.it/atleta/GNOCCHI-Edoardo/drKRkpugb2c%3D,https://www.fidal.it/societa/N-ATL--FANFULLA-LODIGIANA/MI218
8.8,8.80,e,FUSINA Diego,2002,JM,ATHLETIC CLUB FIREX BELLUNO,6 ba- 1,Padova,2020-01-04,https://www.fidal.it/atleta/FUSINA-Diego/eKmRlJembWg%3D,https://www.fidal.it/societa/ATHLETIC-CLUB-FIREX-BELLUNO/BL009
8.8,8.80,e,GNOCCHI Edoardo,2001,JM,N.ATL. FANFULLA LODIGIANA,5 fi- 1,Bergamo,2020-01-12,https://www.fidal.it/atleta/GNOCCHI-Edoardo/drKRkpugb2c%3D,https://www.fidal.it/societa/N-ATL--FANFULLA-LODIGIANA/MI218
8.8,8.80,e,MENGHI NDIAYE Yoro,2002,JM,A.S. LA FRATELLANZA 1874,1 ba- 2,Ancona,2020-01-18,https://www.fidal.it/atleta/MENGHI-NDIAYE-Yoro/erORkpKobGY%3D,https://www.fidal.it/societa/A-S--LA-FRATELLANZA-1874/MO052
8.8,8.80,e,BIANCHI Alvise,2001,JM,ASD ATLETICA BIOTEKNA,5 ba- 1,Padova,2020-01-18,https://www.fidal.it/atleta/BIANCHI-Alvise/eK2RkpWgaWU%3D,https://www.fidal.it/societa/ASD-ATLETICA-BIOTEKNA/VE471
8.8,8.80,e,CISANA Lorenzo,2002,JM,TEAM-A LOMBARDIA,4 se- 2,Bergamo,2020-02-01,https://www.fidal.it/atleta/CISANA-Lorenzo/dq2RlJiibGU%3D,https://www.fidal.it/societa/TEAM-A-LOMBARDIA/MI774
8.82,8.82,e,SFENOPO Pietro,2001,JM,ATL.  CENTO TORRI PAVIA,3 fi- 1,Aosta,2020-01-12,https://www.fidal.it/atleta/SFENOPO-Pietro/dqAAARl5OlaWQ%3D,https://www.fidal.it/societa/ATL--CENTO-TORRI-PAVIA/PV110
8.82,8.82,e,PATERNI Mattia,2002,JM,A.S. ATLETICA VIRTUS LUCCA,1 ba- 1,Firenze,2020-01-26,https://www.fidal.it/atleta/PATERNI-Mattia/fa2RkpOocWY%3D,https://www.fidal.it/societa/A-S--ATLETICA-VIRTUS-LUCCA/LU100
8.82,8.82,e,SOMMARUGA Paolo,2001,JM,VARESE ATLETICA A.S.D.,1 ba- 2,Saronno,2020-01-26,https://www.fidal.it/atleta/SOMMARUGA-Paolo/drKRkpqhbGQ%3D,https://www.fidal.it/societa/VARESE-ATLETICA-A-S-D-/VA918
8.82,8.82,e,GNOCCHI Edoardo,2001,JM,N.ATL. FANFULLA LODIGIANA,7 ba- 2,Ancona,2020-02-09,https://www.fidal.it/atleta/GNOCCHI-Edoardo/drKRkpugb2c%3D,https://www.fidal.it/societa/N-ATL--FANFULLA-LODIGIANA/MI218
8.83,8.83,e,ORSILLO Emiliano,2002,JM,SPORT RACE S.S.D. A R.L.,1 fi- 1,Formia,2020-01-19,https://www.fidal.it/atleta/ORSILLO-Emiliano/f6yRlJWhbmc%3D,https://www.fidal.it/societa/SPORT-RACE-S-S-D--A-R-L-/RM243
8.83,8.83,e,GHERGO Emanuele,2002,JM,TEAM ATLETICA MARCHE,1 se- 2,Padova,2020-02-02,https://www.fidal.it/atleta/GHERGO-Emanuele/e6mRkpOha2w%3D,https://www.fidal.it/societa/TEAM-ATLETICA-MARCHE/FM050
8.83,8.83,e,GENNAI Leonardo tobias,2001,JM,CUS PISA,2 su- 1,Firenze,2020-02-15,https://www.fidal.it/atleta/GENNAI-Leonardo-tobias/famRkpKoaGk%3D,https://www.fidal.it/societa/CUS-PISA/PI071
8.84,8.84,e,BINI Lorenzo,2002,JM,TOSCANA ATLETICA FUTURA,1 su- 1,Firenze,2020-01-19,https://www.fidal.it/atleta/BINI-Lorenzo/faqRkpOgbWY%3D,https://www.fidal.it/societa/TOSCANA-ATLETICA-FUTURA/FI018
8.84,8.84,e,CONTOTTO Niccolo',2001,JM,TEAM-A LOMBARDIA,2 se- 2,Padova,2020-02-02,https://www.fidal.it/atleta/CONTOTTO-Niccolo-/dq2RlJaobGY%3D,https://www.fidal.it/societa/TEAM-A-LOMBARDIA/MI774
8.84,8.84,e,SCHIAVINATO Gioele,2001,JM,A.S.D. TEAM TREVISO,7 ba- 1,Ancona,2020-02-09,https://www.fidal.it/atleta/SCHIAVINATO-Gioele/eKyRk5ifbGU%3D,https://www.fidal.it/societa/A-S-D--TEAM-TREVISO/TV398
8.85,8.85,e,MESSINA Simone francesco,2002,JM,A.S. DILETT. ATL.VILLAFRANCA,2 ba- 2,Ancona,2020-01-18,https://www.fidal.it/atleta/MESSINA-Simone-francesco/h62RkpKmcWk%3D,https://www.fidal.it/societa/A-S--DILETT--ATL-VILLAFRANCA/ME102
8.85,8.85,e,IUORIO Marco,2002,JM,PRO SESTO ATL.,1 ba- 3,Saronno,2020-01-26,https://www.fidal.it/atleta/IUORIO-Marco/dq2Rl5qmaGk%3D,https://www.fidal.it/societa/PRO-SESTO-ATL-/MI089
8.85,8.85,e,FERRACIN Gabriele,2001,JM,G.A. BASSANO,2 fi- 1,Ancona,2020-02-01,https://www.fidal.it/atleta/FERRACIN-Gabriele/eK6RkpmiaWk%3D,https://www.fidal.it/societa/G-A--BASSANO/VI614
8.85,8.85,e,GNOCCHI Edoardo,2001,JM,N.ATL. FANFULLA LODIGIANA,4 se- 1,Bergamo,2020-02-02,https://www.fidal.it/atleta/GNOCCHI-Edoardo/drKRkpugb2c%3D,https://www.fidal.it/societa/N-ATL--FANFULLA-LODIGIANA/MI218
8.86,8.86,e,PIGANI Pietro,2001,JM,ATLETICA MALIGNANI LIBERTAS UD,4 su- 1,Udine,2020-01-11,https://www.fidal.it/atleta/PIGANI-Pietro/eayRk5alaGo%3D,https://www.fidal.it/societa/ATLETICA-MALIGNANI-LIBERTAS-UD/UD030
8.86,8.86,e,RAVASIO Daniele,2002,JM,BERGAMO STARS ATLETICA,5 se- 2,Bergamo,2020-02-01,https://www.fidal.it/atleta/RAVASIO-Daniele/dqmRmJSlamc%3D,https://www.fidal.it/societa/BERGAMO-STARS-ATLETICA/BG795
8.87,8.87,e,GABBRICCI Matteo,2001,JM,CENTRO ATLETICA PIOMBINO,2 su- 1,Firenze,2020-01-19,https://www.fidal.it/atleta/GABBRICCI-Matteo/fayRkpeicWo%3D,https://www.fidal.it/societa/CENTRO-ATLETICA-PIOMBINO/LI038
8.88,8.88,e,FERRACIN Gabriele,2001,JM,G.A. BASSANO,6 fi- 1,Padova,2020-01-18,https://www.fidal.it/atleta/FERRACIN-Gabriele/eK6RkpmiaWk%3D,https://www.fidal.it/societa/G-A--BASSANO/VI614
8.88,8.88,e,SANTINI Simone,2002,JM,SPORT RACE S.S.D. A R.L.,2 fi- 1,Formia,2020-01-19,https://www.fidal.it/atleta/SANTINI-Simone/f6yRkpqoa2s%3D,https://www.fidal.it/societa/SPORT-RACE-S-S-D--A-R-L-/RM243
8.88,8.88,e,FERRARI Francesco,2002,JM,A.S. LA FRATELLANZA 1874,3 se- 2,Padova,2020-02-02,https://www.fidal.it/atleta/FERRARI-Francesco/eqyRkpWfbGc%3D,https://www.fidal.it/societa/A-S--LA-FRATELLANZA-1874/MO052
8.89,8.89,e,SION Alessandro,2002,JM,S.A.F.ATLETICA PIEMONTE A.S.D.,3 se- 1,Padova,2020-01-12,https://www.fidal.it/atleta/SION-Alessandro/dK6RlZafamg%3D,https://www.fidal.it/societa/S-A-F-ATLETICA-PIEMONTE-A-S-D-/TO226
8.89,8.89,e,RAVASIO Daniele,2002,JM,BERGAMO STARS ATLETICA,1 fi- 1,Aosta,2020-01-19,https://www.fidal.it/atleta/RAVASIO-Daniele/dqmRmJSlamc%3D,https://www.fidal.it/societa/BERGAMO-STARS-ATLETICA/BG795
8.9,8.90,e,RINALDI Giovanni,2001,JM,A.S.D. ATL. FOSSANO '75,4 se- 1,Padova,2020-01-12,https://www.fidal.it/atleta/RINALDI-Giovanni/dKyRlJWha2c%3D,https://www.fidal.it/societa/A-S-D--ATL--FOSSANO-75/CN001
8.9,8.90,e,BINI Lorenzo,2002,JM,TOSCANA ATLETICA FUTURA,2 ba- 1,Ancona,2020-01-26,https://www.fidal.it/atleta/BINI-Lorenzo/faqRkpOgbWY%3D,https://www.fidal.it/societa/TOSCANA-ATLETICA-FUTURA/FI018
8.9,8.90,e,AMICI Francesco,2001,JM,LIBERTAS ATLETICA FORLI',4 se- 2,Padova,2020-02-02,https://www.fidal.it/atleta/AMICI-Francesco/eqiRlpika2U%3D,https://www.fidal.it/societa/LIBERTAS-ATLETICA-FORLI-/FC542
8.91,8.91,e,CACCINI Alessandro,2001,JM,COLLECTION ATLETICA SAMBENEDET,2 ba- 1,Ancona,2020-01-11,https://www.fidal.it/atleta/CACCINI-Alessandro/e6qRkpOnaGQ%3D,https://www.fidal.it/societa/COLLECTION-ATLETICA-SAMBENEDET/AP034
8.91,8.91,e,BINI Lorenzo,2002,JM,TOSCANA ATLETICA FUTURA,1 fi- 1,Ancona,2020-01-26,https://www.fidal.it/atleta/BINI-Lorenzo/faqRkpOgbWY%3D,https://www.fidal.it/societa/TOSCANA-ATLETICA-FUTURA/FI018
8.92,8.92,e,AMICI Francesco,2001,JM,LIBERTAS ATLETICA FORLI',1 ba- 3,Modena,2020-01-11,https://www.fidal.it/atleta/AMICI-Francesco/eqiRlpika2U%3D,https://www.fidal.it/societa/LIBERTAS-ATLETICA-FORLI-/FC542
8.92,8.92,e,CACCINI Alessandro,2001,JM,COLLECTION ATLETICA SAMBENEDET,3 ba- 2,Ancona,2020-01-18,https://www.fidal.it/atleta/CACCINI-Alessandro/e6qRkpOnaGQ%3D,https://www.fidal.it/societa/COLLECTION-ATLETICA-SAMBENEDET/AP034
8.92,8.92,e,SANTINI Simone,2002,JM,SPORT RACE S.S.D. A R.L.,1 ba- 1,Formia,2020-01-19,https://www.fidal.it/atleta/SANTINI-Simone/f6yRkpqoa2s%3D,https://www.fidal.it/societa/SPORT-RACE-S-S-D--A-R-L-/RM243
8.92,8.92,e,CARENA Michele,2002,JM,S.A.F.ATLETICA PIEMONTE A.S.D.,1 ba- 1,Aosta,2020-01-26,https://www.fidal.it/atleta/CARENA-Michele/dKyRlJelbWg%3D,https://www.fidal.it/societa/S-A-F-ATLETICA-PIEMONTE-A-S-D-/TO226
8.92,8.92,e,BIANCHI Alvise,2001,JM,ASD ATLETICA BIOTEKNA,5 se- 2,Padova,2020-01-26,https://www.fidal.it/atleta/BIANCHI-Alvise/eK2RkpWgaWU%3D,https://www.fidal.it/societa/ASD-ATLETICA-BIOTEKNA/VE471
8.92,8.92,e,LETTIERI Luigi,2001,JM,A.S.D. ATL. AGROPOLI,4 se- 1,Padova,2020-02-02,https://www.fidal.it/atleta/LETTIERI-Luigi/gKyRkpmgamw%3D,https://www.fidal.it/societa/A-S-D--ATL--AGROPOLI/SA128
8.93,8.93,e,LETTIERI Luigi,2001,JM,A.S.D. ATL. AGROPOLI,3 ba- 1,Ancona,2020-01-11,https://www.fidal.it/atleta/LETTIERI-Luigi/gKyRkpmgamw%3D,https://www.fidal.it/societa/A-S-D--ATL--AGROPOLI/SA128
8.93,8.93,e,CONTOTTO Niccolo',2001,JM,TEAM-A LOMBARDIA,3 ba- 2,Bergamo,2020-01-12,https://www.fidal.it/atleta/CONTOTTO-Niccolo-/dq2RlJaobGY%3D,https://www.fidal.it/societa/TEAM-A-LOMBARDIA/MI774
8.93,8.93,e,VAGO Andrea,2001,JM,TEAM-A LOMBARDIA,4 ba- 1,Bergamo,2020-01-12,https://www.fidal.it/atleta/VAGO-Andrea/dq2RlZeicGw%3D,https://www.fidal.it/societa/TEAM-A-LOMBARDIA/MI774
8.94,8.94,e,PATERNI Mattia,2002,JM,A.S. ATLETICA VIRTUS LUCCA,1 ba- 1,Firenze,2020-01-11,https://www.fidal.it/atleta/PATERNI-Mattia/fa2RkpOocWY%3D,https://www.fidal.it/societa/A-S--ATLETICA-VIRTUS-LUCCA/LU100
8.94,8.94,e,OLIVIERI Luca,2001,JM,ATL. RIGOLETTO,6 ba- 1,Padova,2020-01-18,https://www.fidal.it/atleta/OLIVIERI-Luca/dq6RkpOoaWw%3D,https://www.fidal.it/societa/ATL--RIGOLETTO/MN406
8.94,8.94,e,OLIVIERI Luca,2001,JM,ATL. RIGOLETTO,7 fi- 1,Padova,2020-01-18,https://www.fidal.it/atleta/OLIVIERI-Luca/dq6RkpOoaWw%3D,https://www.fidal.it/societa/ATL--RIGOLETTO/MN406
8.94,8.94,e,PATERNI Mattia,2002,JM,A.S. ATLETICA VIRTUS LUCCA,1 fi- 1,Firenze,2020-01-26,https://www.fidal.it/atleta/PATERNI-Mattia/fa2RkpOocWY%3D,https://www.fidal.it/societa/A-S--ATLETICA-VIRTUS-LUCCA/LU100
8.94,8.94,e,ANGELI Christian,2002,JM,ATL.  VALLI DI NON E SOLE,1 se- 3,Padova,2020-02-02,https://www.fidal.it/atleta/ANGELI-Christian/d6iRk5ejamc%3D,https://www.fidal.it/societa/ATL--VALLI-DI-NON-E-SOLE/TN102
8.94,8.94,e,PATTANO Federico,2002,JM,PRO SESTO ATL.,2 se- 2,Bergamo,2020-02-02,https://www.fidal.it/atleta/PATTANO-Federico/dq2Rl5OhamU%3D,https://www.fidal.it/societa/PRO-SESTO-ATL-/MI089
8.94,8.94,e,SANTINI Simone,2002,JM,SPORT RACE S.S.D. A R.L.,5 se- 1,Padova,2020-02-02,https://www.fidal.it/atleta/SANTINI-Simone/f6yRkpqoa2s%3D,https://www.fidal.it/societa/SPORT-RACE-S-S-D--A-R-L-/RM243
8.94,8.94,e,BINI Lorenzo,2002,JM,TOSCANA ATLETICA FUTURA,3 su- 1,Firenze,2020-02-15,https://www.fidal.it/atleta/BINI-Lorenzo/faqRkpOgbWY%3D,https://www.fidal.it/societa/TOSCANA-ATLETICA-FUTURA/FI018
8.95,8.95,e,ORSILLO Emiliano,2002,JM,SPORT RACE S.S.D. A R.L.,2 ba- 1,Formia,2020-01-19,https://www.fidal.it/atleta/ORSILLO-Emiliano/f6yRlJWhbmc%3D,https://www.fidal.it/societa/SPORT-RACE-S-S-D--A-R-L-/RM243
8.95,8.95,e,SFENOPO Pietro,2001,JM,ATL.  CENTO TORRI PAVIA,4 ba- 1,Saronno,2020-01-26,https://www.fidal.it/atleta/SFENOPO-Pietro/dqAAARl5OlaWQ%3D,https://www.fidal.it/societa/ATL--CENTO-TORRI-PAVIA/PV110
8.95,8.95,e,PALAZZONE Remo,2002,JM,A.S.D.AMAT.ATLETICA SERAFINI,8 ba- 2,Ancona,2020-02-09,https://www.fidal.it/atleta/PALAZZONE-Remo/gamRkpOfcGo%3D,https://www.fidal.it/societa/A-S-D-AMAT-ATLETICA-SERAFINI/AQ014
8.95,8.95,e,CONSOLMAGNO Andrea,2002,JM,PISTOIATLETICA 1983,4 su- 1,Firenze,2020-02-15,https://www.fidal.it/atleta/CONSOLMAGNO-Andrea/fbGRkpSnaWk%3D,https://www.fidal.it/societa/PISTOIATLETICA-1983/PT115
8.96,8.96,e,FERRARI Francesco,2002,JM,A.S. LA FRATELLANZA 1874,2 ba- 3,Modena,2020-01-11,https://www.fidal.it/atleta/FERRARI-Francesco/eqyRkpWfbGc%3D,https://www.fidal.it/societa/A-S--LA-FRATELLANZA-1874/MO052
8.96,8.96,e,GHERGO Emanuele,2002,JM,TEAM ATLETICA MARCHE,4 ba- 1,Ancona,2020-01-11,https://www.fidal.it/atleta/GHERGO-Emanuele/e6mRkpOha2w%3D,https://www.fidal.it/societa/TEAM-ATLETICA-MARCHE/FM050
8.96,8.96,e,D'ANGELO Pascal,2001,JM,A.S.D. ATL. AGROPOLI,6 fi- 1,Ancona,2020-01-11,https://www.fidal.it/atleta/D-ANGELO-Pascal/gK2RkpSfamk%3D,https://www.fidal.it/societa/A-S-D--ATL--AGROPOLI/SA128
8.96,8.96,e,SFENOPO Pietro,2001,JM,ATL.  CENTO TORRI PAVIA,3 ba- 1,Aosta,2020-01-12,https://www.fidal.it/atleta/SFENOPO-Pietro/dqAAARl5OlaWQ%3D,https://www.fidal.it/societa/ATL--CENTO-TORRI-PAVIA/PV110
8.96,8.96,e,CONTOTTO Niccolo',2001,JM,TEAM-A LOMBARDIA,1 se- 2,Bergamo,2020-01-19,https://www.fidal.it/atleta/CONTOTTO-Niccolo-/dq2RlJaobGY%3D,https://www.fidal.it/societa/TEAM-A-LOMBARDIA/MI774
8.96,8.96,e,CARENA Michele,2002,JM,S.A.F.ATLETICA PIEMONTE A.S.D.,1 fi- 1,Aosta,2020-01-26,https://www.fidal.it/atleta/CARENA-Michele/dKyRlJelbWg%3D,https://www.fidal.it/societa/S-A-F-ATLETICA-PIEMONTE-A-S-D-/TO226
8.96,8.96,e,PATTANO Federico,2002,JM,PRO SESTO ATL.,1 fi- 2,Saronno,2020-01-26,https://www.fidal.it/atleta/PATTANO-Federico/dq2Rl5OhamU%3D,https://www.fidal.it/societa/PRO-SESTO-ATL-/MI089
8.97,8.97,e,BINI Lorenzo,2002,JM,TOSCANA ATLETICA FUTURA,2 fi- 1,Firenze,2020-01-11,https://www.fidal.it/atleta/BINI-Lorenzo/faqRkpOgbWY%3D,https://www.fidal.it/societa/TOSCANA-ATLETICA-FUTURA/FI018
8.97,8.97,e,LETTIERI Luigi,2001,JM,A.S.D. ATL. AGROPOLI,8 ba- 1,Ancona,2020-02-09,https://www.fidal.it/atleta/LETTIERI-Luigi/gKyRkpmgamw%3D,https://www.fidal.it/societa/A-S-D--ATL--AGROPOLI/SA128
8.98,8.98,e,GIANELLONI Leonardo,2001,JM,A.S. ATLETICA SARZANA,3 fi- 1,Firenze,2020-01-11,https://www.fidal.it/atleta/GIANELLONI-Leonardo/dauRkpSjaWg%3D,https://www.fidal.it/societa/A-S--ATLETICA-SARZANA/SP042
8.98,8.98,e,CACCINI Alessandro,2001,JM,COLLECTION ATLETICA SAMBENEDET,7 fi- 1,Ancona,2020-01-11,https://www.fidal.it/atleta/CACCINI-Alessandro/e6qRkpOnaGQ%3D,https://www.fidal.it/societa/COLLECTION-ATLETICA-SAMBENEDET/AP034
8.99,8.99,e,VEDOVATO Francesco,2001,JM,TOSCANA ATLETICA FUTURA,2 ba- 1,Firenze,2020-01-26,https://www.fidal.it/atleta/VEDOVATO-Francesco/faqRkpKka2w%3D,https://www.fidal.it/societa/TOSCANA-ATLETICA-FUTURA/FI018
8.99,8.99,e,ECONDI Matteo lorenzo,2001,JM,N.ATL. FANFULLA LODIGIANA,2 fi- 2,Saronno,2020-01-26,https://www.fidal.it/atleta/ECONDI-Matteo-lorenzo/dq2Rl5qfcGk%3D,https://www.fidal.it/societa/N-ATL--FANFULLA-LODIGIANA/MI218
9.0,9.00,e,D'ANGELO Pascal,2001,JM,A.S.D. ATL. AGROPOLI,4 ba- 2,Ancona,2020-01-11,https://www.fidal.it/atleta/D-ANGELO-Pascal/gK2RkpSfamk%3D,https://www.fidal.it/societa/A-S-D--ATL--AGROPOLI/SA128
9.0,9.00,e,BIANCHI Alvise,2001,JM,ASD ATLETICA BIOTEKNA,5 su- 1,Udine,2020-01-11,https://www.fidal.it/atleta/BIANCHI-Alvise/eK2RkpWgaWU%3D,https://www.fidal.it/societa/ASD-ATLETICA-BIOTEKNA/VE471
9.0,9.00,e,GHERGO Emanuele,2002,JM,TEAM ATLETICA MARCHE,4 ba- 2,Ancona,2020-01-18,https://www.fidal.it/atleta/GHERGO-Emanuele/e6mRkpOha2w%3D,https://www.fidal.it/societa/TEAM-ATLETICA-MARCHE/FM050
9.0,9.00,e,MESSINA Simone francesco,2002,JM,A.S. DILETT. ATL.VILLAFRANCA,7 fi- 1,Ancona,2020-01-18,https://www.fidal.it/atleta/MESSINA-Simone-francesco/h62RkpKmcWk%3D,https://www.fidal.it/societa/A-S--DILETT--ATL-VILLAFRANCA/ME102
9.0,9.00,e,AGOLINI Alessandro,2001,JM,ACSI CAMPIDOGLIO PALATINO,3 ba- 1,Ancona,2020-01-26,https://www.fidal.it/atleta/AGOLINI-Alessandro/f6yRlJKfbGQ%3D,https://www.fidal.it/societa/ACSI-CAMPIDOGLIO-PALATINO/RM046
9.0,9.00,e,IUORIO Marco,2002,JM,PRO SESTO ATL.,5 fi- 1,Saronno,2020-01-26,https://www.fidal.it/atleta/IUORIO-Marco/dq2Rl5qmaGk%3D,https://www.fidal.it/societa/PRO-SESTO-ATL-/MI089
9.0,9.00,e,SPALLETTI TRIVELLI Lorenzo,2002,JM,ATL.VICENTINA,6 se- 2,Padova,2020-01-26,https://www.fidal.it/atleta/SPALLETTI-TRIVELLI-Lorenzo/eK6RkpmkbGo%3D,https://www.fidal.it/societa/ATL-VICENTINA/VI626
9.01,9.01,e,GABBRICCI Matteo,2001,JM,CENTRO ATLETICA PIOMBINO,2 ba- 1,Firenze,2020-01-11,https://www.fidal.it/atleta/GABBRICCI-Matteo/fayRkpeicWo%3D,https://www.fidal.it/societa/CENTRO-ATLETICA-PIOMBINO/LI038
9.01,9.01,e,ECONDI Matteo lorenzo,2001,JM,N.ATL. FANFULLA LODIGIANA,3 se- 2,Bergamo,2020-02-02,https://www.fidal.it/atleta/ECONDI-Matteo-lorenzo/dq2Rl5qfcGk%3D,https://www.fidal.it/societa/N-ATL--FANFULLA-LODIGIANA/MI218
9.02,9.02,e,CORTINOVIS Daniele,2001,JM,ATL. BERGAMO 1959 ORIOCENTER,4 ba- 2,Bergamo,2020-01-12,https://www.fidal.it/atleta/CORTINOVIS-Daniele/dqmRl5uoamg%3D,https://www.fidal.it/societa/ATL--BERGAMO-1959-ORIOCENTER/BG003
9.03,9.03,e,GABBRICCI Matteo,2001,JM,CENTRO ATLETICA PIOMBINO,4 fi- 1,Firenze,2020-01-11,https://www.fidal.it/atleta/GABBRICCI-Matteo/fayRkpeicWo%3D,https://www.fidal.it/societa/CENTRO-ATLETICA-PIOMBINO/LI038
9.03,9.03,e,BIANCHI Alvise,2001,JM,ASD ATLETICA BIOTEKNA,8 fi- 1,Padova,2020-01-18,https://www.fidal.it/atleta/BIANCHI-Alvise/eK2RkpWgaWU%3D,https://www.fidal.it/societa/ASD-ATLETICA-BIOTEKNA/VE471
9.03,9.03,e,VEDOVATO Francesco,2001,JM,TOSCANA ATLETICA FUTURA,2 fi- 1,Firenze,2020-01-26,https://www.fidal.it/atleta/VEDOVATO-Francesco/faqRkpKka2w%3D,https://www.fidal.it/societa/TOSCANA-ATLETICA-FUTURA/FI018
9.05,9.05,e,SPALLETTI TRIVELLI Lorenzo,2002,JM,ATL.VICENTINA,3 ba- 3,Modena,2020-01-11,https://www.fidal.it/atleta/SPALLETTI-TRIVELLI-Lorenzo/eK6RkpmkbGo%3D,https://www.fidal.it/societa/ATL-VICENTINA/VI626
9.05,9.05,e,FERRACIN Gabriele,2001,JM,G.A. BASSANO,2 ba- 2,Padova,2020-01-18,https://www.fidal.it/atleta/FERRACIN-Gabriele/eK6RkpmiaWk%3D,https://www.fidal.it/societa/G-A--BASSANO/VI614
9.06,9.06,e,GIANELLONI Leonardo,2001,JM,A.S. ATLETICA SARZANA,3 ba- 1,Firenze,2020-01-11,https://www.fidal.it/atleta/GIANELLONI-Leonardo/dauRkpSjaWg%3D,https://www.fidal.it/societa/A-S--ATLETICA-SARZANA/SP042
9.06,9.06,e,MARINO Christian,2002,JM,ATLETICA CASTELL'ALFERO T.F.R.,2 ba- 1,Aosta,2020-01-19,https://www.fidal.it/atleta/MARINO-Christian/dKuRk5emcWQ%3D,https://www.fidal.it/societa/ATLETICA-CASTELL-ALFERO-T-F-R-/AT012
9.07,9.07,e,FERRACIN Gabriele,2001,JM,G.A. BASSANO,2 ba- 1,Ancona,2020-02-01,https://www.fidal.it/atleta/FERRACIN-Gabriele/eK6RkpmiaWk%3D,https://www.fidal.it/societa/G-A--BASSANO/VI614
9.07,9.07,e,FAZZINI Emanuele,2002,JM,CENTRO ATLETICA PIOMBINO,2 se- 3,Padova,2020-02-02,https://www.fidal.it/atleta/FAZZINI-Emanuele/fayRkpOgbWw%3D,https://www.fidal.it/societa/CENTRO-ATLETICA-PIOMBINO/LI038
9.08,9.08,e,ANGELI Christian,2002,JM,ATL.  VALLI DI NON E SOLE,1 se- 2,Padova,2020-01-12,https://www.fidal.it/atleta/ANGELI-Christian/d6iRk5ejamc%3D,https://www.fidal.it/societa/ATL--VALLI-DI-NON-E-SOLE/TN102
9.08,9.08,e,CACCINI Alessandro,2001,JM,COLLECTION ATLETICA SAMBENEDET,8 fi- 1,Ancona,2020-01-18,https://www.fidal.it/atleta/CACCINI-Alessandro/e6qRkpOnaGQ%3D,https://www.fidal.it/societa/COLLECTION-ATLETICA-SAMBENEDET/AP034
9.08,9.08,e,SPIEZIA Marco,2002,JM,ATLETICA CANAVESANA,3 ba- 1,Aosta,2020-01-19,https://www.fidal.it/atleta/SPIEZIA-Marco/dK6Rl5Wkb2k%3D,https://www.fidal.it/societa/ATLETICA-CANAVESANA/TO015
9.08,9.08,e,GNOCCHI Edoardo,2001,JM,N.ATL. FANFULLA LODIGIANA,3 fi- 2,Saronno,2020-01-26,https://www.fidal.it/atleta/GNOCCHI-Edoardo/drKRkpugb2c%3D,https://www.fidal.it/societa/N-ATL--FANFULLA-LODIGIANA/MI218
9.08,9.08,e,SANTAMBROGIO Mirko,2001,JM,TEAM-A LOMBARDIA,5 se- 2,Padova,2020-02-02,https://www.fidal.it/atleta/SANTAMBROGIO-Mirko/dq2RlJmlaWc%3D,https://www.fidal.it/societa/TEAM-A-LOMBARDIA/MI774
9.09,9.09,e,SPIEZIA Marco,2002,JM,ATLETICA CANAVESANA,2 fi- 1,Aosta,2020-01-19,https://www.fidal.it/atleta/SPIEZIA-Marco/dK6Rl5Wkb2k%3D,https://www.fidal.it/societa/ATLETICA-CANAVESANA/TO015
9.09,9.09,e,AGOLINI Alessandro,2001,JM,ACSI CAMPIDOGLIO PALATINO,2 fi- 1,Ancona,2020-01-26,https://www.fidal.it/atleta/AGOLINI-Alessandro/f6yRlJKfbGQ%3D,https://www.fidal.it/societa/ACSI-CAMPIDOGLIO-PALATINO/RM046
9.09,9.09,e,VAGO Andrea,2001,JM,TEAM-A LOMBARDIA,6 se- 2,Padova,2020-02-02,https://www.fidal.it/atleta/VAGO-Andrea/dq2RlZeicGw%3D,https://www.fidal.it/societa/TEAM-A-LOMBARDIA/MI774
9.1,9.10,e,TOSI Lorenzo,2002,JM,ASD ATLETICA BIOTEKNA,6 su- 1,Udine,2020-01-11,https://www.fidal.it/atleta/TOSI-Lorenzo/eK2RkpegamM%3D,https://www.fidal.it/societa/ASD-ATLETICA-BIOTEKNA/VE471
9.1,9.10,e,VAGO Andrea,2001,JM,TEAM-A LOMBARDIA,3 se- 1,Bergamo,2020-01-19,https://www.fidal.it/atleta/VAGO-Andrea/dq2RlZeicGw%3D,https://www.fidal.it/societa/TEAM-A-LOMBARDIA/MI774
9.11,9.11,e,ECONDI Matteo lorenzo,2001,JM,N.ATL. FANFULLA LODIGIANA,1 se- 1,Bergamo,2020-02-01,https://www.fidal.it/atleta/ECONDI-Matteo-lorenzo/dq2Rl5qfcGk%3D,https://www.fidal.it/societa/N-ATL--FANFULLA-LODIGIANA/MI218
9.12,9.12,e,BINI Lorenzo,2002,JM,TOSCANA ATLETICA FUTURA,4 ba- 1,Firenze,2020-01-11,https://www.fidal.it/atleta/BINI-Lorenzo/faqRkpOgbWY%3D,https://www.fidal.it/societa/TOSCANA-ATLETICA-FUTURA/FI018
9.13,9.13,e,ECONDI Matteo lorenzo,2001,JM,N.ATL. FANFULLA LODIGIANA,2 ba- 2,Saronno,2020-01-26,https://www.fidal.it/atleta/ECONDI-Matteo-lorenzo/dq2Rl5qfcGk%3D,https://www.fidal.it/societa/N-ATL--FANFULLA-LODIGIANA/MI218
9.14,9.14,e,FAZZINI Emanuele,2002,JM,CENTRO ATLETICA PIOMBINO,5 fi- 1,Firenze,2020-01-11,https://www.fidal.it/atleta/FAZZINI-Emanuele/fayRkpOgbWw%3D,https://www.fidal.it/societa/CENTRO-ATLETICA-PIOMBINO/LI038
9.15,9.15,e,CARENA Michele,2002,JM,S.A.F.ATLETICA PIEMONTE A.S.D.,1 fi- 1,Bra,2020-01-11,https://www.fidal.it/atleta/CARENA-Michele/dKyRlJelbWg%3D,https://www.fidal.it/societa/S-A-F-ATLETICA-PIEMONTE-A-S-D-/TO226
9.16,9.16,e,BARELLA Niccolo',2002,JM,TEAM-A LOMBARDIA,3 se- 3,Padova,2020-02-02,https://www.fidal.it/atleta/BARELLA-Niccolo-/dq2RlZOibmo%3D,https://www.fidal.it/societa/TEAM-A-LOMBARDIA/MI774
9.17,9.17,e,PATTANO Federico,2002,JM,PRO SESTO ATL.,5 ba- 2,Bergamo,2020-01-12,https://www.fidal.it/atleta/PATTANO-Federico/dq2Rl5OhamU%3D,https://www.fidal.it/societa/PRO-SESTO-ATL-/MI089
9.17,9.17,e,AGOLINI Alessandro,2001,JM,ACSI CAMPIDOGLIO PALATINO,5 ba- 2,Ancona,2020-01-18,https://www.fidal.it/atleta/AGOLINI-Alessandro/f6yRlJKfbGQ%3D,https://www.fidal.it/societa/ACSI-CAMPIDOGLIO-PALATINO/RM046
9.17,9.17,e,FAZZINI Emanuele,2002,JM,CENTRO ATLETICA PIOMBINO,3 su- 1,Firenze,2020-01-19,https://www.fidal.it/atleta/FAZZINI-Emanuele/fayRkpOgbWw%3D,https://www.fidal.it/societa/CENTRO-ATLETICA-PIOMBINO/LI038
9.17,9.17,e,GATTINONI Matteo,2002,JM,ATL. VIRTUS CASTENEDOLO,4 se- 2,Bergamo,2020-02-02,https://www.fidal.it/atleta/GATTINONI-Matteo/dqqRmJmibmw%3D,https://www.fidal.it/societa/ATL--VIRTUS-CASTENEDOLO/BS575
9.2,9.20,e,BARELLA Niccolo',2002,JM,TEAM-A LOMBARDIA,2 ba- 3,Bergamo,2020-01-12,https://www.fidal.it/atleta/BARELLA-Niccolo-/dq2RlZOibmo%3D,https://www.fidal.it/societa/TEAM-A-LOMBARDIA/MI774
9.2,9.20,e,BONETTI Roberto,2002,JM,CREMONA SPORTIVA ATL. ARVEDI,2 se- 2,Padova,2020-01-12,https://www.fidal.it/atleta/BONETTI-Roberto/dqyRlpqfb2Y%3D,https://www.fidal.it/societa/CREMONA-SPORTIVA-ATL--ARVEDI/CR041
9.2,9.20,e,NOBILE Lorenzo,2001,JM,ATLETICA MALIGNANI LIBERTAS UD,4 su- 1,Udine,2020-01-25,https://www.fidal.it/atleta/NOBILE-Lorenzo/eayRk5mgb2M%3D,https://www.fidal.it/societa/ATLETICA-MALIGNANI-LIBERTAS-UD/UD030
9.21,9.21,e,FERRACIN Gabriele,2001,JM,G.A. BASSANO,6 fi- 1,Padova,2020-01-04,https://www.fidal.it/atleta/FERRACIN-Gabriele/eK6RkpmiaWk%3D,https://www.fidal.it/societa/G-A--BASSANO/VI614
9.21,9.21,e,GNOCCHI Edoardo,2001,JM,N.ATL. FANFULLA LODIGIANA,5 ba- 1,Saronno,2020-01-26,https://www.fidal.it/atleta/GNOCCHI-Edoardo/drKRkpugb2c%3D,https://www.fidal.it/societa/N-ATL--FANFULLA-LODIGIANA/MI218
9.22,9.22,e,FERRACIN Gabriele,2001,JM,G.A. BASSANO,2 ba- 2,Padova,2020-01-04,https://www.fidal.it/atleta/FERRACIN-Gabriele/eK6RkpmiaWk%3D,https://www.fidal.it/societa/G-A--BASSANO/VI614
9.23,9.23,e,SPALLETTI TRIVELLI Lorenzo,2002,JM,ATL.VICENTINA,3 ba- 2,Padova,2020-01-04,https://www.fidal.it/atleta/SPALLETTI-TRIVELLI-Lorenzo/eK6RkpmkbGo%3D,https://www.fidal.it/societa/ATL-VICENTINA/VI626
9.23,9.23,e,BONETTI Roberto,2002,JM,CREMONA SPORTIVA ATL. ARVEDI,4 se- 3,Padova,2020-02-02,https://www.fidal.it/atleta/BONETTI-Roberto/dqyRlpqfb2Y%3D,https://www.fidal.it/societa/CREMONA-SPORTIVA-ATL--ARVEDI/CR041
9.23,9.23,e,CORTINOVIS Daniele,2001,JM,ATL. BERGAMO 1959 ORIOCENTER,7 se- 2,Padova,2020-02-02,https://www.fidal.it/atleta/CORTINOVIS-Daniele/dqmRl5uoamg%3D,https://www.fidal.it/societa/ATL--BERGAMO-1959-ORIOCENTER/BG003
9.24,9.24,e,DONADONI Matteo,2001,JM,FONDAZIONE M. BENTEGODI,3 ba- 2,Modena,2020-01-11,https://www.fidal.it/atleta/DONADONI-Matteo/eKAAARkpimcWs%3D,https://www.fidal.it/societa/FONDAZIONE-M--BENTEGODI/VR784
9.24,9.24,e,PATTANO Federico,2002,JM,PRO SESTO ATL.,6 se- 2,Bergamo,2020-02-01,https://www.fidal.it/atleta/PATTANO-Federico/dq2Rl5OhamU%3D,https://www.fidal.it/societa/PRO-SESTO-ATL-/MI089
9.26,9.26,e,FAZZINI Emanuele,2002,JM,CENTRO ATLETICA PIOMBINO,5 ba- 1,Firenze,2020-01-11,https://www.fidal.it/atleta/FAZZINI-Emanuele/fayRkpOgbWw%3D,https://www.fidal.it/societa/CENTRO-ATLETICA-PIOMBINO/LI038
9.26,9.26,e,BONETTI Roberto,2002,JM,CREMONA SPORTIVA ATL. ARVEDI,1 se- 3,Bergamo,2020-01-19,https://www.fidal.it/atleta/BONETTI-Roberto/dqyRlpqfb2Y%3D,https://www.fidal.it/societa/CREMONA-SPORTIVA-ATL--ARVEDI/CR041
9.28,9.28,e,MARINO Christian,2002,JM,ATLETICA CASTELL'ALFERO T.F.R.,5 se- 3,Padova,2020-02-02,https://www.fidal.it/atleta/MARINO-Christian/dKuRk5emcWQ%3D,https://www.fidal.it/societa/ATLETICA-CASTELL-ALFERO-T-F-R-/AT012
9.28,9.28,e,FERNANDES Marco,2001,JM,N.ATL. FANFULLA LODIGIANA,2 ba- 1,Bergamo,2020-02-16,https://www.fidal.it/atleta/FERNANDES-Marco/drKRk5Sgbmc%3D,https://www.fidal.it/societa/N-ATL--FANFULLA-LODIGIANA/MI218
9.29,9.29,e,PINI Riccardo,2002,JM,U.S. ATL. VEDANO,2 ba- 3,Saronno,2020-01-26,https://www.fidal.it/atleta/PINI-Riccardo/dquRkpukb2c%3D,https://www.fidal.it/societa/U-S--ATL--VEDANO/MI054
9.3,9.30,e,CORTINOVIS Daniele,2001,JM,ATL. BERGAMO 1959 ORIOCENTER,2 se- 2,Bergamo,2020-01-19,https://www.fidal.it/atleta/CORTINOVIS-Daniele/dqmRl5uoamg%3D,https://www.fidal.it/societa/ATL--BERGAMO-1959-ORIOCENTER/BG003
9.3,9.30,e,GATTINONI Matteo,2002,JM,ATL. VIRTUS CASTENEDOLO,2 se- 1,Bergamo,2020-02-01,https://www.fidal.it/atleta/GATTINONI-Matteo/dqqRmJmibmw%3D,https://www.fidal.it/societa/ATL--VIRTUS-CASTENEDOLO/BS575
9.32,9.32,e,GALLI Matteo,2001,JM,PRO SESTO ATL.,4 fi- 1,Aosta,2020-01-12,https://www.fidal.it/atleta/GALLI-Matteo/dKmRk5qgb2s%3D,https://www.fidal.it/societa/PRO-SESTO-ATL-/MI089
9.33,9.33,e,NOBILE Lorenzo,2001,JM,ATLETICA MALIGNANI LIBERTAS UD,7 su- 1,Udine,2020-01-11,https://www.fidal.it/atleta/NOBILE-Lorenzo/eayRk5mgb2M%3D,https://www.fidal.it/societa/ATLETICA-MALIGNANI-LIBERTAS-UD/UD030
9.33,9.33,e,BANO Massimo,2002,JM,ASSOCIAZIONE ATLETICA N.E.VI.,5 se- 1,Padova,2020-01-12,https://www.fidal.it/atleta/BANO-Massimo/eKqRkpegaGs%3D,https://www.fidal.it/societa/ASSOCIAZIONE-ATLETICA-N-E-VI-/VI623
9.33,9.33,e,PATTANO Federico,2002,JM,PRO SESTO ATL.,3 ba- 2,Saronno,2020-01-26,https://www.fidal.it/atleta/PATTANO-Federico/dq2Rl5OhamU%3D,https://www.fidal.it/societa/PRO-SESTO-ATL-/MI089
9.33,9.33,e,RICCARDI Mirco,2001,JM,G.S. TRILACUM,3 fi- 1,Firenze,2020-01-26,https://www.fidal.it/atleta/RICCARDI-Mirco/d6iRk5SoaGY%3D,https://www.fidal.it/societa/G-S--TRILACUM/TN524
9.33,9.33,e,BARELLA Niccolo',2002,JM,TEAM-A LOMBARDIA,4 fi- 2,Saronno,2020-01-26,https://www.fidal.it/atleta/BARELLA-Niccolo-/dq2RlZOibmo%3D,https://www.fidal.it/societa/TEAM-A-LOMBARDIA/MI774
9.33,9.33,e,GATTINONI Matteo,2002,JM,ATL. VIRTUS CASTENEDOLO,1 ba- 1,Padova,2020-02-08,https://www.fidal.it/atleta/GATTINONI-Matteo/dqqRmJmibmw%3D,https://www.fidal.it/societa/ATL--VIRTUS-CASTENEDOLO/BS575
9.34,9.34,e,GATTINONI Matteo,2002,JM,ATL. VIRTUS CASTENEDOLO,3 ba- 2,Padova,2020-01-18,https://www.fidal.it/atleta/GATTINONI-Matteo/dqqRmJmibmw%3D,https://www.fidal.it/societa/ATL--VIRTUS-CASTENEDOLO/BS575
9.34,9.34,e,TOSI Lorenzo,2002,JM,ASD ATLETICA BIOTEKNA,7 ba- 1,Padova,2020-01-18,https://www.fidal.it/atleta/TOSI-Lorenzo/eK2RkpegamM%3D,https://www.fidal.it/societa/ASD-ATLETICA-BIOTEKNA/VE471
9.35,9.35,e,NOBILE Lorenzo,2001,JM,ATLETICA MALIGNANI LIBERTAS UD,5 su- 1,Udine,2020-01-18,https://www.fidal.it/atleta/NOBILE-Lorenzo/eayRk5mgb2M%3D,https://www.fidal.it/societa/ATLETICA-MALIGNANI-LIBERTAS-UD/UD030
9.36,9.36,e,GATTINONI Matteo,2002,JM,ATL. VIRTUS CASTENEDOLO,3 ba- 3,Bergamo,2020-01-12,https://www.fidal.it/atleta/GATTINONI-Matteo/dqqRmJmibmw%3D,https://www.fidal.it/societa/ATL--VIRTUS-CASTENEDOLO/BS575
9.36,9.36,e,BADIN Giorgio,1971,SM45,A.S.D. ATLETICA MASTER TRIESTE,1 su- 1,Padova,2020-02-15,https://www.fidal.it/atleta/BADIN-Giorgio/eauRk5OjbWY%3D,https://www.fidal.it/societa/A-S-D--ATLETICA-MASTER-TRIESTE/TS546
9.37,9.37,e,GALLI Matteo,2001,JM,PRO SESTO ATL.,4 ba- 1,Aosta,2020-01-12,https://www.fidal.it/atleta/GALLI-Matteo/dKmRk5qgb2s%3D,https://www.fidal.it/societa/PRO-SESTO-ATL-/MI089
9.38,9.38,e,RICCARDI Mirco,2001,JM,G.S. TRILACUM,3 ba- 1,Firenze,2020-01-26,https://www.fidal.it/atleta/RICCARDI-Mirco/d6iRk5SoaGY%3D,https://www.fidal.it/societa/G-S--TRILACUM/TN524
9.41,9.41,e,BARELLA Niccolo',2002,JM,TEAM-A LOMBARDIA,4 ba- 2,Saronno,2020-01-26,https://www.fidal.it/atleta/BARELLA-Niccolo-/dq2RlZOibmo%3D,https://www.fidal.it/societa/TEAM-A-LOMBARDIA/MI774
9.42,9.42,e,GRANCINI Tommaso,2001,JM,ATL. O.S.A. SARONNO LIB.,4 ba- 3,Modena,2020-01-11,https://www.fidal.it/atleta/GRANCINI-Tommaso/drKRkpiib2o%3D,https://www.fidal.it/societa/ATL--O-S-A--SARONNO-LIB-/VA119
9.42,9.42,e,SPIEZIA Marco,2002,JM,ATLETICA CANAVESANA,3 se- 2,Padova,2020-01-12,https://www.fidal.it/atleta/SPIEZIA-Marco/dK6Rl5Wkb2k%3D,https://www.fidal.it/societa/ATLETICA-CANAVESANA/TO015
9.42,9.42,e,BARELLA Niccolo',2002,JM,TEAM-A LOMBARDIA,2 se- 3,Bergamo,2020-01-19,https://www.fidal.it/atleta/BARELLA-Niccolo-/dq2RlZOibmo%3D,https://www.fidal.it/societa/TEAM-A-LOMBARDIA/MI774
9.42,9.42,e,GATTI Gioele,2001,JM,ATL. O.S.A. SARONNO LIB.,3 se- 2,Bergamo,2020-01-19,https://www.fidal.it/atleta/GATTI-Gioele/dquRkpqobmk%3D,https://www.fidal.it/societa/ATL--O-S-A--SARONNO-LIB-/VA119
9.44,9.44,e,PINI Riccardo,2002,JM,U.S. ATL. VEDANO,5 fi- 2,Saronno,2020-01-26,https://www.fidal.it/atleta/PINI-Riccardo/dquRkpukb2c%3D,https://www.fidal.it/societa/U-S--ATL--VEDANO/MI054
9.45,9.45,e,GRANCINI Tommaso,2001,JM,ATL. O.S.A. SARONNO LIB.,5 ba- 2,Saronno,2020-01-26,https://www.fidal.it/atleta/GRANCINI-Tommaso/drKRkpiib2o%3D,https://www.fidal.it/societa/ATL--O-S-A--SARONNO-LIB-/VA119
9.45,9.45,e,GRANCINI Tommaso,2001,JM,ATL. O.S.A. SARONNO LIB.,6 fi- 2,Saronno,2020-01-26,https://www.fidal.it/atleta/GRANCINI-Tommaso/drKRkpiib2o%3D,https://www.fidal.it/societa/ATL--O-S-A--SARONNO-LIB-/VA119
9.49,9.49,e,ROCCO Mattia,2001,JM,ATLETICA CASTELL'ALFERO T.F.R.,2 fi- 1,Bra,2020-01-11,https://www.fidal.it/atleta/ROCCO-Mattia/dKuRk5inaGU%3D,https://www.fidal.it/societa/ATLETICA-CASTELL-ALFERO-T-F-R-/AT012
9.5,9.50,e,BANO Massimo,2002,JM,ASSOCIAZIONE ATLETICA N.E.VI.,4 ba- 2,Padova,2020-01-04,https://www.fidal.it/atleta/BANO-Massimo/eKqRkpegaGs%3D,https://www.fidal.it/societa/ASSOCIAZIONE-ATLETICA-N-E-VI-/VI623
9.53,9.53,e,GATTI Gioele,2001,JM,ATL. O.S.A. SARONNO LIB.,4 ba- 2,Modena,2020-01-11,https://www.fidal.it/atleta/GATTI-Gioele/dquRkpqobmk%3D,https://www.fidal.it/societa/ATL--O-S-A--SARONNO-LIB-/VA119
9.54,9.54,e,VENTURINI Michele,2001,JM,FONDAZIONE M. BENTEGODI,4 ba- 2,Padova,2020-01-18,https://www.fidal.it/atleta/VENTURINI-Michele/eKAAARkpmmamo%3D,https://www.fidal.it/societa/FONDAZIONE-M--BENTEGODI/VR784
9.55,9.55,e,GARBERINO Michael,2002,JM,ASSOCIAZIONE ATLETICA N.E.VI.,5 ba- 2,Padova,2020-01-18,https://www.fidal.it/atleta/GARBERINO-Michael/eK6Rk5SiaWk%3D,https://www.fidal.it/societa/ASSOCIAZIONE-ATLETICA-N-E-VI-/VI623
9.56,9.56,e,ROCCO Mattia,2001,JM,ATLETICA CASTELL'ALFERO T.F.R.,6 se- 3,Padova,2020-02-02,https://www.fidal.it/atleta/ROCCO-Mattia/dKuRk5inaGU%3D,https://www.fidal.it/societa/ATLETICA-CASTELL-ALFERO-T-F-R-/AT012
9.63,9.63,e,CARENA Michele,2002,JM,S.A.F.ATLETICA PIEMONTE A.S.D.,1 ba- 1,Bra,2020-01-11,https://www.fidal.it/atleta/CARENA-Michele/dKyRlJelbWg%3D,https://www.fidal.it/societa/S-A-F-ATLETICA-PIEMONTE-A-S-D-/TO226
9.65,9.65,e,ROCCO Mattia,2001,JM,ATLETICA CASTELL'ALFERO T.F.R.,2 ba- 1,Bra,2020-01-11,https://www.fidal.it/atleta/ROCCO-Mattia/dKuRk5inaGU%3D,https://www.fidal.it/societa/ATLETICA-CASTELL-ALFERO-T-F-R-/AT012
9.65,9.65,e,ABBASI Valerio,2002,JM,ATL BRUGNERA PN FRIULINTAGLI,6 su- 1,Udine,2020-01-18,https://www.fidal.it/atleta/ABBASI-Valerio/eaqRkpunb2Q%3D,https://www.fidal.it/societa/ATL-BRUGNERA-PN-FRIULINTAGLI/PN039
9.82,9.82,e,FEDI Federico,1980,SM40,ATLETICA GROSSETO BANCA TEMA,5 su- 1,Firenze,2020-02-15,https://www.fidal.it/atleta/FEDI-Federico/fauRkpOlaWw%3D,https://www.fidal.it/societa/ATLETICA-GROSSETO-BANCA-TEMA/GR065
9.83,9.83,e,MARCONI Nicolo',2002,JM,EXPANDIA ATL. INSIEME VERONA,7 se- 2,Padova,2020-01-26,https://www.fidal.it/atleta/MARCONI-Nicolo-/eKAAARkpqobGM%3D,https://www.fidal.it/societa/EXPANDIA-ATL--INSIEME-VERONA/VR761
9.87,9.87,e,ORSILLO Emiliano,2002,JM,SPORT RACE S.S.D. A R.L.,6 se- 1,Padova,2020-02-02,https://www.fidal.it/atleta/ORSILLO-Emiliano/f6yRlJWhbmc%3D,https://www.fidal.it/societa/SPORT-RACE-S-S-D--A-R-L-/RM243
9.94,9.94,e,LIBERATI Giovanni,2002,JM,ASD ATLETICA GRAN SASSO TERAMO,5 ba- 1,Ancona,2020-01-11,https://www.fidal.it/atleta/LIBERATI-Giovanni/g6mRkpOmcGc%3D,https://www.fidal.it/societa/ASD-ATLETICA-GRAN-SASSO-TERAMO/TE138
9.99,9.99,e,MAGGIONI Giacomo,2001,JM,G.S. VIRTUS CALCO,3 ba- 3,Saronno,2020-01-26,https://www.fidal.it/atleta/MAGGIONI-Giacomo/dquRk5OgbmU%3D,https://www.fidal.it/societa/G-S--VIRTUS-CALCO/CO294
10.04,10.04,e,CUNIAL Davide,2001,JM,ATLETICA PEDEROBBA,5 ba- 2,Padova,2020-01-04,https://www.fidal.it/atleta/CUNIAL-Davide/eKyRkpulbGY%3D,https://www.fidal.it/societa/ATLETICA-PEDEROBBA/TV381
10.08,10.08,e,CASSOTTI Fidel,2002,JM,ATL. VALLE IMAGNA,3 se- 3,Bergamo,2020-01-19,https://www.fidal.it/atleta/CASSOTTI-Fidel/dqmRmJOhaWw%3D,https://www.fidal.it/societa/ATL--VALLE-IMAGNA/BG511
10.09,10.09,e,VENTURINI Michele,2001,JM,FONDAZIONE M. BENTEGODI,6 se- 1,Padova,2020-01-12,https://www.fidal.it/atleta/VENTURINI-Michele/eKAAARkpmmamo%3D,https://www.fidal.it/societa/FONDAZIONE-M--BENTEGODI/VR784
10.14,10.14,e,BANO Massimo,2002,JM,ASSOCIAZIONE ATLETICA N.E.VI.,7 se- 3,Padova,2020-02-02,https://www.fidal.it/atleta/BANO-Massimo/eKqRkpegaGs%3D,https://www.fidal.it/societa/ASSOCIAZIONE-ATLETICA-N-E-VI-/VI623
10.17,10.17,e,VEDANA Filippo,1974,SM45,A.ATL.DOLOMITI BELLUNO,2 su- 1,Padova,2020-02-15,https://www.fidal.it/atleta/VEDANA-Filippo/eKmRlJKicWs%3D,https://www.fidal.it/societa/A-ATL-DOLOMITI-BELLUNO/BL010
10.22,10.22,e,SOPPELSA Diego,2001,JM,A.S.D.SSV BRIXEN,1 su- 1,Innsbruck,2020-01-26,https://www.fidal.it/atleta/SOPPELSA-Diego/iaiRk5SkcGY%3D,https://www.fidal.it/societa/A-S-D-SSV-BRIXEN/BZ031
10.24,10.24,e,GUZZI Mattia,1983,SM35,N.ATL. FANFULLA LODIGIANA,3 su- 1,Padova,2020-02-15,https://www.fidal.it/atleta/GUZZI-Mattia/dq2RkpWmbmM%3D,https://www.fidal.it/societa/N-ATL--FANFULLA-LODIGIANA/MI218
10.3,10.30,e,MAGGIONI Giacomo,2001,JM,G.S. VIRTUS CALCO,1 se- 4,Bergamo,2020-01-19,https://www.fidal.it/atleta/MAGGIONI-Giacomo/dquRk5OgbmU%3D,https://www.fidal.it/societa/G-S--VIRTUS-CALCO/CO294
10.4,10.40,e,BIONDI Filippo,1983,SM35,EXPANDIA ATL. INSIEME VERONA,1 se- 1,Padova,2020-02-15,https://www.fidal.it/atleta/BIONDI-Filippo/h6iRlJOhcWo%3D,https://www.fidal.it/societa/EXPANDIA-ATL--INSIEME-VERONA/VR761
10.45,10.45,e,LONGO Marco,1974,SM45,A.S.D. TEAM TREVISO,2 se- 1,Padova,2020-02-15,https://www.fidal.it/atleta/LONGO-Marco/eKyRk5Ofbmc%3D,https://www.fidal.it/societa/A-S-D--TEAM-TREVISO/TV398
10.48,10.48,e,BAITELLI Andrea,2001,JM,ATL. VALLE IMAGNA,2 se- 4,Bergamo,2020-01-19,https://www.fidal.it/atleta/BAITELLI-Andrea/dqmRl5imb2w%3D,https://www.fidal.it/societa/ATL--VALLE-IMAGNA/BG511
10.62,10.62,e,SOPPELSA Diego,2001,JM,A.S.D.SSV BRIXEN,6 ba- 2,Padova,2020-01-18,https://www.fidal.it/atleta/SOPPELSA-Diego/iaiRk5SkcGY%3D,https://www.fidal.it/societa/A-S-D-SSV-BRIXEN/BZ031
10.66,10.66,e,SOPPELSA Diego,2001,JM,A.S.D.SSV BRIXEN,2 ba- 1,Padova,2020-02-08,https://www.fidal.it/atleta/SOPPELSA-Diego/iaiRk5SkcGY%3D,https://www.fidal.it/societa/A-S-D-SSV-BRIXEN/BZ031
10.86,10.86,e,SORAGNI Filippo,2001,JM,S.G.LA PATRIA 1879 CARPI,4 se- 2,Padova,2020-01-12,https://www.fidal.it/atleta/SORAGNI-Filippo/eqyRkpambGQ%3D,https://www.fidal.it/societa/S-G-LA-PATRIA-1879-CARPI/MO057
10.89,10.89,e,RAMALLI Lorenzo,2002,JM,PROSPORT ATL. FIRENZE,4 su- 1,Firenze,2020-01-19,https://www.fidal.it/atleta/RAMALLI-Lorenzo/faqRkpaib2M%3D,https://www.fidal.it/societa/PROSPORT-ATL--FIRENZE/FI009
10.92,10.92,e,RAMALLI Lorenzo,2002,JM,PROSPORT ATL. FIRENZE,4 ba- 1,Firenze,2020-01-26,https://www.fidal.it/atleta/RAMALLI-Lorenzo/faqRkpaib2M%3D,https://www.fidal.it/societa/PROSPORT-ATL--FIRENZE/FI009
11.41,11.41,e,TUTI Thomas,1971,SM45,EXPANDIA ATL. INSIEME VERONA,3 se- 1,Padova,2020-02-15,https://www.fidal.it/atleta/TUTI-Thomas/iaiRkpKhbGo%3D,https://www.fidal.it/societa/EXPANDIA-ATL--INSIEME-VERONA/VR761
11.59,11.59,e,POLETTI Marco,1971,SM45,ATLETICA SANTAMONICA MISANO,4 se- 1,Padova,2020-02-15,https://www.fidal.it/atleta/POLETTI-Marco/dq2RlpShamQ%3D,https://www.fidal.it/societa/ATLETICA-SANTAMONICA-MISANO/RN471
11.93,11.93,e,RIVELA Lorenzo,2002,JM,ASD LA GALLA PONTEDERA ATL.,5 su- 1,Firenze,2020-01-19,https://www.fidal.it/atleta/RIVELA-Lorenzo/faAAARkpOma2c%3D,https://www.fidal.it/societa/ASD-LA-GALLA-PONTEDERA-ATL-/PI144
13.0,13.00,e,CECCARELLI Dario carlo,1976,SM40,SEZ. ATL. ORATORIO CORNAREDO,5 se- 1,Padova,2020-02-15,https://www.fidal.it/atleta/CECCARELLI-Dario-carlo/dq2RmJqhbmg%3D,https://www.fidal.it/societa/SEZ--ATL--ORATORIO-CORNAREDO/MI093
13.19,13.19,e,MANFRIANI Angiolo,1972,SM45,TOSCANA ATLETICA FUTURA,6 se- 1,Padova,2020-02-15,https://www.fidal.it/atleta/MANFRIANI-Angiolo/faqRkpqmcGo%3D,https://www.fidal.it/societa/TOSCANA-ATLETICA-FUTURA/FI018
13.78,13.78,e,BOCCAFOGLI Samuele,1975,SM45,ATL. BONDENO,7 se- 1,Padova,2020-02-15,https://www.fidal.it/atleta/BOCCAFOGLI-Samuele/eqiRkpOfbGc%3D,https://www.fidal.it/societa/ATL--BONDENO/FE025
7.63,7.63,e,SIMONELLI Lorenzo ndele,2002,JM,C.S. ESERCITO,1 fi- 1,Ancona,2021-02-07,https://www.fidal.it/atleta/SIMONELLI-Lorenzo-ndele/f6yRkpqnbGg%3D,https://www.fidal.it/societa/C-S--ESERCITO/RM052
7.81,7.81,e,GOSIO Paolo,2003,JM,ATL. BERGAMO 1959 ORIOCENTER,2 fi- 1,Ancona,2021-02-07,https://www.fidal.it/atleta/GOSIO-Paolo/dqqRmJmfaGs%3D,https://www.fidal.it/societa/ATL--BERGAMO-1959-ORIOCENTER/BG003
7.82,7.82,e,SIMONELLI Lorenzo ndele,2002,JM,C.S. ESERCITO,1 ba- 2,Ancona,2021-02-07,https://www.fidal.it/atleta/SIMONELLI-Lorenzo-ndele/f6yRkpqnbGg%3D,https://www.fidal.it/societa/C-S--ESERCITO/RM052
7.94,7.94,e,ROTA Alessandro,2002,JM,ATL. LECCO-COLOMBO COSTRUZ.,3 fi- 1,Ancona,2021-02-07,https://www.fidal.it/atleta/ROTA-Alessandro/dquRk5WmaWY%3D,https://www.fidal.it/societa/ATL--LECCO-COLOMBO-COSTRUZ-/CO208
7.95,7.95,e,GOSIO Paolo,2003,JM,ATL. BERGAMO 1959 ORIOCENTER,1 ba- 1,Ancona,2021-02-07,https://www.fidal.it/atleta/GOSIO-Paolo/dqqRmJmfaGs%3D,https://www.fidal.it/societa/ATL--BERGAMO-1959-ORIOCENTER/BG003
8.02,8.02,e,BERRINO Riccardo,2002,JM,A.S.D.  C.U.S. GENOVA,1 fi- 1,Modena,2021-01-24,https://www.fidal.it/atleta/BERRINO-Riccardo/dayRkpSncWc%3D,https://www.fidal.it/societa/A-S-D--C-U-S--GENOVA/GE002
8.02,8.02,e,GOSIO Paolo,2003,JM,ATL. BERGAMO 1959 ORIOCENTER,1 su- 1,Casalmaggiore,2021-01-24,https://www.fidal.it/atleta/GOSIO-Paolo/dqqRmJmfaGs%3D,https://www.fidal.it/societa/ATL--BERGAMO-1959-ORIOCENTER/BG003
8.03,8.03,e,ROTA Alessandro,2002,JM,ATL. LECCO-COLOMBO COSTRUZ.,2 ba- 2,Ancona,2021-02-07,https://www.fidal.it/atleta/ROTA-Alessandro/dquRk5WmaWY%3D,https://www.fidal.it/societa/ATL--LECCO-COLOMBO-COSTRUZ-/CO208
8.05,8.05,e,GOSIO Paolo,2003,JM,ATL. BERGAMO 1959 ORIOCENTER,1 se- 1,Saronno,2021-01-17,https://www.fidal.it/atleta/GOSIO-Paolo/dqqRmJmfaGs%3D,https://www.fidal.it/societa/ATL--BERGAMO-1959-ORIOCENTER/BG003
8.06,8.06,e,BERRINO Riccardo,2002,JM,A.S.D.  C.U.S. GENOVA,3 ba- 2,Ancona,2021-02-07,https://www.fidal.it/atleta/BERRINO-Riccardo/dayRkpSncWc%3D,https://www.fidal.it/societa/A-S-D--C-U-S--GENOVA/GE002
8.09,8.09,e,PEZZOLATO Lorenzo,2002,JM,G.S. FIAMME ORO PADOVA,4 fi- 1,Ancona,2021-02-07,https://www.fidal.it/atleta/PEZZOLATO-Lorenzo/eKqRkpigcGw%3D,https://www.fidal.it/societa/G-S--FIAMME-ORO-PADOVA/PD131
8.1,8.10,e,BERRINO Riccardo,2002,JM,A.S.D.  C.U.S. GENOVA,5 fi- 1,Ancona,2021-02-07,https://www.fidal.it/atleta/BERRINO-Riccardo/dayRkpSncWc%3D,https://www.fidal.it/societa/A-S-D--C-U-S--GENOVA/GE002
8.12,8.12,e,GOSIO Paolo,2003,JM,ATL. BERGAMO 1959 ORIOCENTER,1 su- 1,Casalmaggiore,2021-01-24,https://www.fidal.it/atleta/GOSIO-Paolo/dqqRmJmfaGs%3D,https://www.fidal.it/societa/ATL--BERGAMO-1959-ORIOCENTER/BG003
8.12,8.12,e,PEZZOLATO Lorenzo,2002,JM,G.S. FIAMME ORO PADOVA,1 ba- 3,Ancona,2021-02-07,https://www.fidal.it/atleta/PEZZOLATO-Lorenzo/eKqRkpigcGw%3D,https://www.fidal.it/societa/G-S--FIAMME-ORO-PADOVA/PD131
8.14,8.14,e,LEGNANI Riccardo,2003,JM,CUS PRO PATRIA MILANO,4 ba- 2,Ancona,2021-02-07,https://www.fidal.it/atleta/LEGNANI-Riccardo/dq2Rl5mmbGM%3D,https://www.fidal.it/societa/CUS-PRO-PATRIA-MILANO/MI077
8.16,8.16,e,LEGNANI Riccardo,2003,JM,CUS PRO PATRIA MILANO,6 fi- 1,Ancona,2021-02-07,https://www.fidal.it/atleta/LEGNANI-Riccardo/dq2Rl5mmbGM%3D,https://www.fidal.it/societa/CUS-PRO-PATRIA-MILANO/MI077
8.19,8.19,e,GOSIO Paolo,2003,JM,ATL. BERGAMO 1959 ORIOCENTER,1 se- 2,Saronno,2021-01-17,https://www.fidal.it/atleta/GOSIO-Paolo/dqqRmJmfaGs%3D,https://www.fidal.it/societa/ATL--BERGAMO-1959-ORIOCENTER/BG003
8.19,8.19,e,ROTA Alessandro,2002,JM,ATL. LECCO-COLOMBO COSTRUZ.,2 su- 1,Casalmaggiore,2021-01-24,https://www.fidal.it/atleta/ROTA-Alessandro/dquRk5WmaWY%3D,https://www.fidal.it/societa/ATL--LECCO-COLOMBO-COSTRUZ-/CO208
8.2,8.20,e,BERRINO Riccardo,2002,JM,A.S.D.  C.U.S. GENOVA,2 se- 1,Saronno,2021-01-17,https://www.fidal.it/atleta/BERRINO-Riccardo/dayRkpSncWc%3D,https://www.fidal.it/societa/A-S-D--C-U-S--GENOVA/GE002
8.21,8.21,e,ROTA Alessandro,2002,JM,ATL. LECCO-COLOMBO COSTRUZ.,2 su- 1,Casalmaggiore,2021-01-24,https://www.fidal.it/atleta/ROTA-Alessandro/dquRk5WmaWY%3D,https://www.fidal.it/societa/ATL--LECCO-COLOMBO-COSTRUZ-/CO208
8.21,8.21,e,FALZOI Giacomo marco,2002,JM,BATTAGLIO C.U.S. TORINO ATL,2 ba- 1,Ancona,2021-02-07,https://www.fidal.it/atleta/FALZOI-Giacomo-marco/dK6Rlpegbmg%3D,https://www.fidal.it/societa/BATTAGLIO-C-U-S--TORINO-ATL/TO001
8.21,8.21,e,FALZOI Giacomo marco,2002,JM,BATTAGLIO C.U.S. TORINO ATL,7 fi- 1,Ancona,2021-02-07,https://www.fidal.it/atleta/FALZOI-Giacomo-marco/dK6Rlpegbmg%3D,https://www.fidal.it/societa/BATTAGLIO-C-U-S--TORINO-ATL/TO001
8.21,8.21,e,COREN Simone,2003,JM,ATLETICA MALIGNANI LIBERTAS UD,1 fi- 1,Udine,2021-02-14,https://www.fidal.it/atleta/COREN-Simone/eayRk5ehcGk%3D,https://www.fidal.it/societa/ATLETICA-MALIGNANI-LIBERTAS-UD/UD030
8.22,8.22,e,BERRINO Riccardo,2002,JM,A.S.D.  C.U.S. GENOVA,1 ba- 1,Modena,2021-01-24,https://www.fidal.it/atleta/BERRINO-Riccardo/dayRkpSncWc%3D,https://www.fidal.it/societa/A-S-D--C-U-S--GENOVA/GE002
8.23,8.23,e,BERRINO Riccardo,2002,JM,A.S.D.  C.U.S. GENOVA,1 se- 1,Saronno,2021-01-17,https://www.fidal.it/atleta/BERRINO-Riccardo/dayRkpSncWc%3D,https://www.fidal.it/societa/A-S-D--C-U-S--GENOVA/GE002
8.23,8.23,e,ADORNI Gabriele,2002,JM,ATLETICA SANDRO CALVESI,3 ba- 1,Ancona,2021-02-07,https://www.fidal.it/atleta/ADORNI-Gabriele/dKqRkpOlb2w%3D,https://www.fidal.it/societa/ATLETICA-SANDRO-CALVESI/AO004
8.23,8.23,e,COREN Simone,2003,JM,ATLETICA MALIGNANI LIBERTAS UD,1 ba- 1,Udine,2021-02-14,https://www.fidal.it/atleta/COREN-Simone/eayRk5ehcGk%3D,https://www.fidal.it/societa/ATLETICA-MALIGNANI-LIBERTAS-UD/UD030
8.24,8.24,e,COREN Simone,2003,JM,ATLETICA MALIGNANI LIBERTAS UD,2 ba- 3,Ancona,2021-02-07,https://www.fidal.it/atleta/COREN-Simone/eayRk5ehcGk%3D,https://www.fidal.it/societa/ATLETICA-MALIGNANI-LIBERTAS-UD/UD030
8.24,8.24,e,SION Alessandro,2002,JM,SAFATLETICA PIEMONTE ASD,1 su- 1,Padova,2021-03-07,https://www.fidal.it/atleta/SION-Alessandro/dK6RlZafamg%3D,https://www.fidal.it/societa/SAFATLETICA-PIEMONTE-ASD/TO226
8.28,8.28,e,ROTA Alessandro,2002,JM,ATL. LECCO-COLOMBO COSTRUZ.,2 se- 1,Saronno,2021-01-17,https://www.fidal.it/atleta/ROTA-Alessandro/dquRk5WmaWY%3D,https://www.fidal.it/societa/ATL--LECCO-COLOMBO-COSTRUZ-/CO208
8.29,8.29,e,LEGNANI Riccardo,2003,JM,CUS PRO PATRIA MILANO,3 se- 1,Saronno,2021-01-17,https://www.fidal.it/atleta/LEGNANI-Riccardo/dq2Rl5mmbGM%3D,https://www.fidal.it/societa/CUS-PRO-PATRIA-MILANO/MI077
8.29,8.29,e,COREN Simone,2003,JM,ATLETICA MALIGNANI LIBERTAS UD,1 su- 1,Udine,2021-01-31,https://www.fidal.it/atleta/COREN-Simone/eayRk5ehcGk%3D,https://www.fidal.it/societa/ATLETICA-MALIGNANI-LIBERTAS-UD/UD030
8.29,8.29,e,BENUZZI Enrico,2002,JM,A.S.D. PONTEVECCHIO BOLOGNA,3 ba- 3,Ancona,2021-02-07,https://www.fidal.it/atleta/BENUZZI-Enrico/eqmRkpWoa2g%3D,https://www.fidal.it/societa/A-S-D--PONTEVECCHIO-BOLOGNA/BO506
8.31,8.31,e,PEZZOLATO Lorenzo,2002,JM,G.S. FIAMME ORO PADOVA,1 su- 1,Padova,2021-01-23,https://www.fidal.it/atleta/PEZZOLATO-Lorenzo/eKqRkpigcGw%3D,https://www.fidal.it/societa/G-S--FIAMME-ORO-PADOVA/PD131
8.33,8.33,e,ADORNI Gabriele,2002,JM,ATLETICA SANDRO CALVESI,1 su- 1,Aosta,2021-01-23,https://www.fidal.it/atleta/ADORNI-Gabriele/dKqRkpOlb2w%3D,https://www.fidal.it/societa/ATLETICA-SANDRO-CALVESI/AO004
8.33,8.33,e,CORTI Edoardo,2003,JM,ATL. BERGAMO 1959 ORIOCENTER,3 su- 1,Casalmaggiore,2021-01-24,https://www.fidal.it/atleta/CORTI-Edoardo/dq2RlZaibmU%3D,https://www.fidal.it/societa/ATL--BERGAMO-1959-ORIOCENTER/BG003
8.33,8.33,e,COMPAGNUCCI Sebastiano,2002,JM,ATL. AVIS MACERATA,1 fi- 1,Ancona,2021-01-30,https://www.fidal.it/atleta/COMPAGNUCCI-Sebastiano/e6uRkpSgamw%3D,https://www.fidal.it/societa/ATL--AVIS-MACERATA/MC004
8.34,8.34,e,ADORNI Gabriele,2002,JM,ATLETICA SANDRO CALVESI,1 su- 1,Aosta,2021-01-23,https://www.fidal.it/atleta/ADORNI-Gabriele/dKqRkpOlb2w%3D,https://www.fidal.it/societa/ATLETICA-SANDRO-CALVESI/AO004
8.35,8.35,e,ROTA Alessandro,2002,JM,ATL. LECCO-COLOMBO COSTRUZ.,4 se- 1,Saronno,2021-01-17,https://www.fidal.it/atleta/ROTA-Alessandro/dquRk5WmaWY%3D,https://www.fidal.it/societa/ATL--LECCO-COLOMBO-COSTRUZ-/CO208
8.35,8.35,e,ADORNI Gabriele,2002,JM,ATLETICA SANDRO CALVESI,1 su- 1,Aosta,2021-01-30,https://www.fidal.it/atleta/ADORNI-Gabriele/dKqRkpOlb2w%3D,https://www.fidal.it/societa/ATLETICA-SANDRO-CALVESI/AO004
8.36,8.36,e,LEGNANI Riccardo,2003,JM,CUS PRO PATRIA MILANO,2 se- 2,Saronno,2021-01-17,https://www.fidal.it/atleta/LEGNANI-Riccardo/dq2Rl5mmbGM%3D,https://www.fidal.it/societa/CUS-PRO-PATRIA-MILANO/MI077
8.36,8.36,e,BENUZZI Enrico,2002,JM,A.S.D. PONTEVECCHIO BOLOGNA,2 fi- 1,Modena,2021-01-24,https://www.fidal.it/atleta/BENUZZI-Enrico/eqmRkpWoa2g%3D,https://www.fidal.it/societa/A-S-D--PONTEVECCHIO-BOLOGNA/BO506
8.36,8.36,e,ADORNI Gabriele,2002,JM,ATLETICA SANDRO CALVESI,1 su- 1,Aosta,2021-01-30,https://www.fidal.it/atleta/ADORNI-Gabriele/dKqRkpOlb2w%3D,https://www.fidal.it/societa/ATLETICA-SANDRO-CALVESI/AO004
8.37,8.37,e,COMPAGNUCCI Sebastiano,2002,JM,ATL. AVIS MACERATA,1 ba- 1,Ancona,2021-01-30,https://www.fidal.it/atleta/COMPAGNUCCI-Sebastiano/e6uRkpSgamw%3D,https://www.fidal.it/societa/ATL--AVIS-MACERATA/MC004
8.38,8.38,e,BENUZZI Enrico,2002,JM,A.S.D. PONTEVECCHIO BOLOGNA,2 fi- 1,Ancona,2021-01-16,https://www.fidal.it/atleta/BENUZZI-Enrico/eqmRkpWoa2g%3D,https://www.fidal.it/societa/A-S-D--PONTEVECCHIO-BOLOGNA/BO506
8.38,8.38,e,FALZOI Giacomo marco,2002,JM,BATTAGLIO C.U.S. TORINO ATL,1 su- 1,Bra,2021-01-30,https://www.fidal.it/atleta/FALZOI-Giacomo-marco/dK6Rlpegbmg%3D,https://www.fidal.it/societa/BATTAGLIO-C-U-S--TORINO-ATL/TO001
8.39,8.39,e,CORTI Edoardo,2003,JM,ATL. BERGAMO 1959 ORIOCENTER,3 su- 1,Casalmaggiore,2021-01-24,https://www.fidal.it/atleta/CORTI-Edoardo/dq2RlZaibmU%3D,https://www.fidal.it/societa/ATL--BERGAMO-1959-ORIOCENTER/BG003
8.39,8.39,e,FALZOI Giacomo marco,2002,JM,BATTAGLIO C.U.S. TORINO ATL,1 su- 1,Bra,2021-01-30,https://www.fidal.it/atleta/FALZOI-Giacomo-marco/dK6Rlpegbmg%3D,https://www.fidal.it/societa/BATTAGLIO-C-U-S--TORINO-ATL/TO001
8.43,8.43,e,CELANI Michele,2002,JM,SIRACUSATLETICA,3 fi- 1,Ancona,2021-01-16,https://www.fidal.it/atleta/CELANI-Michele/h6uRkpOkcGs%3D,https://www.fidal.it/societa/SIRACUSATLETICA/SR248
8.43,8.43,e,MENGHI NDIAYE Yoro,2002,JM,A.S. LA FRATELLANZA 1874,4 ba- 3,Ancona,2021-02-07,https://www.fidal.it/atleta/MENGHI-NDIAYE-Yoro/erORkpKobGY%3D,https://www.fidal.it/societa/A-S--LA-FRATELLANZA-1874/MO052
8.46,8.46,e,BENUZZI Enrico,2002,JM,A.S.D. PONTEVECCHIO BOLOGNA,1 ba- 1,Modena,2021-01-17,https://www.fidal.it/atleta/BENUZZI-Enrico/eqmRkpWoa2g%3D,https://www.fidal.it/societa/A-S-D--PONTEVECCHIO-BOLOGNA/BO506
8.46,8.46,e,BENUZZI Enrico,2002,JM,A.S.D. PONTEVECCHIO BOLOGNA,2 ba- 1,Modena,2021-01-24,https://www.fidal.it/atleta/BENUZZI-Enrico/eqmRkpWoa2g%3D,https://www.fidal.it/societa/A-S-D--PONTEVECCHIO-BOLOGNA/BO506
8.47,8.47,e,PATERNI Mattia,2002,JM,A.S. ATLETICA VIRTUS LUCCA,1 fi- 1,Firenze,2021-01-24,https://www.fidal.it/atleta/PATERNI-Mattia/fa2RkpOocWY%3D,https://www.fidal.it/societa/A-S--ATLETICA-VIRTUS-LUCCA/LU100
8.47,8.47,e,LEONE Raffaele,2002,JM,ATLETICA CANAVESANA,2 su- 1,Bra,2021-01-30,https://www.fidal.it/atleta/LEONE-Raffaele/dK6RlZambGo%3D,https://www.fidal.it/societa/ATLETICA-CANAVESANA/TO015
8.5,8.50,e,BENUZZI Enrico,2002,JM,A.S.D. PONTEVECCHIO BOLOGNA,1 fi- 1,Modena,2021-01-17,https://www.fidal.it/atleta/BENUZZI-Enrico/eqmRkpWoa2g%3D,https://www.fidal.it/societa/A-S-D--PONTEVECCHIO-BOLOGNA/BO506
8.5,8.50,e,COREN Simone,2003,JM,ATLETICA MALIGNANI LIBERTAS UD,2 su- 1,Padova,2021-01-23,https://www.fidal.it/atleta/COREN-Simone/eayRk5ehcGk%3D,https://www.fidal.it/societa/ATLETICA-MALIGNANI-LIBERTAS-UD/UD030
8.5,8.50,e,LEONE Raffaele,2002,JM,ATLETICA CANAVESANA,2 su- 1,Bra,2021-01-30,https://www.fidal.it/atleta/LEONE-Raffaele/dK6RlZambGo%3D,https://www.fidal.it/societa/ATLETICA-CANAVESANA/TO015
8.52,8.52,e,BENUZZI Enrico,2002,JM,A.S.D. PONTEVECCHIO BOLOGNA,2 ba- 1,Ancona,2021-01-16,https://www.fidal.it/atleta/BENUZZI-Enrico/eqmRkpWoa2g%3D,https://www.fidal.it/societa/A-S-D--PONTEVECCHIO-BOLOGNA/BO506
8.52,8.52,e,PATERNI Mattia,2002,JM,A.S. ATLETICA VIRTUS LUCCA,1 ba- 1,Firenze,2021-01-24,https://www.fidal.it/atleta/PATERNI-Mattia/fa2RkpOocWY%3D,https://www.fidal.it/societa/A-S--ATLETICA-VIRTUS-LUCCA/LU100
8.53,8.53,e,CORTI Edoardo,2003,JM,ATL. BERGAMO 1959 ORIOCENTER,5 se- 1,Saronno,2021-01-17,https://www.fidal.it/atleta/CORTI-Edoardo/dq2RlZaibmU%3D,https://www.fidal.it/societa/ATL--BERGAMO-1959-ORIOCENTER/BG003
8.53,8.53,e,MENGHI NDIAYE Yoro,2002,JM,A.S. LA FRATELLANZA 1874,2 fi- 1,Ancona,2021-01-23,https://www.fidal.it/atleta/MENGHI-NDIAYE-Yoro/erORkpKobGY%3D,https://www.fidal.it/societa/A-S--LA-FRATELLANZA-1874/MO052
8.53,8.53,e,VILLA Emiliano,2003,JM,FIAMME GIALLE G. SIMONI,2 fi- 1,Ancona,2021-01-30,https://www.fidal.it/atleta/VILLA-Emiliano/f6yRk5qlaWk%3D,https://www.fidal.it/societa/FIAMME-GIALLE-G--SIMONI/RM057
8.54,8.54,e,GALLI Alessandro,2002,JM,ESERCITO SPORT & GIOVANI,3 fi- 1,Ancona,2021-01-23,https://www.fidal.it/atleta/GALLI-Alessandro/f6yRkpWlb2c%3D,https://www.fidal.it/societa/ESERCITO-SPORT-&-GIOVANI/RM218
8.55,8.55,e,CELANI Michele,2002,JM,SIRACUSATLETICA,1 ba- 2,Ancona,2021-01-16,https://www.fidal.it/atleta/CELANI-Michele/h6uRkpOkcGs%3D,https://www.fidal.it/societa/SIRACUSATLETICA/SR248
8.55,8.55,e,DE PAOLI Federico,2002,JM,ANA ATL.FELTRE,5 ba- 2,Ancona,2021-02-07,https://www.fidal.it/atleta/DE-PAOLI-Federico/eKmRlJmfcWs%3D,https://www.fidal.it/societa/ANA-ATL-FELTRE/BL012
8.55,8.55,e,CELANI Michele,2002,JM,SIRACUSATLETICA,5 ba- 3,Ancona,2021-02-07,https://www.fidal.it/atleta/CELANI-Michele/h6uRkpOkcGs%3D,https://www.fidal.it/societa/SIRACUSATLETICA/SR248
8.55,8.55,e,LACONI Andrea,2002,JM,SS ATL ORISTANO,6 ba- 2,Ancona,2021-02-07,https://www.fidal.it/atleta/LACONI-Andrea/iKuRkpKfa2s%3D,https://www.fidal.it/societa/SS-ATL-ORISTANO/OR030
8.56,8.56,e,COMPAGNUCCI Sebastiano,2002,JM,ATL. AVIS MACERATA,5 ba- 1,Ancona,2021-02-07,https://www.fidal.it/atleta/COMPAGNUCCI-Sebastiano/e6uRkpSgamw%3D,https://www.fidal.it/societa/ATL--AVIS-MACERATA/MC004
8.57,8.57,e,OHENE ADDO Randy,2003,JM,ASD INTERFLUMINA E' PIU' POMI',2 ba- 1,Modena,2021-01-17,https://www.fidal.it/atleta/OHENE-ADDO-Randy/eq6RkpWmb2Q%3D,https://www.fidal.it/societa/ASD-INTERFLUMINA-E-PIU-POMI-/CR150
8.59,8.59,e,VILLA Emiliano,2003,JM,FIAMME GIALLE G. SIMONI,2 ba- 2,Ancona,2021-01-16,https://www.fidal.it/atleta/VILLA-Emiliano/f6yRk5qlaWk%3D,https://www.fidal.it/societa/FIAMME-GIALLE-G--SIMONI/RM057
8.59,8.59,e,GALLI Alessandro,2002,JM,ESERCITO SPORT & GIOVANI,7 ba- 2,Ancona,2021-02-07,https://www.fidal.it/atleta/GALLI-Alessandro/f6yRkpWlb2c%3D,https://www.fidal.it/societa/ESERCITO-SPORT-&-GIOVANI/RM218
8.6,8.60,e,GALLI Alessandro,2002,JM,ESERCITO SPORT & GIOVANI,2 ba- 1,Ancona,2021-01-23,https://www.fidal.it/atleta/GALLI-Alessandro/f6yRkpWlb2c%3D,https://www.fidal.it/societa/ESERCITO-SPORT-&-GIOVANI/RM218
8.61,8.61,e,OHENE ADDO Randy,2003,JM,ASD INTERFLUMINA E' PIU' POMI',2 fi- 1,Modena,2021-01-17,https://www.fidal.it/atleta/OHENE-ADDO-Randy/eq6RkpWmb2Q%3D,https://www.fidal.it/societa/ASD-INTERFLUMINA-E-PIU-POMI-/CR150
8.62,8.62,e,COMPAGNUCCI Sebastiano,2002,JM,ATL. AVIS MACERATA,4 fi- 1,Ancona,2021-01-16,https://www.fidal.it/atleta/COMPAGNUCCI-Sebastiano/e6uRkpSgamw%3D,https://www.fidal.it/societa/ATL--AVIS-MACERATA/MC004
8.62,8.62,e,UGATI Nicolas,2003,JM,ATLETICA LIVORNO,2 ba- 1,Ancona,2021-01-30,https://www.fidal.it/atleta/UGATI-Nicolas/fayRkpaia2g%3D,https://www.fidal.it/societa/ATLETICA-LIVORNO/LI036
8.62,8.62,e,UGATI Nicolas,2003,JM,ATLETICA LIVORNO,3 fi- 1,Ancona,2021-01-30,https://www.fidal.it/atleta/UGATI-Nicolas/fayRkpaia2g%3D,https://www.fidal.it/societa/ATLETICA-LIVORNO/LI036
8.63,8.63,e,TRAVAR Dejan,2003,JM,G.S. ERMENEGILDO ZEGNA,1 se- 2,Saronno,2021-01-17,https://www.fidal.it/atleta/TRAVAR-Dejan/dKAAARlJOjaGc%3D,https://www.fidal.it/societa/G-S--ERMENEGILDO-ZEGNA/VC020
8.63,8.63,e,VANCHETTI Andrea,2003,JM,ATL.LIBERTAS UNICUSANO LIVORNO,1 fi- 1,Firenze,2021-02-13,https://www.fidal.it/atleta/VANCHETTI-Andrea/faqRkpqfcGM%3D,https://www.fidal.it/societa/ATL-LIBERTAS-UNICUSANO-LIVORNO/LI035
8.64,8.64,e,CORTI Edoardo,2003,JM,ATL. BERGAMO 1959 ORIOCENTER,3 se- 2,Saronno,2021-01-17,https://www.fidal.it/atleta/CORTI-Edoardo/dq2RlZaibmU%3D,https://www.fidal.it/societa/ATL--BERGAMO-1959-ORIOCENTER/BG003
8.64,8.64,e,DE PAOLI Federico,2002,JM,ANA ATL.FELTRE,1 se- 2,Padova,2021-01-31,https://www.fidal.it/atleta/DE-PAOLI-Federico/eKmRlJmfcWs%3D,https://www.fidal.it/societa/ANA-ATL-FELTRE/BL012
8.65,8.65,e,OHENE ADDO Randy,2003,JM,ASD INTERFLUMINA E' PIU' POMI',4 su- 1,Casalmaggiore,2021-01-24,https://www.fidal.it/atleta/OHENE-ADDO-Randy/eq6RkpWmb2Q%3D,https://www.fidal.it/societa/ASD-INTERFLUMINA-E-PIU-POMI-/CR150
8.65,8.65,e,BOVO Federico,2003,JM,ATLETICA VIS ABANO,1 su- 1,Padova,2021-02-21,https://www.fidal.it/atleta/BOVO-Federico/eKqRkpeoamc%3D,https://www.fidal.it/societa/ATLETICA-VIS-ABANO/PD141
8.66,8.66,e,VILLA Emiliano,2003,JM,FIAMME GIALLE G. SIMONI,5 fi- 1,Ancona,2021-01-16,https://www.fidal.it/atleta/VILLA-Emiliano/f6yRk5qlaWk%3D,https://www.fidal.it/societa/FIAMME-GIALLE-G--SIMONI/RM057
8.66,8.66,e,FERRUCCI David,1985,SM35,ASD U.S. ATERNO PESCARA,1 su- 1,Casalmaggiore,2021-02-27,https://www.fidal.it/atleta/FERRUCCI-David/gaiRkpmhbmQ%3D,https://www.fidal.it/societa/ASD-U-S--ATERNO-PESCARA/PE001
8.67,8.67,e,BOESSO Luca,2003,JM,SSV BRUNECK BRUNICO VOLKSBANK,1 ba- 1,Innsbruck,2021-02-06,https://www.fidal.it/atleta/BOESSO-Luca/iaiRk5Wlb2s%3D,https://www.fidal.it/societa/SSV-BRUNECK-BRUNICO-VOLKSBANK/BZ008
8.68,8.68,e,UGATI Nicolas,2003,JM,ATLETICA LIVORNO,6 ba- 3,Ancona,2021-02-07,https://www.fidal.it/atleta/UGATI-Nicolas/fayRkpaia2g%3D,https://www.fidal.it/societa/ATLETICA-LIVORNO/LI036
8.68,8.68,e,VANCHETTI Andrea,2003,JM,ATL.LIBERTAS UNICUSANO LIVORNO,1 ba- 1,Firenze,2021-02-13,https://www.fidal.it/atleta/VANCHETTI-Andrea/faqRkpqfcGM%3D,https://www.fidal.it/societa/ATL-LIBERTAS-UNICUSANO-LIVORNO/LI035
8.69,8.69,e,TRAVAR Dejan,2003,JM,G.S. ERMENEGILDO ZEGNA,6 ba- 1,Ancona,2021-02-07,https://www.fidal.it/atleta/TRAVAR-Dejan/dKAAARlJOjaGc%3D,https://www.fidal.it/societa/G-S--ERMENEGILDO-ZEGNA/VC020
8.69,8.69,e,NEGRO Antonio,1976,SM45,AMATORI ATL. ACQUAVIVA,1 su- 1,Ancona,2021-03-20,https://www.fidal.it/atleta/NEGRO-Antonio/haiRkpalbWU%3D,https://www.fidal.it/societa/AMATORI-ATL--ACQUAVIVA/BA005
8.69,8.69,e,FERRUCCI David,1985,SM35,ASD U.S. ATERNO PESCARA,1 su- 1,Ancona,2021-03-20,https://www.fidal.it/atleta/FERRUCCI-David/gaiRkpmhbmQ%3D,https://www.fidal.it/societa/ASD-U-S--ATERNO-PESCARA/PE001
8.7,8.70,e,MENGHI NDIAYE Yoro,2002,JM,A.S. LA FRATELLANZA 1874,3 ba- 1,Ancona,2021-01-23,https://www.fidal.it/atleta/MENGHI-NDIAYE-Yoro/erORkpKobGY%3D,https://www.fidal.it/societa/A-S--LA-FRATELLANZA-1874/MO052
8.7,8.70,e,AKAMANGWA Luigi wanke,2003,JM,A.S.D. TEAM TREVISO,1 se- 1,Padova,2021-01-31,https://www.fidal.it/atleta/AKAMANGWA-Luigi-wanke/eKyRk5SoaWw%3D,https://www.fidal.it/societa/A-S-D--TEAM-TREVISO/TV398
8.7,8.70,e,VERRI Cristian,2003,JM,CUS PRO PATRIA MILANO,1 su- 1,Saronno,2021-02-06,https://www.fidal.it/atleta/VERRI-Cristian/dq2RmJekaGs%3D,https://www.fidal.it/societa/CUS-PRO-PATRIA-MILANO/MI077
8.71,8.71,e,VERRI Cristian,2003,JM,CUS PRO PATRIA MILANO,2 se- 2,Saronno,2021-01-17,https://www.fidal.it/atleta/VERRI-Cristian/dq2RmJekaGs%3D,https://www.fidal.it/societa/CUS-PRO-PATRIA-MILANO/MI077
8.71,8.71,e,VILLA Emiliano,2003,JM,FIAMME GIALLE G. SIMONI,3 ba- 1,Ancona,2021-01-30,https://www.fidal.it/atleta/VILLA-Emiliano/f6yRk5qlaWk%3D,https://www.fidal.it/societa/FIAMME-GIALLE-G--SIMONI/RM057
8.73,8.73,e,OHENE ADDO Randy,2003,JM,ASD INTERFLUMINA E' PIU' POMI',4 su- 1,Casalmaggiore,2021-01-24,https://www.fidal.it/atleta/OHENE-ADDO-Randy/eq6RkpWmb2Q%3D,https://www.fidal.it/societa/ASD-INTERFLUMINA-E-PIU-POMI-/CR150
8.73,8.73,e,CECCHET Nicolas,2003,JM,ATHLETIC CLUB FIREX BELLUNO,2 se- 2,Padova,2021-01-31,https://www.fidal.it/atleta/CECCHET-Nicolas/eKmRlJSocGk%3D,https://www.fidal.it/societa/ATHLETIC-CLUB-FIREX-BELLUNO/BL009
8.73,8.73,e,VERRI Cristian,2003,JM,CUS PRO PATRIA MILANO,1 su- 1,Saronno,2021-02-06,https://www.fidal.it/atleta/VERRI-Cristian/dq2RmJekaGs%3D,https://www.fidal.it/societa/CUS-PRO-PATRIA-MILANO/MI077
8.74,8.74,e,AKAMANGWA Luigi wanke,2003,JM,A.S.D. TEAM TREVISO,3 su- 1,Padova,2021-01-23,https://www.fidal.it/atleta/AKAMANGWA-Luigi-wanke/eKyRk5SoaWw%3D,https://www.fidal.it/societa/A-S-D--TEAM-TREVISO/TV398
8.74,8.74,e,OHENE ADDO Randy,2003,JM,ASD INTERFLUMINA E' PIU' POMI',8 ba- 2,Ancona,2021-02-07,https://www.fidal.it/atleta/OHENE-ADDO-Randy/eq6RkpWmb2Q%3D,https://www.fidal.it/societa/ASD-INTERFLUMINA-E-PIU-POMI-/CR150
8.74,8.74,e,SANTINI Simone,2002,JM,SPORT RACE S.S.D. A R.L.,2 su- 1,Padova,2021-03-07,https://www.fidal.it/atleta/SANTINI-Simone/f6yRkpqoa2s%3D,https://www.fidal.it/societa/SPORT-RACE-S-S-D--A-R-L-/RM243
8.74,8.74,e,CITTERIO Paolo,1975,SM45,DAINI CARATE BRIANZA,2 su- 1,Ancona,2021-03-20,https://www.fidal.it/atleta/CITTERIO-Paolo/dq2RkpOmcWs%3D,https://www.fidal.it/societa/DAINI-CARATE-BRIANZA/MI095
8.75,8.75,e,TRAVAR Dejan,2003,JM,G.S. ERMENEGILDO ZEGNA,3 se- 1,Saronno,2021-01-17,https://www.fidal.it/atleta/TRAVAR-Dejan/dKAAARlJOjaGc%3D,https://www.fidal.it/societa/G-S--ERMENEGILDO-ZEGNA/VC020
8.75,8.75,e,BOESSO Luca,2003,JM,SSV BRUNECK BRUNICO VOLKSBANK,3 se- 2,Padova,2021-01-31,https://www.fidal.it/atleta/BOESSO-Luca/iaiRk5Wlb2s%3D,https://www.fidal.it/societa/SSV-BRUNECK-BRUNICO-VOLKSBANK/BZ008
8.75,8.75,e,VILLA Emiliano,2003,JM,FIAMME GIALLE G. SIMONI,7 ba- 3,Ancona,2021-02-07,https://www.fidal.it/atleta/VILLA-Emiliano/f6yRk5qlaWk%3D,https://www.fidal.it/societa/FIAMME-GIALLE-G--SIMONI/RM057
8.76,8.76,e,AGOSTINI Lorenzo,2003,JM,ASA ASCOLI PICENO,6 fi- 1,Ancona,2021-01-16,https://www.fidal.it/atleta/AGOSTINI-Lorenzo/e6qRkpOibGM%3D,https://www.fidal.it/societa/ASA-ASCOLI-PICENO/AP005
8.76,8.76,e,SABATIELLO Michele,2002,JM,G.S. AVIS BARLETTA A.S.D.,4 fi- 1,Ancona,2021-01-30,https://www.fidal.it/atleta/SABATIELLO-Michele/hKmRkpOobWk%3D,https://www.fidal.it/societa/G-S--AVIS-BARLETTA-A-S-D-/BA754
8.77,8.77,e,PATERNI Mattia,2002,JM,A.S. ATLETICA VIRTUS LUCCA,7 ba- 1,Ancona,2021-02-07,https://www.fidal.it/atleta/PATERNI-Mattia/fa2RkpOocWY%3D,https://www.fidal.it/societa/A-S--ATLETICA-VIRTUS-LUCCA/LU100
8.79,8.79,e,COMPAGNUCCI Sebastiano,2002,JM,ATL. AVIS MACERATA,3 ba- 1,Ancona,2021-01-16,https://www.fidal.it/atleta/COMPAGNUCCI-Sebastiano/e6uRkpSgamw%3D,https://www.fidal.it/societa/ATL--AVIS-MACERATA/MC004
8.79,8.79,e,SPIEZIA Marco,2002,JM,ATLETICA CANAVESANA,3 su- 1,Bra,2021-01-30,https://www.fidal.it/atleta/SPIEZIA-Marco/dK6Rl5Wkb2k%3D,https://www.fidal.it/societa/ATLETICA-CANAVESANA/TO015
8.79,8.79,e,COMPARINI Matteo,2003,JM,TOSCANA ATLETICA FUTURA,1 se- 1,Firenze,2021-02-21,https://www.fidal.it/atleta/COMPARINI-Matteo/faqRkpembmg%3D,https://www.fidal.it/societa/TOSCANA-ATLETICA-FUTURA/FI018
8.79,8.79,e,BINI Lorenzo,2002,JM,TOSCANA ATLETICA FUTURA,2 se- 1,Firenze,2021-02-21,https://www.fidal.it/atleta/BINI-Lorenzo/faqRkpOgbWY%3D,https://www.fidal.it/societa/TOSCANA-ATLETICA-FUTURA/FI018
8.79,8.79,e,BARELLA Niccolo',2002,JM,TEAM-A LOMBARDIA,2 su- 1,Padova,2021-02-21,https://www.fidal.it/atleta/BARELLA-Niccolo-/dq2RlZOibmo%3D,https://www.fidal.it/societa/TEAM-A-LOMBARDIA/MI774
8.81,8.81,e,MENGHI NDIAYE Yoro,2002,JM,A.S. LA FRATELLANZA 1874,7 fi- 1,Ancona,2021-01-16,https://www.fidal.it/atleta/MENGHI-NDIAYE-Yoro/erORkpKobGY%3D,https://www.fidal.it/societa/A-S--LA-FRATELLANZA-1874/MO052
8.82,8.82,e,SABATIELLO Michele,2002,JM,G.S. AVIS BARLETTA A.S.D.,4 ba- 1,Ancona,2021-01-23,https://www.fidal.it/atleta/SABATIELLO-Michele/hKmRkpOobWk%3D,https://www.fidal.it/societa/G-S--AVIS-BARLETTA-A-S-D-/BA754
8.82,8.82,e,SPIEZIA Marco,2002,JM,ATLETICA CANAVESANA,3 su- 1,Bra,2021-01-30,https://www.fidal.it/atleta/SPIEZIA-Marco/dK6Rl5Wkb2k%3D,https://www.fidal.it/societa/ATLETICA-CANAVESANA/TO015
8.83,8.83,e,GALLI Alessandro,2002,JM,ESERCITO SPORT & GIOVANI,8 fi- 1,Ancona,2021-01-16,https://www.fidal.it/atleta/GALLI-Alessandro/f6yRkpWlb2c%3D,https://www.fidal.it/societa/ESERCITO-SPORT-&-GIOVANI/RM218
8.83,8.83,e,UGATI Nicolas,2003,JM,ATLETICA LIVORNO,2 ba- 1,Firenze,2021-01-24,https://www.fidal.it/atleta/UGATI-Nicolas/fayRkpaia2g%3D,https://www.fidal.it/societa/ATLETICA-LIVORNO/LI036
8.83,8.83,e,UGATI Nicolas,2003,JM,ATLETICA LIVORNO,2 fi- 1,Firenze,2021-01-24,https://www.fidal.it/atleta/UGATI-Nicolas/fayRkpaia2g%3D,https://www.fidal.it/societa/ATLETICA-LIVORNO/LI036
8.85,8.85,e,GALLI Alessandro,2002,JM,ESERCITO SPORT & GIOVANI,4 ba- 1,Ancona,2021-01-16,https://www.fidal.it/atleta/GALLI-Alessandro/f6yRkpWlb2c%3D,https://www.fidal.it/societa/ESERCITO-SPORT-&-GIOVANI/RM218
8.85,8.85,e,DI MUZIO Dimitri,2003,JM,POLISPORTIVA MOLISE CAMPOBASSO,5 ba- 1,Ancona,2021-01-23,https://www.fidal.it/atleta/DI-MUZIO-Dimitri/g6mRkpKmbmM%3D,https://www.fidal.it/societa/POLISPORTIVA-MOLISE-CAMPOBASSO/CB006
8.86,8.86,e,BARTOLINI Alexander,2003,JM,POL.ATL. ENDAS CESENATICO,3 ba- 1,Modena,2021-01-24,https://www.fidal.it/atleta/BARTOLINI-Alexander/eqAAARkpSgbWk%3D,https://www.fidal.it/societa/POL-ATL--ENDAS-CESENATICO/FC338
8.86,8.86,e,GATTINONI Matteo,2002,JM,ATL. VIRTUS CASTENEDOLO,1 su- 1,Padova,2021-02-13,https://www.fidal.it/atleta/GATTINONI-Matteo/dqqRmJmibmw%3D,https://www.fidal.it/societa/ATL--VIRTUS-CASTENEDOLO/BS575
8.87,8.87,e,AGOSTINI Lorenzo,2003,JM,ASA ASCOLI PICENO,3 ba- 2,Ancona,2021-01-16,https://www.fidal.it/atleta/AGOSTINI-Lorenzo/e6qRkpOibGM%3D,https://www.fidal.it/societa/ASA-ASCOLI-PICENO/AP005
8.87,8.87,e,SABATIELLO Michele,2002,JM,G.S. AVIS BARLETTA A.S.D.,4 fi- 1,Ancona,2021-01-23,https://www.fidal.it/atleta/SABATIELLO-Michele/hKmRkpOobWk%3D,https://www.fidal.it/societa/G-S--AVIS-BARLETTA-A-S-D-/BA754
8.87,8.87,e,BINI Lorenzo,2002,JM,TOSCANA ATLETICA FUTURA,2 fi- 1,Firenze,2021-02-13,https://www.fidal.it/atleta/BINI-Lorenzo/faqRkpOgbWY%3D,https://www.fidal.it/societa/TOSCANA-ATLETICA-FUTURA/FI018
8.9,8.90,e,TOSI Lorenzo,2002,JM,ASD ATLETICA BIOTEKNA,4 su- 1,Padova,2021-01-23,https://www.fidal.it/atleta/TOSI-Lorenzo/eK2RkpegamM%3D,https://www.fidal.it/societa/ASD-ATLETICA-BIOTEKNA/VE471
8.9,8.90,e,SABATIELLO Michele,2002,JM,G.S. AVIS BARLETTA A.S.D.,4 ba- 1,Ancona,2021-01-30,https://www.fidal.it/atleta/SABATIELLO-Michele/hKmRkpOobWk%3D,https://www.fidal.it/societa/G-S--AVIS-BARLETTA-A-S-D-/BA754
8.9,8.90,e,GERI Alessio,2003,JM,PISTOIATLETICA 1983,2 ba- 1,Firenze,2021-02-13,https://www.fidal.it/atleta/GERI-Alessio/fbGRkpOoaGY%3D,https://www.fidal.it/societa/PISTOIATLETICA-1983/PT115
8.9,8.90,e,BINI Lorenzo,2002,JM,TOSCANA ATLETICA FUTURA,3 ba- 1,Firenze,2021-02-13,https://www.fidal.it/atleta/BINI-Lorenzo/faqRkpOgbWY%3D,https://www.fidal.it/societa/TOSCANA-ATLETICA-FUTURA/FI018
8.91,8.91,e,BINI Lorenzo,2002,JM,TOSCANA ATLETICA FUTURA,3 ba- 1,Firenze,2021-01-24,https://www.fidal.it/atleta/BINI-Lorenzo/faqRkpOgbWY%3D,https://www.fidal.it/societa/TOSCANA-ATLETICA-FUTURA/FI018
8.91,8.91,e,MILANI Matteo,2003,JM,ATL. PIACENZA,3 fi- 1,Modena,2021-01-24,https://www.fidal.it/atleta/MILANI-Matteo/eq2RkpSgamQ%3D,https://www.fidal.it/societa/ATL--PIACENZA/PC084
8.91,8.91,e,MILANI Matteo,2003,JM,ATL. PIACENZA,4 ba- 1,Modena,2021-01-24,https://www.fidal.it/atleta/MILANI-Matteo/eq2RkpSgamQ%3D,https://www.fidal.it/societa/ATL--PIACENZA/PC084
8.91,8.91,e,POLINI Mattia,2003,JM,COLLECTION ATLETICA SAMBENEDET,5 fi- 1,Ancona,2021-01-30,https://www.fidal.it/atleta/POLINI-Mattia/e6qRkpWibWg%3D,https://www.fidal.it/societa/COLLECTION-ATLETICA-SAMBENEDET/AP034
8.91,8.91,e,DAL MAGRO Edoardo,2003,JM,ATHLETIC CLUB FIREX BELLUNO,2 se- 1,Padova,2021-01-31,https://www.fidal.it/atleta/DAL-MAGRO-Edoardo/eKmRlJamb2M%3D,https://www.fidal.it/societa/ATHLETIC-CLUB-FIREX-BELLUNO/BL009
8.92,8.92,e,MAZZANTI Ethan,2002,JM,A.S. LA FRATELLANZA 1874,1 fi- 1,Modena,2021-02-06,https://www.fidal.it/atleta/MAZZANTI-Ethan/eqyRkpWfcGc%3D,https://www.fidal.it/societa/A-S--LA-FRATELLANZA-1874/MO052
8.92,8.92,e,MARINO Christian,2002,JM,ATLETICA CASTELL'ALFERO T.F.R.,2 su- 1,Saronno,2021-02-06,https://www.fidal.it/atleta/MARINO-Christian/dKuRk5emcWQ%3D,https://www.fidal.it/societa/ATLETICA-CASTELL-ALFERO-T-F-R-/AT012
8.93,8.93,e,GARBERINO Michael,2002,JM,ASSOCIAZIONE ATLETICA N.E.VI.,5 su- 1,Padova,2021-01-23,https://www.fidal.it/atleta/GARBERINO-Michael/eK6Rk5SiaWk%3D,https://www.fidal.it/societa/ASSOCIAZIONE-ATLETICA-N-E-VI-/VI623
8.94,8.94,e,BARTOLINI Alexander,2003,JM,POL.ATL. ENDAS CESENATICO,4 fi- 1,Modena,2021-01-24,https://www.fidal.it/atleta/BARTOLINI-Alexander/eqAAARkpSgbWk%3D,https://www.fidal.it/societa/POL-ATL--ENDAS-CESENATICO/FC338
8.94,8.94,e,OHENE ADDO Randy,2003,JM,ASD INTERFLUMINA E' PIU' POMI',3 se- 1,Padova,2021-01-31,https://www.fidal.it/atleta/OHENE-ADDO-Randy/eq6RkpWmb2Q%3D,https://www.fidal.it/societa/ASD-INTERFLUMINA-E-PIU-POMI-/CR150
8.94,8.94,e,SALVADORI Matteo,2003,JM,ASD LA GALLA PONTEDERA ATL.,3 fi- 1,Firenze,2021-02-13,https://www.fidal.it/atleta/SALVADORI-Matteo/faAAARkpKla2s%3D,https://www.fidal.it/societa/ASD-LA-GALLA-PONTEDERA-ATL-/PI144
8.96,8.96,e,DI MUZIO Dimitri,2003,JM,POLISPORTIVA MOLISE CAMPOBASSO,5 fi- 1,Ancona,2021-01-23,https://www.fidal.it/atleta/DI-MUZIO-Dimitri/g6mRkpKmbmM%3D,https://www.fidal.it/societa/POLISPORTIVA-MOLISE-CAMPOBASSO/CB006
8.96,8.96,e,COMPARINI Matteo,2003,JM,TOSCANA ATLETICA FUTURA,4 ba- 1,Firenze,2021-02-13,https://www.fidal.it/atleta/COMPARINI-Matteo/faqRkpembmg%3D,https://www.fidal.it/societa/TOSCANA-ATLETICA-FUTURA/FI018
8.97,8.97,e,MASTRECCHIA Federico,2003,JM,C.S. CARABINIERI SEZ. ATLETICA,5 fi- 1,Modena,2021-01-24,https://www.fidal.it/atleta/MASTRECCHIA-Federico/eqmRkpmfaGc%3D,https://www.fidal.it/societa/C-S--CARABINIERI-SEZ--ATLETICA/BO011
8.97,8.97,e,GERI Alessio,2003,JM,PISTOIATLETICA 1983,4 fi- 1,Firenze,2021-02-13,https://www.fidal.it/atleta/GERI-Alessio/fbGRkpOoaGY%3D,https://www.fidal.it/societa/PISTOIATLETICA-1983/PT115
8.97,8.97,e,FAZZINI Emanuele,2002,JM,CENTRO ATLETICA PIOMBINO,3 se- 1,Firenze,2021-02-21,https://www.fidal.it/atleta/FAZZINI-Emanuele/fayRkpOgbWw%3D,https://www.fidal.it/societa/CENTRO-ATLETICA-PIOMBINO/LI038
8.97,8.97,e,DAL MAGRO Edoardo,2003,JM,ATHLETIC CLUB FIREX BELLUNO,3 su- 1,Padova,2021-02-21,https://www.fidal.it/atleta/DAL-MAGRO-Edoardo/eKmRlJamb2M%3D,https://www.fidal.it/societa/ATHLETIC-CLUB-FIREX-BELLUNO/BL009
8.98,8.98,e,POLINI Mattia,2003,JM,COLLECTION ATLETICA SAMBENEDET,5 ba- 1,Ancona,2021-01-30,https://www.fidal.it/atleta/POLINI-Mattia/e6qRkpWibWg%3D,https://www.fidal.it/societa/COLLECTION-ATLETICA-SAMBENEDET/AP034
8.99,8.99,e,TOSI Lorenzo,2002,JM,ASD ATLETICA BIOTEKNA,4 se- 1,Padova,2021-01-31,https://www.fidal.it/atleta/TOSI-Lorenzo/eK2RkpegamM%3D,https://www.fidal.it/societa/ASD-ATLETICA-BIOTEKNA/VE471
9.0,9.00,e,MARINO Christian,2002,JM,ATLETICA CASTELL'ALFERO T.F.R.,4 su- 1,Bra,2021-01-30,https://www.fidal.it/atleta/MARINO-Christian/dKuRk5emcWQ%3D,https://www.fidal.it/societa/ATLETICA-CASTELL-ALFERO-T-F-R-/AT012
9.02,9.02,e,MENGHI NDIAYE Yoro,2002,JM,A.S. LA FRATELLANZA 1874,5 ba- 1,Ancona,2021-01-16,https://www.fidal.it/atleta/MENGHI-NDIAYE-Yoro/erORkpKobGY%3D,https://www.fidal.it/societa/A-S--LA-FRATELLANZA-1874/MO052
9.02,9.02,e,MARINO Christian,2002,JM,ATLETICA CASTELL'ALFERO T.F.R.,4 su- 1,Bra,2021-01-30,https://www.fidal.it/atleta/MARINO-Christian/dKuRk5emcWQ%3D,https://www.fidal.it/societa/ATLETICA-CASTELL-ALFERO-T-F-R-/AT012
9.02,9.02,e,BARTOLINI Alexander,2003,JM,POL.ATL. ENDAS CESENATICO,6 ba- 1,Ancona,2021-01-30,https://www.fidal.it/atleta/BARTOLINI-Alexander/eqAAARkpSgbWk%3D,https://www.fidal.it/societa/POL-ATL--ENDAS-CESENATICO/FC338
9.02,9.02,e,MAZZANTI Ethan,2002,JM,A.S. LA FRATELLANZA 1874,1 ba- 1,Modena,2021-02-06,https://www.fidal.it/atleta/MAZZANTI-Ethan/eqyRkpWfcGc%3D,https://www.fidal.it/societa/A-S--LA-FRATELLANZA-1874/MO052
9.02,9.02,e,SALVADORI Matteo,2003,JM,ASD LA GALLA PONTEDERA ATL.,5 ba- 1,Firenze,2021-02-13,https://www.fidal.it/atleta/SALVADORI-Matteo/faAAARkpKla2s%3D,https://www.fidal.it/societa/ASD-LA-GALLA-PONTEDERA-ATL-/PI144
9.04,9.04,e,BARELLA Niccolo',2002,JM,TEAM-A LOMBARDIA,4 se- 1,Saronno,2021-01-17,https://www.fidal.it/atleta/BARELLA-Niccolo-/dq2RlZOibmo%3D,https://www.fidal.it/societa/TEAM-A-LOMBARDIA/MI774
9.04,9.04,e,MARINO Christian,2002,JM,ATLETICA CASTELL'ALFERO T.F.R.,2 su- 1,Saronno,2021-02-06,https://www.fidal.it/atleta/MARINO-Christian/dKuRk5emcWQ%3D,https://www.fidal.it/societa/ATLETICA-CASTELL-ALFERO-T-F-R-/AT012
9.05,9.05,e,COMPARINI Matteo,2003,JM,TOSCANA ATLETICA FUTURA,5 fi- 1,Firenze,2021-02-13,https://www.fidal.it/atleta/COMPARINI-Matteo/faqRkpembmg%3D,https://www.fidal.it/societa/TOSCANA-ATLETICA-FUTURA/FI018
9.06,9.06,e,BINI Lorenzo,2002,JM,TOSCANA ATLETICA FUTURA,3 fi- 1,Firenze,2021-01-24,https://www.fidal.it/atleta/BINI-Lorenzo/faqRkpOgbWY%3D,https://www.fidal.it/societa/TOSCANA-ATLETICA-FUTURA/FI018
9.08,9.08,e,NIAGU Nicola benjamin,2003,JM,PROSPORT ATL. FIRENZE,4 se- 1,Firenze,2021-02-21,https://www.fidal.it/atleta/NIAGU-Nicola-benjamin/faqRkpmoaWY%3D,https://www.fidal.it/societa/PROSPORT-ATL--FIRENZE/FI009
9.09,9.09,e,GARBERINO Michael,2002,JM,ASSOCIAZIONE ATLETICA N.E.VI.,5 se- 1,Padova,2021-01-31,https://www.fidal.it/atleta/GARBERINO-Michael/eK6Rk5SiaWk%3D,https://www.fidal.it/societa/ASSOCIAZIONE-ATLETICA-N-E-VI-/VI623
9.1,9.10,e,MASTRECCHIA Federico,2003,JM,C.S. CARABINIERI SEZ. ATLETICA,5 ba- 1,Modena,2021-01-24,https://www.fidal.it/atleta/MASTRECCHIA-Federico/eqmRkpmfaGc%3D,https://www.fidal.it/societa/C-S--CARABINIERI-SEZ--ATLETICA/BO011
9.11,9.11,e,MARINO Christian,2002,JM,ATLETICA CASTELL'ALFERO T.F.R.,3 su- 1,Padova,2021-03-07,https://www.fidal.it/atleta/MARINO-Christian/dKuRk5emcWQ%3D,https://www.fidal.it/societa/ATLETICA-CASTELL-ALFERO-T-F-R-/AT012
9.13,9.13,e,BARELLA Niccolo',2002,JM,TEAM-A LOMBARDIA,3 se- 2,Saronno,2021-01-17,https://www.fidal.it/atleta/BARELLA-Niccolo-/dq2RlZOibmo%3D,https://www.fidal.it/societa/TEAM-A-LOMBARDIA/MI774
9.14,9.14,e,COSTANZI Leonardo,2003,JM,C.U.S. VERONA SEZ. ATLETICA,2 su- 1,Padova,2021-02-13,https://www.fidal.it/atleta/COSTANZI-Leonardo/eKAAARk5alaWM%3D,https://www.fidal.it/societa/C-U-S--VERONA-SEZ--ATLETICA/VR825
9.15,9.15,e,FAZZINI Emanuele,2002,JM,CENTRO ATLETICA PIOMBINO,4 ba- 1,Firenze,2021-01-24,https://www.fidal.it/atleta/FAZZINI-Emanuele/fayRkpOgbWw%3D,https://www.fidal.it/societa/CENTRO-ATLETICA-PIOMBINO/LI038
9.16,9.16,e,POLINI Mattia,2003,JM,COLLECTION ATLETICA SAMBENEDET,6 ba- 1,Ancona,2021-01-16,https://www.fidal.it/atleta/POLINI-Mattia/e6qRkpWibWg%3D,https://www.fidal.it/societa/COLLECTION-ATLETICA-SAMBENEDET/AP034
9.16,9.16,e,DAL MAGRO Edoardo,2003,JM,ATHLETIC CLUB FIREX BELLUNO,6 su- 1,Padova,2021-01-23,https://www.fidal.it/atleta/DAL-MAGRO-Edoardo/eKmRlJamb2M%3D,https://www.fidal.it/societa/ATHLETIC-CLUB-FIREX-BELLUNO/BL009
9.17,9.17,e,FERRARINI Pietro,2003,JM,ATL. PIACENZA,6 fi- 1,Modena,2021-01-24,https://www.fidal.it/atleta/FERRARINI-Pietro/eq2RkpSjbms%3D,https://www.fidal.it/societa/ATL--PIACENZA/PC084
9.17,9.17,e,BANO Massimo,2002,JM,ASSOCIAZIONE ATLETICA N.E.VI.,3 su- 1,Padova,2021-02-13,https://www.fidal.it/atleta/BANO-Massimo/eKqRkpegaGs%3D,https://www.fidal.it/societa/ASSOCIAZIONE-ATLETICA-N-E-VI-/VI623
9.18,9.18,e,FAZZINI Emanuele,2002,JM,CENTRO ATLETICA PIOMBINO,4 fi- 1,Firenze,2021-01-24,https://www.fidal.it/atleta/FAZZINI-Emanuele/fayRkpOgbWw%3D,https://www.fidal.it/societa/CENTRO-ATLETICA-PIOMBINO/LI038
9.2,9.20,e,GUIDOTTI Simone,2003,JM,TEAM ATLETICA MARCHE,7 ba- 1,Ancona,2021-01-30,https://www.fidal.it/atleta/GUIDOTTI-Simone/e62RkpOgcWw%3D,https://www.fidal.it/societa/TEAM-ATLETICA-MARCHE/FM050
9.23,9.23,e,TRICCOLI Mattia,2003,JM,S.E.F. STAMURA ANCONA A.S.D.,4 ba- 2,Ancona,2021-01-16,https://www.fidal.it/atleta/TRICCOLI-Mattia/e6mRkpWnb2w%3D,https://www.fidal.it/societa/S-E-F--STAMURA-ANCONA-A-S-D-/AN010
9.26,9.26,e,GERI Alessio,2003,JM,PISTOIATLETICA 1983,5 fi- 1,Firenze,2021-01-24,https://www.fidal.it/atleta/GERI-Alessio/fbGRkpOoaGY%3D,https://www.fidal.it/societa/PISTOIATLETICA-1983/PT115
9.27,9.27,e,ORSILLO Emiliano,2002,JM,SPORT RACE S.S.D. A R.L.,4 su- 1,Padova,2021-03-07,https://www.fidal.it/atleta/ORSILLO-Emiliano/f6yRlJWhbmc%3D,https://www.fidal.it/societa/SPORT-RACE-S-S-D--A-R-L-/RM243
9.28,9.28,e,FEDI Federico,1980,SM40,ATLETICA GROSSETO BANCA TEMA,1 su- 1,Ancona,2021-03-20,https://www.fidal.it/atleta/FEDI-Federico/fauRkpOlaWw%3D,https://www.fidal.it/societa/ATLETICA-GROSSETO-BANCA-TEMA/GR065
9.29,9.29,e,PEZZOLATO Lorenzo,2002,JM,G.S. FIAMME ORO PADOVA,5 su- 1,Padova,2021-03-07,https://www.fidal.it/atleta/PEZZOLATO-Lorenzo/eKqRkpigcGw%3D,https://www.fidal.it/societa/G-S--FIAMME-ORO-PADOVA/PD131
9.31,9.31,e,FERRARINI Pietro,2003,JM,ATL. PIACENZA,6 ba- 1,Modena,2021-01-24,https://www.fidal.it/atleta/FERRARINI-Pietro/eq2RkpSjbms%3D,https://www.fidal.it/societa/ATL--PIACENZA/PC084
9.31,9.31,e,RIZZONE Tazio,2003,JM,ASSI GIGLIO ROSSO FIRENZE,6 fi- 1,Firenze,2021-02-13,https://www.fidal.it/atleta/RIZZONE-Tazio/faqRkpinbmQ%3D,https://www.fidal.it/societa/ASSI-GIGLIO-ROSSO-FIRENZE/FI001
9.33,9.33,e,COSTANZI Leonardo,2003,JM,C.U.S. VERONA SEZ. ATLETICA,4 se- 2,Padova,2021-01-31,https://www.fidal.it/atleta/COSTANZI-Leonardo/eKAAARk5alaWM%3D,https://www.fidal.it/societa/C-U-S--VERONA-SEZ--ATLETICA/VR825
9.33,9.33,e,BANO Massimo,2002,JM,ASSOCIAZIONE ATLETICA N.E.VI.,4 su- 1,Padova,2021-02-21,https://www.fidal.it/atleta/BANO-Massimo/eKqRkpegaGs%3D,https://www.fidal.it/societa/ASSOCIAZIONE-ATLETICA-N-E-VI-/VI623
9.33,9.33,e,CANUZZI Giuseppe,1986,SM35,ATLETICA GROSSETO BANCA TEMA,2 su- 1,Ancona,2021-03-20,https://www.fidal.it/atleta/CANUZZI-Giuseppe/faiRlJSobWY%3D,https://www.fidal.it/societa/ATLETICA-GROSSETO-BANCA-TEMA/GR065
9.34,9.34,e,RIZZONE Tazio,2003,JM,ASSI GIGLIO ROSSO FIRENZE,6 ba- 1,Firenze,2021-02-13,https://www.fidal.it/atleta/RIZZONE-Tazio/faqRkpinbmQ%3D,https://www.fidal.it/societa/ASSI-GIGLIO-ROSSO-FIRENZE/FI001
9.35,9.35,e,PERUCH Filippo,2003,JM,VITTORIO ATLETICA,5 se- 2,Padova,2021-01-31,https://www.fidal.it/atleta/PERUCH-Filippo/eKyRkpufa2w%3D,https://www.fidal.it/societa/VITTORIO-ATLETICA/TV409
9.36,9.36,e,GERI Alessio,2003,JM,PISTOIATLETICA 1983,5 ba- 1,Firenze,2021-01-24,https://www.fidal.it/atleta/GERI-Alessio/fbGRkpOoaGY%3D,https://www.fidal.it/societa/PISTOIATLETICA-1983/PT115
9.36,9.36,e,MARIN Cristian,1973,SM45,ATLETICA RIVIERA DEL BRENTA,3 su- 1,Ancona,2021-03-20,https://www.fidal.it/atleta/MARIN-Cristian/eK2RkpmjaWQ%3D,https://www.fidal.it/societa/ATLETICA-RIVIERA-DEL-BRENTA/VE473
9.43,9.43,e,BANO Massimo,2002,JM,ASSOCIAZIONE ATLETICA N.E.VI.,6 su- 1,Padova,2021-03-07,https://www.fidal.it/atleta/BANO-Massimo/eKqRkpegaGs%3D,https://www.fidal.it/societa/ASSOCIAZIONE-ATLETICA-N-E-VI-/VI623
9.49,9.49,e,NICOLETTO Andrea,2003,JM,ATLETICA VIS ABANO,6 se- 1,Padova,2021-01-31,https://www.fidal.it/atleta/NICOLETTO-Andrea/eKqRkpancGY%3D,https://www.fidal.it/societa/ATLETICA-VIS-ABANO/PD141
9.76,9.76,e,ADORNI Gabriele,2002,JM,ATLETICA SANDRO CALVESI,8 fi- 1,Ancona,2021-02-07,https://www.fidal.it/atleta/ADORNI-Gabriele/dKqRkpOlb2w%3D,https://www.fidal.it/societa/ATLETICA-SANDRO-CALVESI/AO004
10.04,10.04,e,NICOLETTO Andrea,2003,JM,ATLETICA VIS ABANO,7 su- 1,Padova,2021-01-23,https://www.fidal.it/atleta/NICOLETTO-Andrea/eKqRkpancGY%3D,https://www.fidal.it/societa/ATLETICA-VIS-ABANO/PD141
10.04,10.04,e,GUZZI Mattia,1983,SM35,N.ATL. FANFULLA LODIGIANA,2 su- 1,Casalmaggiore,2021-02-27,https://www.fidal.it/atleta/GUZZI-Mattia/dq2RkpWmbmM%3D,https://www.fidal.it/societa/N-ATL--FANFULLA-LODIGIANA/MI218
10.54,10.54,e,BIONDI Filippo,1983,SM35,C.U.S. PADOVA,2 su- 1,Padova,2021-02-27,https://www.fidal.it/atleta/BIONDI-Filippo/h6iRlJOhcWo%3D,https://www.fidal.it/societa/C-U-S--PADOVA/PD143
10.8,10.80,e,CITTERIO Paolo,1975,SM45,DAINI CARATE BRIANZA,3 su- 1,Casalmaggiore,2021-02-27,https://www.fidal.it/atleta/CITTERIO-Paolo/dq2RkpOmcWs%3D,https://www.fidal.it/societa/DAINI-CARATE-BRIANZA/MI095
10.83,10.83,e,BOTTI Ettore,1980,SM40,C.U.S. PARMA,2 su- 1,Ancona,2021-03-20,https://www.fidal.it/atleta/BOTTI-Ettore/eq6Rk5KfaGo%3D,https://www.fidal.it/societa/C-U-S--PARMA/PR068
10.84,10.84,e,GIOTTI Federico,1980,SM40,ATL. RUN FINALE LIGURE,1 su- 1,Bompas,2021-11-21,https://www.fidal.it/atleta/GIOTTI-Federico/daiRkpmiaGU%3D,https://www.fidal.it/societa/ATL--RUN-FINALE-LIGURE/SV023
12.98,12.98,e,CECCARELLI Dario carlo,1976,SM45,SEZ. ATL. ORATORIO CORNAREDO,4 su- 1,Casalmaggiore,2021-02-27,https://www.fidal.it/atleta/CECCARELLI-Dario-carlo/dq2RmJqhbmg%3D,https://www.fidal.it/societa/SEZ--ATL--ORATORIO-CORNAREDO/MI093
7.74,7.74,e,DENTATO Damiano,2004,JM,ATL.STUD. RIETI ANDREA MILARDI,1 fi- 1,Ancona,2022-02-06,https://www.fidal.it/atleta/DENTATO-Damiano/f62RkpenaWU%3D,https://www.fidal.it/societa/ATL-STUD--RIETI-ANDREA-MILARDI/RI223
7.83,7.83,e,DENTATO Damiano,2004,JM,ATL.STUD. RIETI ANDREA MILARDI,1 ba- 3,Ancona,2022-02-06,https://www.fidal.it/atleta/DENTATO-Damiano/f62RkpenaWU%3D,https://www.fidal.it/societa/ATL-STUD--RIETI-ANDREA-MILARDI/RI223
7.85,7.85,e,DENTATO Damiano,2004,JM,ATL.STUD. RIETI ANDREA MILARDI,1 fi- 1,Ancona,2022-01-22,https://www.fidal.it/atleta/DENTATO-Damiano/f62RkpenaWU%3D,https://www.fidal.it/societa/ATL-STUD--RIETI-ANDREA-MILARDI/RI223
7.87,7.87,e,COREN Simone,2003,JM,ATLETICA MALIGNANI LIBERTAS UD,1 ba- 2,Ancona,2022-02-06,https://www.fidal.it/atleta/COREN-Simone/eayRk5ehcGk%3D,https://www.fidal.it/societa/ATLETICA-MALIGNANI-LIBERTAS-UD/UD030
7.87,7.87,e,POUYE Mouhamed,2003,JM,ATLETICA RAVENNA,1 ba- 1,Parma,2022-12-17,https://www.fidal.it/atleta/POUYE-Mouhamed/eqAAARkpOlamg%3D,https://www.fidal.it/societa/ATLETICA-RAVENNA/RA095
7.9,7.90,e,COREN Simone,2003,JM,ATLETICA MALIGNANI LIBERTAS UD,2 fi- 1,Ancona,2022-02-06,https://www.fidal.it/atleta/COREN-Simone/eayRk5ehcGk%3D,https://www.fidal.it/societa/ATLETICA-MALIGNANI-LIBERTAS-UD/UD030
7.9,7.90,e,POUYE Mouhamed,2003,JM,ATLETICA RAVENNA,3 fi- 1,Ancona,2022-02-06,https://www.fidal.it/atleta/POUYE-Mouhamed/eqAAARkpOlamg%3D,https://www.fidal.it/societa/ATLETICA-RAVENNA/RA095
7.9,7.90,e,LEGNANI Riccardo,2003,JM,CUS PRO PATRIA MILANO,1 fi- 1,Bergamo,2022-02-20,https://www.fidal.it/atleta/LEGNANI-Riccardo/dq2Rl5mmbGM%3D,https://www.fidal.it/societa/CUS-PRO-PATRIA-MILANO/MI077
7.91,7.91,e,DENTATO Damiano,2004,JM,ATL.STUD. RIETI ANDREA MILARDI,1 ba- 1,Ancona,2022-01-22,https://www.fidal.it/atleta/DENTATO-Damiano/f62RkpenaWU%3D,https://www.fidal.it/societa/ATL-STUD--RIETI-ANDREA-MILARDI/RI223
7.91,7.91,e,LEGNANI Riccardo,2003,JM,CUS PRO PATRIA MILANO,4 fi- 1,Ancona,2022-02-06,https://www.fidal.it/atleta/LEGNANI-Riccardo/dq2Rl5mmbGM%3D,https://www.fidal.it/societa/CUS-PRO-PATRIA-MILANO/MI077
7.92,7.92,e,POUYE Mouhamed,2003,JM,ATLETICA RAVENNA,1 fi- 1,Parma,2022-12-17,https://www.fidal.it/atleta/POUYE-Mouhamed/eqAAARkpOlamg%3D,https://www.fidal.it/societa/ATLETICA-RAVENNA/RA095
7.93,7.93,e,LEGNANI Riccardo,2003,JM,CUS PRO PATRIA MILANO,1 ba- 1,Ancona,2022-02-06,https://www.fidal.it/atleta/LEGNANI-Riccardo/dq2Rl5mmbGM%3D,https://www.fidal.it/societa/CUS-PRO-PATRIA-MILANO/MI077
7.96,7.96,e,LEGNANI Riccardo,2003,JM,CUS PRO PATRIA MILANO,1 ba- 2,Bergamo,2022-02-20,https://www.fidal.it/atleta/LEGNANI-Riccardo/dq2Rl5mmbGM%3D,https://www.fidal.it/societa/CUS-PRO-PATRIA-MILANO/MI077
7.98,7.98,e,GHEDINA Vittorio,2004,JM,ATLETICA MENEGHINA,2 fi- 1,Parma,2022-12-17,https://www.fidal.it/atleta/GHEDINA-Vittorio/eKmRlJagbGY%3D,https://www.fidal.it/societa/ATLETICA-MENEGHINA/MI770
7.99,7.99,e,LEGNANI Riccardo,2003,JM,CUS PRO PATRIA MILANO,1 su- 1,Bergamo,2022-01-23,https://www.fidal.it/atleta/LEGNANI-Riccardo/dq2Rl5mmbGM%3D,https://www.fidal.it/societa/CUS-PRO-PATRIA-MILANO/MI077
8.0,8.00,e,ROSSI Ernesto,2004,JM,ATLETICA PAKMAN A.S.D,1 fi- 1,Ancona,2022-01-26,https://www.fidal.it/atleta/ROSSI-Ernesto/fqmRkpuicWw%3D,https://www.fidal.it/societa/ATLETICA-PAKMAN-A-S-D/PG085
8.0,8.00,e,POUYE Mouhamed,2003,JM,ATLETICA RAVENNA,2 ba- 3,Ancona,2022-02-06,https://www.fidal.it/atleta/POUYE-Mouhamed/eqAAARkpOlamg%3D,https://www.fidal.it/societa/ATLETICA-RAVENNA/RA095
8.01,8.01,e,COREN Simone,2003,JM,ATLETICA MALIGNANI LIBERTAS UD,1 fi- 1,Udine,2022-01-29,https://www.fidal.it/atleta/COREN-Simone/eayRk5ehcGk%3D,https://www.fidal.it/societa/ATLETICA-MALIGNANI-LIBERTAS-UD/UD030
8.02,8.02,e,LEGNANI Riccardo,2003,JM,CUS PRO PATRIA MILANO,1 su- 1,Bergamo,2022-01-23,https://www.fidal.it/atleta/LEGNANI-Riccardo/dq2Rl5mmbGM%3D,https://www.fidal.it/societa/CUS-PRO-PATRIA-MILANO/MI077
8.05,8.05,e,COREN Simone,2003,JM,ATLETICA MALIGNANI LIBERTAS UD,1 fi- 1,Padova,2022-01-09,https://www.fidal.it/atleta/COREN-Simone/eayRk5ehcGk%3D,https://www.fidal.it/societa/ATLETICA-MALIGNANI-LIBERTAS-UD/UD030
8.05,8.05,e,ROSSI Ernesto,2004,JM,ATLETICA PAKMAN A.S.D,2 fi- 1,Ancona,2022-01-22,https://www.fidal.it/atleta/ROSSI-Ernesto/fqmRkpuicWw%3D,https://www.fidal.it/societa/ATLETICA-PAKMAN-A-S-D/PG085
8.07,8.07,e,COREN Simone,2003,JM,ATLETICA MALIGNANI LIBERTAS UD,1 su- 1,Udine,2022-01-15,https://www.fidal.it/atleta/COREN-Simone/eayRk5ehcGk%3D,https://www.fidal.it/societa/ATLETICA-MALIGNANI-LIBERTAS-UD/UD030
8.07,8.07,e,COREN Simone,2003,JM,ATLETICA MALIGNANI LIBERTAS UD,1 ba- 1,Udine,2022-01-29,https://www.fidal.it/atleta/COREN-Simone/eayRk5ehcGk%3D,https://www.fidal.it/societa/ATLETICA-MALIGNANI-LIBERTAS-UD/UD030
8.1,8.10,e,COREN Simone,2003,JM,ATLETICA MALIGNANI LIBERTAS UD,1 ba- 1,Padova,2022-01-09,https://www.fidal.it/atleta/COREN-Simone/eayRk5ehcGk%3D,https://www.fidal.it/societa/ATLETICA-MALIGNANI-LIBERTAS-UD/UD030
8.1,8.10,e,ROSSI Ernesto,2004,JM,ATLETICA PAKMAN A.S.D,1 ba- 1,Ancona,2022-01-26,https://www.fidal.it/atleta/ROSSI-Ernesto/fqmRkpuicWw%3D,https://www.fidal.it/societa/ATLETICA-PAKMAN-A-S-D/PG085
8.14,8.14,e,ROSSI Ernesto,2004,JM,ATLETICA PAKMAN A.S.D,1 ba- 2,Ancona,2022-01-22,https://www.fidal.it/atleta/ROSSI-Ernesto/fqmRkpuicWw%3D,https://www.fidal.it/societa/ATLETICA-PAKMAN-A-S-D/PG085
8.14,8.14,e,MULAS Oliver,2004,JM,ASD MAURINA OLIO CARLI,1 fi- 1,Bra,2022-01-29,https://www.fidal.it/atleta/MULAS-Oliver/daqRkpOkaWM%3D,https://www.fidal.it/societa/ASD-MAURINA-OLIO-CARLI/IM029
8.14,8.14,e,NONINO Alberto,2004,JM,ATLETICA MALIGNANI LIBERTAS UD,3 ba- 1,Ancona,2022-02-06,https://www.fidal.it/atleta/NONINO-Alberto/eayRk5alamo%3D,https://www.fidal.it/societa/ATLETICA-MALIGNANI-LIBERTAS-UD/UD030
8.15,8.15,e,NONINO Alberto,2004,JM,ATLETICA MALIGNANI LIBERTAS UD,6 fi- 1,Ancona,2022-02-06,https://www.fidal.it/atleta/NONINO-Alberto/eayRk5alamo%3D,https://www.fidal.it/societa/ATLETICA-MALIGNANI-LIBERTAS-UD/UD030
8.15,8.15,e,CORTI Edoardo,2003,JM,ATL. BERGAMO 1959 ORIOCENTER,7 fi- 1,Ancona,2022-02-06,https://www.fidal.it/atleta/CORTI-Edoardo/dq2RlZaibmU%3D,https://www.fidal.it/societa/ATL--BERGAMO-1959-ORIOCENTER/BG003
8.16,8.16,e,MULAS Oliver,2004,JM,ASD MAURINA OLIO CARLI,1 su- 1,Casalmaggiore,2022-01-23,https://www.fidal.it/atleta/MULAS-Oliver/daqRkpOkaWM%3D,https://www.fidal.it/societa/ASD-MAURINA-OLIO-CARLI/IM029
8.17,8.17,e,MULAS Oliver,2004,JM,ASD MAURINA OLIO CARLI,1 su- 1,Casalmaggiore,2022-01-23,https://www.fidal.it/atleta/MULAS-Oliver/daqRkpOkaWM%3D,https://www.fidal.it/societa/ASD-MAURINA-OLIO-CARLI/IM029
8.17,8.17,e,ZANGRILLO Luca,2004,JM,SSD FORMIA ATL. LEGGERA A R.L.,1 fi- 1,Rieti,2022-01-30,https://www.fidal.it/atleta/ZANGRILLO-Luca/f6qRkpSmbmc%3D,https://www.fidal.it/societa/SSD-FORMIA-ATL--LEGGERA-A-R-L-/LT302
8.18,8.18,e,DI MAURO Marco,2004,JM,ASD ELITE ACADEMY BARI,1 su- 1,Napoli,2022-01-15,https://www.fidal.it/atleta/DI-MAURO-Marco/hKmRkpana2U%3D,https://www.fidal.it/societa/ASD-ELITE-ACADEMY-BARI/BA008
8.19,8.19,e,CORTI Edoardo,2003,JM,ATL. BERGAMO 1959 ORIOCENTER,2 su- 1,Bergamo,2022-01-23,https://www.fidal.it/atleta/CORTI-Edoardo/dq2RlZaibmU%3D,https://www.fidal.it/societa/ATL--BERGAMO-1959-ORIOCENTER/BG003
8.19,8.19,e,GHEDINA Vittorio,2004,JM,ATLETICA MENEGHINA,2 ba- 1,Parma,2022-12-17,https://www.fidal.it/atleta/GHEDINA-Vittorio/eKmRlJagbGY%3D,https://www.fidal.it/societa/ATLETICA-MENEGHINA/MI770
8.21,8.21,e,CORTI Edoardo,2003,JM,ATL. BERGAMO 1959 ORIOCENTER,1 su- 1,Bergamo,2022-01-09,https://www.fidal.it/atleta/CORTI-Edoardo/dq2RlZaibmU%3D,https://www.fidal.it/societa/ATL--BERGAMO-1959-ORIOCENTER/BG003
8.21,8.21,e,NONINO Alberto,2004,JM,ATLETICA MALIGNANI LIBERTAS UD,1 se- 1,Padova,2022-03-13,https://www.fidal.it/atleta/NONINO-Alberto/eayRk5alamo%3D,https://www.fidal.it/societa/ATLETICA-MALIGNANI-LIBERTAS-UD/UD030
8.22,8.22,e,CORTI Edoardo,2003,JM,ATL. BERGAMO 1959 ORIOCENTER,2 su- 1,Bergamo,2022-01-23,https://www.fidal.it/atleta/CORTI-Edoardo/dq2RlZaibmU%3D,https://www.fidal.it/societa/ATL--BERGAMO-1959-ORIOCENTER/BG003
8.22,8.22,e,CORTI Edoardo,2003,JM,ATL. BERGAMO 1959 ORIOCENTER,2 ba- 2,Ancona,2022-02-06,https://www.fidal.it/atleta/CORTI-Edoardo/dq2RlZaibmU%3D,https://www.fidal.it/societa/ATL--BERGAMO-1959-ORIOCENTER/BG003
8.23,8.23,e,ZANGRILLO Luca,2004,JM,SSD FORMIA ATL. LEGGERA A R.L.,2 su- 1,Napoli,2022-01-15,https://www.fidal.it/atleta/ZANGRILLO-Luca/f6qRkpSmbmc%3D,https://www.fidal.it/societa/SSD-FORMIA-ATL--LEGGERA-A-R-L-/LT302
8.23,8.23,e,NONINO Alberto,2004,JM,ATLETICA MALIGNANI LIBERTAS UD,2 su- 1,Udine,2022-01-15,https://www.fidal.it/atleta/NONINO-Alberto/eayRk5alamo%3D,https://www.fidal.it/societa/ATLETICA-MALIGNANI-LIBERTAS-UD/UD030
8.24,8.24,e,NONINO Alberto,2004,JM,ATLETICA MALIGNANI LIBERTAS UD,2 fi- 1,Udine,2022-01-29,https://www.fidal.it/atleta/NONINO-Alberto/eayRk5alamo%3D,https://www.fidal.it/societa/ATLETICA-MALIGNANI-LIBERTAS-UD/UD030
8.24,8.24,e,DI MAURO Marco,2004,JM,ASD ELITE ACADEMY BARI,3 ba- 3,Ancona,2022-02-06,https://www.fidal.it/atleta/DI-MAURO-Marco/hKmRkpana2U%3D,https://www.fidal.it/societa/ASD-ELITE-ACADEMY-BARI/BA008
8.25,8.25,e,MELLANO Lorenzo,2004,JM,A.S.D. ATL. FOSSANO '75,4 ba- 1,Ancona,2022-02-06,https://www.fidal.it/atleta/MELLANO-Lorenzo/dKyRlJigbGY%3D,https://www.fidal.it/societa/A-S-D--ATL--FOSSANO-75/CN001
8.26,8.26,e,MULAS Oliver,2004,JM,ASD MAURINA OLIO CARLI,1 su- 1,Casalmaggiore,2022-01-09,https://www.fidal.it/atleta/MULAS-Oliver/daqRkpOkaWM%3D,https://www.fidal.it/societa/ASD-MAURINA-OLIO-CARLI/IM029
8.26,8.26,e,MULAS Oliver,2004,JM,ASD MAURINA OLIO CARLI,1 ba- 1,Bra,2022-01-29,https://www.fidal.it/atleta/MULAS-Oliver/daqRkpOkaWM%3D,https://www.fidal.it/societa/ASD-MAURINA-OLIO-CARLI/IM029
8.26,8.26,e,DI MAURO Marco,2004,JM,ASD ELITE ACADEMY BARI,8 fi- 1,Ancona,2022-02-06,https://www.fidal.it/atleta/DI-MAURO-Marco/hKmRkpana2U%3D,https://www.fidal.it/societa/ASD-ELITE-ACADEMY-BARI/BA008
8.27,8.27,e,NONINO Alberto,2004,JM,ATLETICA MALIGNANI LIBERTAS UD,2 ba- 1,Udine,2022-01-29,https://www.fidal.it/atleta/NONINO-Alberto/eayRk5alamo%3D,https://www.fidal.it/societa/ATLETICA-MALIGNANI-LIBERTAS-UD/UD030
8.27,8.27,e,DAL POZZO Mattia,2003,JM,ASD ATLETICA BIOTEKNA,3 ba- 2,Ancona,2022-02-06,https://www.fidal.it/atleta/DAL-POZZO-Mattia/eK2RkpqmbmU%3D,https://www.fidal.it/societa/ASD-ATLETICA-BIOTEKNA/VE471
8.27,8.27,e,MELLANO Lorenzo,2004,JM,A.S.D. ATL. FOSSANO '75,2 se- 1,Padova,2022-03-13,https://www.fidal.it/atleta/MELLANO-Lorenzo/dKyRlJigbGY%3D,https://www.fidal.it/societa/A-S-D--ATL--FOSSANO-75/CN001
8.29,8.29,e,MELLANO Lorenzo,2004,JM,A.S.D. ATL. FOSSANO '75,2 fi- 1,Bra,2022-01-29,https://www.fidal.it/atleta/MELLANO-Lorenzo/dKyRlJigbGY%3D,https://www.fidal.it/societa/A-S-D--ATL--FOSSANO-75/CN001
8.3,8.30,e,MULAS Oliver,2004,JM,ASD MAURINA OLIO CARLI,1 su- 1,Bergamo,2022-01-16,https://www.fidal.it/atleta/MULAS-Oliver/daqRkpOkaWM%3D,https://www.fidal.it/societa/ASD-MAURINA-OLIO-CARLI/IM029
8.31,8.31,e,ZANGRILLO Luca,2004,JM,SSD FORMIA ATL. LEGGERA A R.L.,1 ba- 1,Rieti,2022-01-30,https://www.fidal.it/atleta/ZANGRILLO-Luca/f6qRkpSmbmc%3D,https://www.fidal.it/societa/SSD-FORMIA-ATL--LEGGERA-A-R-L-/LT302
8.32,8.32,e,BOVO Federico,2003,JM,ASD ATLETICA BIOTEKNA,3 se- 1,Padova,2022-03-13,https://www.fidal.it/atleta/BOVO-Federico/eKqRkpeoamc%3D,https://www.fidal.it/societa/ASD-ATLETICA-BIOTEKNA/VE471
8.33,8.33,e,MULAS Oliver,2004,JM,ASD MAURINA OLIO CARLI,1 su- 1,Bergamo,2022-01-16,https://www.fidal.it/atleta/MULAS-Oliver/daqRkpOkaWM%3D,https://www.fidal.it/societa/ASD-MAURINA-OLIO-CARLI/IM029
8.33,8.33,e,DEMO Stefano,2004,JM,ATLETICA CANAVESANA,1 se- 3,Bergamo,2022-01-30,https://www.fidal.it/atleta/DEMO-Stefano/dK6RlpigcWg%3D,https://www.fidal.it/societa/ATLETICA-CANAVESANA/TO015
8.33,8.33,e,COLOMBO Davide,2003,JM,ATL. LECCO-COLOMBO COSTRUZ.,5 ba- 1,Ancona,2022-02-06,https://www.fidal.it/atleta/COLOMBO-Davide/dquRkpugcWM%3D,https://www.fidal.it/societa/ATL--LECCO-COLOMBO-COSTRUZ-/CO208
8.35,8.35,e,MULAS Oliver,2004,JM,ASD MAURINA OLIO CARLI,4 ba- 2,Ancona,2022-02-06,https://www.fidal.it/atleta/MULAS-Oliver/daqRkpOkaWM%3D,https://www.fidal.it/societa/ASD-MAURINA-OLIO-CARLI/IM029
8.35,8.35,e,ARCIDIACONO Daniele,2004,JM,U.S. FOGGIA ATL. LEGGERA,4 ba- 3,Ancona,2022-02-06,https://www.fidal.it/atleta/ARCIDIACONO-Daniele/hKuRkpSkbGQ%3D,https://www.fidal.it/societa/U-S--FOGGIA-ATL--LEGGERA/FG202
8.35,8.35,e,FERRUCCI David,1985,SM35,ASD U.S. ATERNO PESCARA,1 su- 1,Ancona,2022-02-12,https://www.fidal.it/atleta/FERRUCCI-David/gaiRkpmhbmQ%3D,https://www.fidal.it/societa/ASD-U-S--ATERNO-PESCARA/PE001
8.35,8.35,e,FERRUCCI David,1985,SM35,ASD U.S. ATERNO PESCARA,2 fi- 1,Braga,2022-02-26,https://www.fidal.it/atleta/FERRUCCI-David/gaiRkpmhbmQ%3D,https://www.fidal.it/societa/ASD-U-S--ATERNO-PESCARA/PE001
8.36,8.36,e,MULAS Oliver,2004,JM,ASD MAURINA OLIO CARLI,1 su- 1,Casalmaggiore,2022-01-09,https://www.fidal.it/atleta/MULAS-Oliver/daqRkpOkaWM%3D,https://www.fidal.it/societa/ASD-MAURINA-OLIO-CARLI/IM029
8.36,8.36,e,VILLA Emiliano,2003,JM,FIAMME GIALLE G. SIMONI,3 fi- 1,Ancona,2022-01-22,https://www.fidal.it/atleta/VILLA-Emiliano/f6yRk5qlaWk%3D,https://www.fidal.it/societa/FIAMME-GIALLE-G--SIMONI/RM057
8.36,8.36,e,MELLANO Lorenzo,2004,JM,A.S.D. ATL. FOSSANO '75,1 se- 1,Padova,2022-02-13,https://www.fidal.it/atleta/MELLANO-Lorenzo/dKyRlJigbGY%3D,https://www.fidal.it/societa/A-S-D--ATL--FOSSANO-75/CN001
8.37,8.37,e,ARCIDIACONO Daniele,2004,JM,U.S. FOGGIA ATL. LEGGERA,2 ba- 2,Ancona,2022-01-22,https://www.fidal.it/atleta/ARCIDIACONO-Daniele/hKuRkpSkbGQ%3D,https://www.fidal.it/societa/U-S--FOGGIA-ATL--LEGGERA/FG202
8.37,8.37,e,ARCIDIACONO Daniele,2004,JM,U.S. FOGGIA ATL. LEGGERA,2 ba- 1,Ancona,2022-01-26,https://www.fidal.it/atleta/ARCIDIACONO-Daniele/hKuRkpSkbGQ%3D,https://www.fidal.it/societa/U-S--FOGGIA-ATL--LEGGERA/FG202
8.37,8.37,e,ARCIDIACONO Daniele,2004,JM,U.S. FOGGIA ATL. LEGGERA,2 fi- 1,Ancona,2022-01-26,https://www.fidal.it/atleta/ARCIDIACONO-Daniele/hKuRkpSkbGQ%3D,https://www.fidal.it/societa/U-S--FOGGIA-ATL--LEGGERA/FG202
8.38,8.38,e,POUYE Mouhamed,2003,JM,ATLETICA RAVENNA,3 ba- 1,Ancona,2022-01-26,https://www.fidal.it/atleta/POUYE-Mouhamed/eqAAARkpOlamg%3D,https://www.fidal.it/societa/ATLETICA-RAVENNA/RA095
8.38,8.38,e,LISE Lorenzo giulio,2004,JM,ACSI CAMPIDOGLIO PALATINO,2 fi- 1,Rieti,2022-01-30,https://www.fidal.it/atleta/LISE-Lorenzo-giulio/f6yRlJWmamc%3D,https://www.fidal.it/societa/ACSI-CAMPIDOGLIO-PALATINO/RM046
8.41,8.41,e,COLOMBO Davide,2003,JM,ATL. LECCO-COLOMBO COSTRUZ.,2 su- 1,Bergamo,2022-01-16,https://www.fidal.it/atleta/COLOMBO-Davide/dquRkpugcWM%3D,https://www.fidal.it/societa/ATL--LECCO-COLOMBO-COSTRUZ-/CO208
8.41,8.41,e,CECCHET Nicolas,2003,JM,ATHLETIC CLUB FIREX BELLUNO,5 ba- 3,Ancona,2022-02-06,https://www.fidal.it/atleta/CECCHET-Nicolas/eKmRlJSocGk%3D,https://www.fidal.it/societa/ATHLETIC-CLUB-FIREX-BELLUNO/BL009
8.41,8.41,e,FERRUCCI David,1985,SM35,ASD U.S. ATERNO PESCARA,1 ba- 2,Braga,2022-02-25,https://www.fidal.it/atleta/FERRUCCI-David/gaiRkpmhbmQ%3D,https://www.fidal.it/societa/ASD-U-S--ATERNO-PESCARA/PE001
8.42,8.42,e,DAL POZZO Mattia,2003,JM,ASD ATLETICA BIOTEKNA,2 ba- 1,Padova,2022-01-29,https://www.fidal.it/atleta/DAL-POZZO-Mattia/eK2RkpqmbmU%3D,https://www.fidal.it/societa/ASD-ATLETICA-BIOTEKNA/VE471
8.42,8.42,e,UGATI Nicolas,2003,JM,ATLETICA LIVORNO,1 ba- 1,Firenze,2022-01-30,https://www.fidal.it/atleta/UGATI-Nicolas/fayRkpaia2g%3D,https://www.fidal.it/societa/ATLETICA-LIVORNO/LI036
8.42,8.42,e,OHENE ADDO Randy,2003,JM,ASD INTERFLUMINA E' PIU' POMI',3 ba- 1,Parma,2022-12-17,https://www.fidal.it/atleta/OHENE-ADDO-Randy/eq6RkpWmb2Q%3D,https://www.fidal.it/societa/ASD-INTERFLUMINA-E-PIU-POMI-/CR150
8.43,8.43,e,OHENE ADDO Randy,2003,JM,ASD INTERFLUMINA E' PIU' POMI',2 su- 1,Casalmaggiore,2022-01-23,https://www.fidal.it/atleta/OHENE-ADDO-Randy/eq6RkpWmb2Q%3D,https://www.fidal.it/societa/ASD-INTERFLUMINA-E-PIU-POMI-/CR150
8.44,8.44,e,BONANNI Federico,2004,JM,ATL.STUD. RIETI ANDREA MILARDI,1 ba- 1,Rieti,2022-01-22,https://www.fidal.it/atleta/BONANNI-Federico/f6yRkpqocGw%3D,https://www.fidal.it/societa/ATL-STUD--RIETI-ANDREA-MILARDI/RI223
8.44,8.44,e,OHENE ADDO Randy,2003,JM,ASD INTERFLUMINA E' PIU' POMI',2 su- 1,Bergamo,2022-02-13,https://www.fidal.it/atleta/OHENE-ADDO-Randy/eq6RkpWmb2Q%3D,https://www.fidal.it/societa/ASD-INTERFLUMINA-E-PIU-POMI-/CR150
8.45,8.45,e,UGATI Nicolas,2003,JM,ATLETICA LIVORNO,1 fi- 1,Padova,2022-01-22,https://www.fidal.it/atleta/UGATI-Nicolas/fayRkpaia2g%3D,https://www.fidal.it/societa/ATLETICA-LIVORNO/LI036
8.45,8.45,e,LISE Lorenzo giulio,2004,JM,ACSI CAMPIDOGLIO PALATINO,3 ba- 2,Ancona,2022-01-22,https://www.fidal.it/atleta/LISE-Lorenzo-giulio/f6yRlJWmamc%3D,https://www.fidal.it/societa/ACSI-CAMPIDOGLIO-PALATINO/RM046
8.45,8.45,e,TESI Lorenzo,2004,JM,ASD ATLETICA  PRATO,3 ba- 1,Padova,2022-01-29,https://www.fidal.it/atleta/TESI-Lorenzo/fbORkpOfaGc%3D,https://www.fidal.it/societa/ASD-ATLETICA-PRATO/PO149
8.45,8.45,e,LISE Lorenzo giulio,2004,JM,ACSI CAMPIDOGLIO PALATINO,2 ba- 1,Rieti,2022-01-30,https://www.fidal.it/atleta/LISE-Lorenzo-giulio/f6yRlJWmamc%3D,https://www.fidal.it/societa/ACSI-CAMPIDOGLIO-PALATINO/RM046
8.46,8.46,e,OHENE ADDO Randy,2003,JM,ASD INTERFLUMINA E' PIU' POMI',2 su- 1,Casalmaggiore,2022-01-09,https://www.fidal.it/atleta/OHENE-ADDO-Randy/eq6RkpWmb2Q%3D,https://www.fidal.it/societa/ASD-INTERFLUMINA-E-PIU-POMI-/CR150
8.46,8.46,e,VILLA Emiliano,2003,JM,FIAMME GIALLE G. SIMONI,2 ba- 1,Ancona,2022-01-22,https://www.fidal.it/atleta/VILLA-Emiliano/f6yRk5qlaWk%3D,https://www.fidal.it/societa/FIAMME-GIALLE-G--SIMONI/RM057
8.46,8.46,e,MELLANO Lorenzo,2004,JM,A.S.D. ATL. FOSSANO '75,2 ba- 1,Bra,2022-01-29,https://www.fidal.it/atleta/MELLANO-Lorenzo/dKyRlJigbGY%3D,https://www.fidal.it/societa/A-S-D--ATL--FOSSANO-75/CN001
8.47,8.47,e,CORTI Edoardo,2003,JM,ATL. BERGAMO 1959 ORIOCENTER,1 su- 1,Bergamo,2022-01-09,https://www.fidal.it/atleta/CORTI-Edoardo/dq2RlZaibmU%3D,https://www.fidal.it/societa/ATL--BERGAMO-1959-ORIOCENTER/BG003
8.47,8.47,e,UGATI Nicolas,2003,JM,ATLETICA LIVORNO,1 ba- 1,Padova,2022-01-22,https://www.fidal.it/atleta/UGATI-Nicolas/fayRkpaia2g%3D,https://www.fidal.it/societa/ATLETICA-LIVORNO/LI036
8.47,8.47,e,POUYE Mouhamed,2003,JM,ATLETICA RAVENNA,3 fi- 1,Ancona,2022-01-26,https://www.fidal.it/atleta/POUYE-Mouhamed/eqAAARkpOlamg%3D,https://www.fidal.it/societa/ATLETICA-RAVENNA/RA095
8.47,8.47,e,DAL POZZO Mattia,2003,JM,ASD ATLETICA BIOTEKNA,2 fi- 1,Padova,2022-01-29,https://www.fidal.it/atleta/DAL-POZZO-Mattia/eK2RkpqmbmU%3D,https://www.fidal.it/societa/ASD-ATLETICA-BIOTEKNA/VE471
8.47,8.47,e,UGATI Nicolas,2003,JM,ATLETICA LIVORNO,1 fi- 1,Firenze,2022-01-30,https://www.fidal.it/atleta/UGATI-Nicolas/fayRkpaia2g%3D,https://www.fidal.it/societa/ATLETICA-LIVORNO/LI036
8.48,8.48,e,TESI Lorenzo,2004,JM,ASD ATLETICA  PRATO,3 fi- 1,Padova,2022-01-29,https://www.fidal.it/atleta/TESI-Lorenzo/fbORkpOfaGc%3D,https://www.fidal.it/societa/ASD-ATLETICA-PRATO/PO149
8.48,8.48,e,LISE Lorenzo giulio,2004,JM,ACSI CAMPIDOGLIO PALATINO,5 ba- 2,Ancona,2022-02-06,https://www.fidal.it/atleta/LISE-Lorenzo-giulio/f6yRlJWmamc%3D,https://www.fidal.it/societa/ACSI-CAMPIDOGLIO-PALATINO/RM046
8.48,8.48,e,OHENE ADDO Randy,2003,JM,ASD INTERFLUMINA E' PIU' POMI',1 fi- 2,Bergamo,2022-02-20,https://www.fidal.it/atleta/OHENE-ADDO-Randy/eq6RkpWmb2Q%3D,https://www.fidal.it/societa/ASD-INTERFLUMINA-E-PIU-POMI-/CR150
8.49,8.49,e,OHENE ADDO Randy,2003,JM,ASD INTERFLUMINA E' PIU' POMI',2 su- 1,Casalmaggiore,2022-01-23,https://www.fidal.it/atleta/OHENE-ADDO-Randy/eq6RkpWmb2Q%3D,https://www.fidal.it/societa/ASD-INTERFLUMINA-E-PIU-POMI-/CR150
8.49,8.49,e,COLOMBO Davide,2003,JM,ATL. LECCO-COLOMBO COSTRUZ.,4 su- 1,Bergamo,2022-01-23,https://www.fidal.it/atleta/COLOMBO-Davide/dquRkpugcWM%3D,https://www.fidal.it/societa/ATL--LECCO-COLOMBO-COSTRUZ-/CO208
8.49,8.49,e,DEMO Stefano,2004,JM,ATLETICA CANAVESANA,6 ba- 2,Ancona,2022-02-06,https://www.fidal.it/atleta/DEMO-Stefano/dK6RlpigcWg%3D,https://www.fidal.it/societa/ATLETICA-CANAVESANA/TO015
8.5,8.50,e,CECCHET Nicolas,2003,JM,ATHLETIC CLUB FIREX BELLUNO,2 ba- 1,Padova,2022-01-22,https://www.fidal.it/atleta/CECCHET-Nicolas/eKmRlJSocGk%3D,https://www.fidal.it/societa/ATHLETIC-CLUB-FIREX-BELLUNO/BL009
8.5,8.50,e,OHENE ADDO Randy,2003,JM,ASD INTERFLUMINA E' PIU' POMI',2 su- 1,Bergamo,2022-02-13,https://www.fidal.it/atleta/OHENE-ADDO-Randy/eq6RkpWmb2Q%3D,https://www.fidal.it/societa/ASD-INTERFLUMINA-E-PIU-POMI-/CR150
8.5,8.50,e,CARUGATI Alessandro,2004,JM,ATL. O.S.A. SARONNO LIB.,1 se- 3,Padova,2022-03-13,https://www.fidal.it/atleta/CARUGATI-Alessandro/drKRk5WiaGU%3D,https://www.fidal.it/societa/ATL--O-S-A--SARONNO-LIB-/VA119
8.51,8.51,e,DI BENEDETTO Matteo,2004,JM,TEAM-A LOMBARDIA,2 su- 1,Bergamo,2022-01-09,https://www.fidal.it/atleta/DI-BENEDETTO-Matteo/dq2RlZWnaGM%3D,https://www.fidal.it/societa/TEAM-A-LOMBARDIA/MI774
8.51,8.51,e,GARBO Davis,2004,JM,G.S. FIAMME ORO PADOVA,4 fi- 1,Padova,2022-01-29,https://www.fidal.it/atleta/GARBO-Davis/eKqRkpmjams%3D,https://www.fidal.it/societa/G-S--FIAMME-ORO-PADOVA/PD131
8.51,8.51,e,VILLA Emiliano,2003,JM,FIAMME GIALLE G. SIMONI,1 ba- 1,Firenze,2022-02-13,https://www.fidal.it/atleta/VILLA-Emiliano/f6yRk5qlaWk%3D,https://www.fidal.it/societa/FIAMME-GIALLE-G--SIMONI/RM057
8.51,8.51,e,DEMO Stefano,2004,JM,ATLETICA CANAVESANA,4 se- 1,Padova,2022-03-13,https://www.fidal.it/atleta/DEMO-Stefano/dK6RlpigcWg%3D,https://www.fidal.it/societa/ATLETICA-CANAVESANA/TO015
8.52,8.52,e,BARTOLINI Alexander,2003,JM,LIBERTAS ATLETICA FORLI',4 ba- 1,Ancona,2022-01-26,https://www.fidal.it/atleta/BARTOLINI-Alexander/eqAAARkpSgbWk%3D,https://www.fidal.it/societa/LIBERTAS-ATLETICA-FORLI-/FC542
8.52,8.52,e,OHENE ADDO Randy,2003,JM,ASD INTERFLUMINA E' PIU' POMI',3 fi- 1,Parma,2022-12-17,https://www.fidal.it/atleta/OHENE-ADDO-Randy/eq6RkpWmb2Q%3D,https://www.fidal.it/societa/ASD-INTERFLUMINA-E-PIU-POMI-/CR150
8.54,8.54,e,ARCIDIACONO Daniele,2004,JM,U.S. FOGGIA ATL. LEGGERA,4 fi- 1,Ancona,2022-01-22,https://www.fidal.it/atleta/ARCIDIACONO-Daniele/hKuRkpSkbGQ%3D,https://www.fidal.it/societa/U-S--FOGGIA-ATL--LEGGERA/FG202
8.54,8.54,e,CECCHET Nicolas,2003,JM,ATHLETIC CLUB FIREX BELLUNO,4 ba- 1,Padova,2022-01-29,https://www.fidal.it/atleta/CECCHET-Nicolas/eKmRlJSocGk%3D,https://www.fidal.it/societa/ATHLETIC-CLUB-FIREX-BELLUNO/BL009
8.55,8.55,e,CECCHET Nicolas,2003,JM,ATHLETIC CLUB FIREX BELLUNO,5 fi- 1,Padova,2022-01-29,https://www.fidal.it/atleta/CECCHET-Nicolas/eKmRlJSocGk%3D,https://www.fidal.it/societa/ATHLETIC-CLUB-FIREX-BELLUNO/BL009
8.56,8.56,e,TESI Lorenzo,2004,JM,ASD ATLETICA  PRATO,2 fi- 1,Padova,2022-01-09,https://www.fidal.it/atleta/TESI-Lorenzo/fbORkpOfaGc%3D,https://www.fidal.it/societa/ASD-ATLETICA-PRATO/PO149
8.56,8.56,e,BARTOLINI Alexander,2003,JM,LIBERTAS ATLETICA FORLI',5 fi- 1,Ancona,2022-01-22,https://www.fidal.it/atleta/BARTOLINI-Alexander/eqAAARkpSgbWk%3D,https://www.fidal.it/societa/LIBERTAS-ATLETICA-FORLI-/FC542
8.56,8.56,e,PATERNOSTRO Riccardo,2003,JM,ACSI CAMPIDOGLIO PALATINO,3 ba- 1,Rieti,2022-01-30,https://www.fidal.it/atleta/PATERNOSTRO-Riccardo/f62RkpWja2k%3D,https://www.fidal.it/societa/ACSI-CAMPIDOGLIO-PALATINO/RM046
8.57,8.57,e,OHENE ADDO Randy,2003,JM,ASD INTERFLUMINA E' PIU' POMI',1 su- 1,Casalmaggiore,2022-01-16,https://www.fidal.it/atleta/OHENE-ADDO-Randy/eq6RkpWmb2Q%3D,https://www.fidal.it/societa/ASD-INTERFLUMINA-E-PIU-POMI-/CR150
8.57,8.57,e,CECCHET Nicolas,2003,JM,ATHLETIC CLUB FIREX BELLUNO,2 fi- 1,Padova,2022-01-22,https://www.fidal.it/atleta/CECCHET-Nicolas/eKmRlJSocGk%3D,https://www.fidal.it/societa/ATHLETIC-CLUB-FIREX-BELLUNO/BL009
8.57,8.57,e,LISE Lorenzo giulio,2004,JM,ACSI CAMPIDOGLIO PALATINO,6 fi- 1,Ancona,2022-01-22,https://www.fidal.it/atleta/LISE-Lorenzo-giulio/f6yRlJWmamc%3D,https://www.fidal.it/societa/ACSI-CAMPIDOGLIO-PALATINO/RM046
8.57,8.57,e,GLIOTTONE Mattia,2004,JM,CUS CASSINO,1 su- 1,Napoli,2022-02-12,https://www.fidal.it/atleta/GLIOTTONE-Mattia/f6mRkpOfaWM%3D,https://www.fidal.it/societa/CUS-CASSINO/FR256
8.58,8.58,e,GLIOTTONE Mattia,2004,JM,CUS CASSINO,5 se- 1,Padova,2022-03-13,https://www.fidal.it/atleta/GLIOTTONE-Mattia/f6mRkpOfaWM%3D,https://www.fidal.it/societa/CUS-CASSINO/FR256
8.59,8.59,e,TESI Lorenzo,2004,JM,ASD ATLETICA  PRATO,2 ba- 1,Padova,2022-01-09,https://www.fidal.it/atleta/TESI-Lorenzo/fbORkpOfaGc%3D,https://www.fidal.it/societa/ASD-ATLETICA-PRATO/PO149
8.59,8.59,e,ZAVARESCO Giulio,2004,JM,ATLETICA MALIGNANI LIBERTAS UD,3 fi- 1,Udine,2022-01-29,https://www.fidal.it/atleta/ZAVARESCO-Giulio/eayRk5alams%3D,https://www.fidal.it/societa/ATLETICA-MALIGNANI-LIBERTAS-UD/UD030
8.6,8.60,e,PATERNOSTRO Riccardo,2003,JM,ACSI CAMPIDOGLIO PALATINO,1 fi- 1,Rieti,2022-01-15,https://www.fidal.it/atleta/PATERNOSTRO-Riccardo/f62RkpWja2k%3D,https://www.fidal.it/societa/ACSI-CAMPIDOGLIO-PALATINO/RM046
8.6,8.60,e,PATERNOSTRO Riccardo,2003,JM,ACSI CAMPIDOGLIO PALATINO,1 fi- 1,Rieti,2022-01-22,https://www.fidal.it/atleta/PATERNOSTRO-Riccardo/f62RkpWja2k%3D,https://www.fidal.it/societa/ACSI-CAMPIDOGLIO-PALATINO/RM046
8.6,8.60,e,PATERNOSTRO Riccardo,2003,JM,ACSI CAMPIDOGLIO PALATINO,2 ba- 1,Rieti,2022-01-22,https://www.fidal.it/atleta/PATERNOSTRO-Riccardo/f62RkpWja2k%3D,https://www.fidal.it/societa/ACSI-CAMPIDOGLIO-PALATINO/RM046
8.61,8.61,e,CECCHET Nicolas,2003,JM,ATHLETIC CLUB FIREX BELLUNO,3 fi- 1,Padova,2022-01-09,https://www.fidal.it/atleta/CECCHET-Nicolas/eKmRlJSocGk%3D,https://www.fidal.it/societa/ATHLETIC-CLUB-FIREX-BELLUNO/BL009
8.61,8.61,e,BARTOLINI Alexander,2003,JM,LIBERTAS ATLETICA FORLI',4 fi- 1,Ancona,2022-01-26,https://www.fidal.it/atleta/BARTOLINI-Alexander/eqAAARkpSgbWk%3D,https://www.fidal.it/societa/LIBERTAS-ATLETICA-FORLI-/FC542
8.62,8.62,e,DI BENEDETTO Matteo,2004,JM,TEAM-A LOMBARDIA,2 su- 1,Bergamo,2022-01-09,https://www.fidal.it/atleta/DI-BENEDETTO-Matteo/dq2RlZWnaGM%3D,https://www.fidal.it/societa/TEAM-A-LOMBARDIA/MI774
8.62,8.62,e,GARBO Davis,2004,JM,G.S. FIAMME ORO PADOVA,6 se- 1,Padova,2022-03-13,https://www.fidal.it/atleta/GARBO-Davis/eKqRkpmjams%3D,https://www.fidal.it/societa/G-S--FIAMME-ORO-PADOVA/PD131
8.63,8.63,e,BIANCHI Simone,2004,JM,ATL. BERGAMO 1959 ORIOCENTER,2 se- 3,Bergamo,2022-01-30,https://www.fidal.it/atleta/BIANCHI-Simone/dqqRmJOiaGM%3D,https://www.fidal.it/societa/ATL--BERGAMO-1959-ORIOCENTER/BG003
8.64,8.64,e,OHENE ADDO Randy,2003,JM,ASD INTERFLUMINA E' PIU' POMI',1 su- 1,Casalmaggiore,2022-01-16,https://www.fidal.it/atleta/OHENE-ADDO-Randy/eq6RkpWmb2Q%3D,https://www.fidal.it/societa/ASD-INTERFLUMINA-E-PIU-POMI-/CR150
8.64,8.64,e,STRATAGEMMA Carlo,2004,JM,U.S. FOGGIA ATL. LEGGERA,5 ba- 1,Ancona,2022-01-26,https://www.fidal.it/atleta/STRATAGEMMA-Carlo/hKuRkpWgcWQ%3D,https://www.fidal.it/societa/U-S--FOGGIA-ATL--LEGGERA/FG202
8.64,8.64,e,ZAVARESCO Giulio,2004,JM,ATLETICA MALIGNANI LIBERTAS UD,3 ba- 1,Udine,2022-01-29,https://www.fidal.it/atleta/ZAVARESCO-Giulio/eayRk5alams%3D,https://www.fidal.it/societa/ATLETICA-MALIGNANI-LIBERTAS-UD/UD030
8.65,8.65,e,GARBO Davis,2004,JM,G.S. FIAMME ORO PADOVA,1 ba- 2,Padova,2022-01-29,https://www.fidal.it/atleta/GARBO-Davis/eKqRkpmjams%3D,https://www.fidal.it/societa/G-S--FIAMME-ORO-PADOVA/PD131
8.65,8.65,e,GLIOTTONE Mattia,2004,JM,CUS CASSINO,1 se- 1,Rieti,2022-01-29,https://www.fidal.it/atleta/GLIOTTONE-Mattia/f6mRkpOfaWM%3D,https://www.fidal.it/societa/CUS-CASSINO/FR256
8.66,8.66,e,NIAGU Nicola benjamin,2003,JM,PROSPORT ATL. FIRENZE,1 se- 2,Eaubonne,2022-01-09,https://www.fidal.it/atleta/NIAGU-Nicola-benjamin/faqRkpmoaWY%3D,https://www.fidal.it/societa/PROSPORT-ATL--FIRENZE/FI009
8.66,8.66,e,STRATAGEMMA Carlo,2004,JM,U.S. FOGGIA ATL. LEGGERA,5 fi- 1,Ancona,2022-01-26,https://www.fidal.it/atleta/STRATAGEMMA-Carlo/hKuRkpWgcWQ%3D,https://www.fidal.it/societa/U-S--FOGGIA-ATL--LEGGERA/FG202
8.66,8.66,e,IBIDI Francesco moreno,2004,JM,SAFATLETICA PIEMONTE ASD,3 ba- 1,Bra,2022-01-29,https://www.fidal.it/atleta/IBIDI-Francesco-moreno/dK6Rl5akbGg%3D,https://www.fidal.it/societa/SAFATLETICA-PIEMONTE-ASD/TO226
8.67,8.67,e,PATERNOSTRO Riccardo,2003,JM,ACSI CAMPIDOGLIO PALATINO,1 ba- 1,Rieti,2022-01-15,https://www.fidal.it/atleta/PATERNOSTRO-Riccardo/f62RkpWja2k%3D,https://www.fidal.it/societa/ACSI-CAMPIDOGLIO-PALATINO/RM046
8.68,8.68,e,OHENE ADDO Randy,2003,JM,ASD INTERFLUMINA E' PIU' POMI',2 su- 1,Casalmaggiore,2022-01-09,https://www.fidal.it/atleta/OHENE-ADDO-Randy/eq6RkpWmb2Q%3D,https://www.fidal.it/societa/ASD-INTERFLUMINA-E-PIU-POMI-/CR150
8.68,8.68,e,DAL POZZO Mattia,2003,JM,ASD ATLETICA BIOTEKNA,4 fi- 1,Padova,2022-01-09,https://www.fidal.it/atleta/DAL-POZZO-Mattia/eK2RkpqmbmU%3D,https://www.fidal.it/societa/ASD-ATLETICA-BIOTEKNA/VE471
8.68,8.68,e,ZAVARESCO Giulio,2004,JM,ATLETICA MALIGNANI LIBERTAS UD,1 fi- 1,Udine,2022-02-05,https://www.fidal.it/atleta/ZAVARESCO-Giulio/eayRk5alams%3D,https://www.fidal.it/societa/ATLETICA-MALIGNANI-LIBERTAS-UD/UD030
8.68,8.68,e,BIANCHI Simone,2004,JM,ATL. BERGAMO 1959 ORIOCENTER,1 ba- 1,Bergamo,2022-02-20,https://www.fidal.it/atleta/BIANCHI-Simone/dqqRmJOiaGM%3D,https://www.fidal.it/societa/ATL--BERGAMO-1959-ORIOCENTER/BG003
8.7,8.70,e,POLINI Mattia,2003,JM,COLLECTION ATLETICA SAMBENEDET,1 fi- 1,Ancona,2022-01-08,https://www.fidal.it/atleta/POLINI-Mattia/e6qRkpWibWg%3D,https://www.fidal.it/societa/COLLECTION-ATLETICA-SAMBENEDET/AP034
8.7,8.70,e,IBIDI Francesco moreno,2004,JM,SAFATLETICA PIEMONTE ASD,3 fi- 1,Bra,2022-01-29,https://www.fidal.it/atleta/IBIDI-Francesco-moreno/dK6Rl5akbGg%3D,https://www.fidal.it/societa/SAFATLETICA-PIEMONTE-ASD/TO226
8.72,8.72,e,CLEMENTE Mattia,2003,JM,GEMONATLETICA S.R.L. DIL.,3 su- 1,Udine,2022-01-15,https://www.fidal.it/atleta/CLEMENTE-Mattia/eayRk5egbmc%3D,https://www.fidal.it/societa/GEMONATLETICA-S-R-L--DIL-/UD503
8.72,8.72,e,BARTOLINI Alexander,2003,JM,LIBERTAS ATLETICA FORLI',3 ba- 1,Ancona,2022-01-22,https://www.fidal.it/atleta/BARTOLINI-Alexander/eqAAARkpSgbWk%3D,https://www.fidal.it/societa/LIBERTAS-ATLETICA-FORLI-/FC542
8.72,8.72,e,BIANCHI Simone,2004,JM,ATL. BERGAMO 1959 ORIOCENTER,3 fi- 1,Bergamo,2022-02-20,https://www.fidal.it/atleta/BIANCHI-Simone/dqqRmJOiaGM%3D,https://www.fidal.it/societa/ATL--BERGAMO-1959-ORIOCENTER/BG003
8.73,8.73,e,CECCHET Nicolas,2003,JM,ATHLETIC CLUB FIREX BELLUNO,3 ba- 1,Padova,2022-01-09,https://www.fidal.it/atleta/CECCHET-Nicolas/eKmRlJSocGk%3D,https://www.fidal.it/societa/ATHLETIC-CLUB-FIREX-BELLUNO/BL009
8.73,8.73,e,ZULIANI Davide,2004,JM,SSD NISSOLINO SPORT SRL ASU,2 ba- 1,Rieti,2022-01-15,https://www.fidal.it/atleta/ZULIANI-Davide/f6qRkpWha2g%3D,https://www.fidal.it/societa/SSD-NISSOLINO-SPORT-SRL-ASU/RM363
8.73,8.73,e,OHENE ADDO Randy,2003,JM,ASD INTERFLUMINA E' PIU' POMI',1 su- 1,Saronno,2022-01-29,https://www.fidal.it/atleta/OHENE-ADDO-Randy/eq6RkpWmb2Q%3D,https://www.fidal.it/societa/ASD-INTERFLUMINA-E-PIU-POMI-/CR150
8.73,8.73,e,RESCALLI Luca,2003,JM,ATL.  CENTO TORRI PAVIA,2 ba- 1,Bergamo,2022-02-20,https://www.fidal.it/atleta/RESCALLI-Luca/dq2RlZekb2g%3D,https://www.fidal.it/societa/ATL--CENTO-TORRI-PAVIA/PV110
8.74,8.74,e,ZULIANI Davide,2004,JM,SSD NISSOLINO SPORT SRL ASU,7 fi- 1,Ancona,2022-01-22,https://www.fidal.it/atleta/ZULIANI-Davide/f6qRkpWha2g%3D,https://www.fidal.it/societa/SSD-NISSOLINO-SPORT-SRL-ASU/RM363
8.74,8.74,e,PANCALDI Emanuele,2004,JM,A.S.D. PONTEVECCHIO BOLOGNA,8 fi- 1,Ancona,2022-01-22,https://www.fidal.it/atleta/PANCALDI-Emanuele/eqmRkpWoamU%3D,https://www.fidal.it/societa/A-S-D--PONTEVECCHIO-BOLOGNA/BO506
8.76,8.76,e,FAIS Filippo,2003,JM,ATL. ENDAS  CESENA,2 fi- 1,Ancona,2022-01-08,https://www.fidal.it/atleta/FAIS-Filippo/equRkpOkb2g%3D,https://www.fidal.it/societa/ATL--ENDAS-CESENA/FC049
8.77,8.77,e,CORONA Simone,2004,JM,ATL-ETICA SAN VENDEMIANO,3 fi- 1,Padova,2022-01-22,https://www.fidal.it/atleta/CORONA-Simone/eKmRlJWibWY%3D,https://www.fidal.it/societa/ATL-ETICA-SAN-VENDEMIANO/TV406
8.77,8.77,e,CLEMENTE Mattia,2003,JM,GEMONATLETICA S.R.L. DIL.,4 fi- 1,Udine,2022-01-29,https://www.fidal.it/atleta/CLEMENTE-Mattia/eayRk5egbmc%3D,https://www.fidal.it/societa/GEMONATLETICA-S-R-L--DIL-/UD503
8.77,8.77,e,ZAVARESCO Giulio,2004,JM,ATLETICA MALIGNANI LIBERTAS UD,1 ba- 1,Udine,2022-02-05,https://www.fidal.it/atleta/ZAVARESCO-Giulio/eayRk5alams%3D,https://www.fidal.it/societa/ATLETICA-MALIGNANI-LIBERTAS-UD/UD030
8.77,8.77,e,GHEDINA Vittorio,2004,JM,ATLETICA MENEGHINA,3 ba- 1,Bergamo,2022-02-20,https://www.fidal.it/atleta/GHEDINA-Vittorio/eKmRlJagbGY%3D,https://www.fidal.it/societa/ATLETICA-MENEGHINA/MI770
8.78,8.78,e,FAIS Filippo,2003,JM,ATL. ENDAS  CESENA,1 ba- 1,Ancona,2022-01-08,https://www.fidal.it/atleta/FAIS-Filippo/equRkpOkb2g%3D,https://www.fidal.it/societa/ATL--ENDAS-CESENA/FC049
8.78,8.78,e,BIANCHI Simone,2004,JM,ATL. BERGAMO 1959 ORIOCENTER,2 su- 1,Casalmaggiore,2022-01-16,https://www.fidal.it/atleta/BIANCHI-Simone/dqqRmJOiaGM%3D,https://www.fidal.it/societa/ATL--BERGAMO-1959-ORIOCENTER/BG003
8.78,8.78,e,CORONA Simone,2004,JM,ATL-ETICA SAN VENDEMIANO,3 ba- 1,Padova,2022-01-22,https://www.fidal.it/atleta/CORONA-Simone/eKmRlJWibWY%3D,https://www.fidal.it/societa/ATL-ETICA-SAN-VENDEMIANO/TV406
8.79,8.79,e,POLINI Mattia,2003,JM,COLLECTION ATLETICA SAMBENEDET,2 ba- 1,Ancona,2022-01-08,https://www.fidal.it/atleta/POLINI-Mattia/e6qRkpWibWg%3D,https://www.fidal.it/societa/COLLECTION-ATLETICA-SAMBENEDET/AP034
8.79,8.79,e,PATERNOSTRO Riccardo,2003,JM,ACSI CAMPIDOGLIO PALATINO,3 fi- 1,Rieti,2022-01-30,https://www.fidal.it/atleta/PATERNOSTRO-Riccardo/f62RkpWja2k%3D,https://www.fidal.it/societa/ACSI-CAMPIDOGLIO-PALATINO/RM046
8.81,8.81,e,PANCALDI Emanuele,2004,JM,A.S.D. PONTEVECCHIO BOLOGNA,4 ba- 2,Ancona,2022-01-22,https://www.fidal.it/atleta/PANCALDI-Emanuele/eqmRkpWoamU%3D,https://www.fidal.it/societa/A-S-D--PONTEVECCHIO-BOLOGNA/BO506
8.81,8.81,e,INGEGNOLI Francesco,2004,JM,ATL BRUGNERA PN FRIULINTAGLI,4 fi- 1,Padova,2022-01-22,https://www.fidal.it/atleta/INGEGNOLI-Francesco/eaqRk5OjcWQ%3D,https://www.fidal.it/societa/ATL-BRUGNERA-PN-FRIULINTAGLI/PN039
8.81,8.81,e,DI BENEDETTO Matteo,2004,JM,TEAM-A LOMBARDIA,2 su- 1,Saronno,2022-01-29,https://www.fidal.it/atleta/DI-BENEDETTO-Matteo/dq2RlZWnaGM%3D,https://www.fidal.it/societa/TEAM-A-LOMBARDIA/MI774
8.81,8.81,e,RESCALLI Luca,2003,JM,ATL.  CENTO TORRI PAVIA,4 fi- 1,Bergamo,2022-02-20,https://www.fidal.it/atleta/RESCALLI-Luca/dq2RlZekb2g%3D,https://www.fidal.it/societa/ATL--CENTO-TORRI-PAVIA/PV110
8.82,8.82,e,COLOMBO Davide,2003,JM,ATL. LECCO-COLOMBO COSTRUZ.,2 su- 1,Bergamo,2022-01-16,https://www.fidal.it/atleta/COLOMBO-Davide/dquRkpugcWM%3D,https://www.fidal.it/societa/ATL--LECCO-COLOMBO-COSTRUZ-/CO208
8.82,8.82,e,VICERE' Vincenzo,2004,JM,LIBERTAS AMATORI ATLETICA LEGG,2 su- 1,Napoli,2022-02-12,https://www.fidal.it/atleta/VICERE-Vincenzo/gKqRkpOjbmg%3D,https://www.fidal.it/societa/LIBERTAS-AMATORI-ATLETICA-LEGG/BN800
8.83,8.83,e,ZAVARESCO Giulio,2004,JM,ATLETICA MALIGNANI LIBERTAS UD,4 su- 1,Udine,2022-01-15,https://www.fidal.it/atleta/ZAVARESCO-Giulio/eayRk5alams%3D,https://www.fidal.it/societa/ATLETICA-MALIGNANI-LIBERTAS-UD/UD030
8.83,8.83,e,COMPARINI Matteo,2003,JM,TOSCANA ATLETICA FUTURA,6 fi- 1,Padova,2022-01-29,https://www.fidal.it/atleta/COMPARINI-Matteo/faqRkpembmg%3D,https://www.fidal.it/societa/TOSCANA-ATLETICA-FUTURA/FI018
8.84,8.84,e,BIANCHI Simone,2004,JM,ATL. BERGAMO 1959 ORIOCENTER,3 su- 1,Bergamo,2022-01-09,https://www.fidal.it/atleta/BIANCHI-Simone/dqqRmJOiaGM%3D,https://www.fidal.it/societa/ATL--BERGAMO-1959-ORIOCENTER/BG003
8.84,8.84,e,GHEDINA Vittorio,2004,JM,ATLETICA MENEGHINA,5 fi- 1,Bergamo,2022-02-20,https://www.fidal.it/atleta/GHEDINA-Vittorio/eKmRlJagbGY%3D,https://www.fidal.it/societa/ATLETICA-MENEGHINA/MI770
8.85,8.85,e,CLEMENTE Mattia,2003,JM,GEMONATLETICA S.R.L. DIL.,4 ba- 1,Udine,2022-01-29,https://www.fidal.it/atleta/CLEMENTE-Mattia/eayRk5egbmc%3D,https://www.fidal.it/societa/GEMONATLETICA-S-R-L--DIL-/UD503
8.85,8.85,e,COMPARINI Matteo,2003,JM,TOSCANA ATLETICA FUTURA,5 ba- 1,Padova,2022-01-29,https://www.fidal.it/atleta/COMPARINI-Matteo/faqRkpembmg%3D,https://www.fidal.it/societa/TOSCANA-ATLETICA-FUTURA/FI018
8.85,8.85,e,COMPARINI Matteo,2003,JM,TOSCANA ATLETICA FUTURA,2 ba- 1,Firenze,2022-01-30,https://www.fidal.it/atleta/COMPARINI-Matteo/faqRkpembmg%3D,https://www.fidal.it/societa/TOSCANA-ATLETICA-FUTURA/FI018
8.86,8.86,e,INGEGNOLI Francesco,2004,JM,ATL BRUGNERA PN FRIULINTAGLI,4 ba- 1,Padova,2022-01-22,https://www.fidal.it/atleta/INGEGNOLI-Francesco/eaqRk5OjcWQ%3D,https://www.fidal.it/societa/ATL-BRUGNERA-PN-FRIULINTAGLI/PN039
8.87,8.87,e,INGEGNOLI Francesco,2004,JM,ATL BRUGNERA PN FRIULINTAGLI,5 su- 1,Udine,2022-01-15,https://www.fidal.it/atleta/INGEGNOLI-Francesco/eaqRk5OjcWQ%3D,https://www.fidal.it/societa/ATL-BRUGNERA-PN-FRIULINTAGLI/PN039
8.87,8.87,e,ZULIANI Davide,2004,JM,SSD NISSOLINO SPORT SRL ASU,4 ba- 1,Ancona,2022-01-22,https://www.fidal.it/atleta/ZULIANI-Davide/f6qRkpWha2g%3D,https://www.fidal.it/societa/SSD-NISSOLINO-SPORT-SRL-ASU/RM363
8.87,8.87,e,SEMPRINI Gian maria,2004,JM,G.S. ATLETICA 75 CATTOLICA,6 fi- 1,Ancona,2022-01-26,https://www.fidal.it/atleta/SEMPRINI-Gian-maria/erORkpWgaGc%3D,https://www.fidal.it/societa/G-S--ATLETICA-75-CATTOLICA/RN037
8.87,8.87,e,DI BENEDETTO Matteo,2004,JM,TEAM-A LOMBARDIA,1 su- 1,Saronno,2022-01-29,https://www.fidal.it/atleta/DI-BENEDETTO-Matteo/dq2RlZWnaGM%3D,https://www.fidal.it/societa/TEAM-A-LOMBARDIA/MI774
8.87,8.87,e,BORTOLAZZI Luca,2004,JM,C.U.S. VERONA SEZ. ATLETICA,2 se- 1,Padova,2022-02-13,https://www.fidal.it/atleta/BORTOLAZZI-Luca/eKAAARkpuga2s%3D,https://www.fidal.it/societa/C-U-S--VERONA-SEZ--ATLETICA/VR825
8.87,8.87,e,PIRCHER David,2003,JM,ASV S.V. LANA - RAIKA,2 se- 3,Padova,2022-03-13,https://www.fidal.it/atleta/PIRCHER-David/iaiRk5WobGo%3D,https://www.fidal.it/societa/ASV-S-V--LANA-RAIKA/BZ011
8.88,8.88,e,CORONA Simone,2004,JM,ATL-ETICA SAN VENDEMIANO,1 ba- 2,Padova,2022-01-09,https://www.fidal.it/atleta/CORONA-Simone/eKmRlJWibWY%3D,https://www.fidal.it/societa/ATL-ETICA-SAN-VENDEMIANO/TV406
8.88,8.88,e,SEMPRINI Gian maria,2004,JM,G.S. ATLETICA 75 CATTOLICA,5 ba- 1,Ancona,2022-01-22,https://www.fidal.it/atleta/SEMPRINI-Gian-maria/erORkpWgaGc%3D,https://www.fidal.it/societa/G-S--ATLETICA-75-CATTOLICA/RN037
8.88,8.88,e,INGEGNOLI Francesco,2004,JM,ATL BRUGNERA PN FRIULINTAGLI,5 fi- 1,Udine,2022-01-29,https://www.fidal.it/atleta/INGEGNOLI-Francesco/eaqRk5OjcWQ%3D,https://www.fidal.it/societa/ATL-BRUGNERA-PN-FRIULINTAGLI/PN039
8.88,8.88,e,CLEMENTE Mattia,2003,JM,GEMONATLETICA S.R.L. DIL.,6 ba- 3,Ancona,2022-02-06,https://www.fidal.it/atleta/CLEMENTE-Mattia/eayRk5egbmc%3D,https://www.fidal.it/societa/GEMONATLETICA-S-R-L--DIL-/UD503
8.89,8.89,e,CORONA Simone,2004,JM,ATL-ETICA SAN VENDEMIANO,3 se- 1,Padova,2022-02-13,https://www.fidal.it/atleta/CORONA-Simone/eKmRlJWibWY%3D,https://www.fidal.it/societa/ATL-ETICA-SAN-VENDEMIANO/TV406
8.9,8.90,e,SEMPRINI Gian maria,2004,JM,G.S. ATLETICA 75 CATTOLICA,3 fi- 1,Ancona,2022-01-08,https://www.fidal.it/atleta/SEMPRINI-Gian-maria/erORkpWgaGc%3D,https://www.fidal.it/societa/G-S--ATLETICA-75-CATTOLICA/RN037
8.91,8.91,e,BIANCHI Simone,2004,JM,ATL. BERGAMO 1959 ORIOCENTER,3 su- 1,Bergamo,2022-01-09,https://www.fidal.it/atleta/BIANCHI-Simone/dqqRmJOiaGM%3D,https://www.fidal.it/societa/ATL--BERGAMO-1959-ORIOCENTER/BG003
8.91,8.91,e,NEGRO Antonio,1976,SM45,A.S.D. ATLETICA MASTER TRIESTE,1 su- 1,Ancona,2022-02-12,https://www.fidal.it/atleta/NEGRO-Antonio/haiRkpalbWU%3D,https://www.fidal.it/societa/A-S-D--ATLETICA-MASTER-TRIESTE/TS546
8.92,8.92,e,ZULIANI Davide,2004,JM,SSD NISSOLINO SPORT SRL ASU,2 fi- 1,Rieti,2022-01-15,https://www.fidal.it/atleta/ZULIANI-Davide/f6qRkpWha2g%3D,https://www.fidal.it/societa/SSD-NISSOLINO-SPORT-SRL-ASU/RM363
8.92,8.92,e,POLINI Mattia,2003,JM,COLLECTION ATLETICA SAMBENEDET,1 se- 2,Padova,2022-03-13,https://www.fidal.it/atleta/POLINI-Mattia/e6qRkpWibWg%3D,https://www.fidal.it/societa/COLLECTION-ATLETICA-SAMBENEDET/AP034
8.92,8.92,e,DI CRESCENZO Damiano,2004,JM,ATLETICA ARCOBALENO SAVONA,4 fi- 1,Parma,2022-12-17,https://www.fidal.it/atleta/DI-CRESCENZO-Damiano/dayRkpOgbGM%3D,https://www.fidal.it/societa/ATLETICA-ARCOBALENO-SAVONA/SV070
8.93,8.93,e,DADDIEGO Matteo,2004,JM,ACSI CAMPIDOGLIO PALATINO,6 ba- 1,Ancona,2022-01-22,https://www.fidal.it/atleta/DADDIEGO-Matteo/f6yRk5Kmamg%3D,https://www.fidal.it/societa/ACSI-CAMPIDOGLIO-PALATINO/RM046
8.93,8.93,e,PANCALDI Emanuele,2004,JM,A.S.D. PONTEVECCHIO BOLOGNA,2 se- 1,Rieti,2022-01-29,https://www.fidal.it/atleta/PANCALDI-Emanuele/eqmRkpWoamU%3D,https://www.fidal.it/societa/A-S-D--PONTEVECCHIO-BOLOGNA/BO506
8.94,8.94,e,MONTEFALCONE Guglielmo,2004,JM,SPORT RACE S.S.D. A R.L.,2 se- 1,Rieti,2022-01-29,https://www.fidal.it/atleta/MONTEFALCONE-Guglielmo/f6yRlJOlaGM%3D,https://www.fidal.it/societa/SPORT-RACE-S-S-D--A-R-L-/RM243
8.94,8.94,e,NIAGU Nicola benjamin,2003,JM,PROSPORT ATL. FIRENZE,7 se- 1,Padova,2022-03-13,https://www.fidal.it/atleta/NIAGU-Nicola-benjamin/faqRkpmoaWY%3D,https://www.fidal.it/societa/PROSPORT-ATL--FIRENZE/FI009
8.94,8.94,e,GERI Alessio,2003,JM,PISTOIATLETICA 1983,4 ba- 1,Parma,2022-12-17,https://www.fidal.it/atleta/GERI-Alessio/fbGRkpOoaGY%3D,https://www.fidal.it/societa/PISTOIATLETICA-1983/PT115
8.95,8.95,e,MONTEFALCONE Guglielmo,2004,JM,SPORT RACE S.S.D. A R.L.,4 se- 1,Padova,2022-02-13,https://www.fidal.it/atleta/MONTEFALCONE-Guglielmo/f6yRlJOlaGM%3D,https://www.fidal.it/societa/SPORT-RACE-S-S-D--A-R-L-/RM243
8.95,8.95,e,GERI Alessio,2003,JM,PISTOIATLETICA 1983,5 fi- 1,Parma,2022-12-17,https://www.fidal.it/atleta/GERI-Alessio/fbGRkpOoaGY%3D,https://www.fidal.it/societa/PISTOIATLETICA-1983/PT115
8.96,8.96,e,SEMPRINI Gian maria,2004,JM,G.S. ATLETICA 75 CATTOLICA,3 ba- 1,Ancona,2022-01-08,https://www.fidal.it/atleta/SEMPRINI-Gian-maria/erORkpWgaGc%3D,https://www.fidal.it/societa/G-S--ATLETICA-75-CATTOLICA/RN037
8.96,8.96,e,INGEGNOLI Francesco,2004,JM,ATL BRUGNERA PN FRIULINTAGLI,5 ba- 1,Udine,2022-01-29,https://www.fidal.it/atleta/INGEGNOLI-Francesco/eaqRk5OjcWQ%3D,https://www.fidal.it/societa/ATL-BRUGNERA-PN-FRIULINTAGLI/PN039
8.96,8.96,e,ZULIANI Davide,2004,JM,SSD NISSOLINO SPORT SRL ASU,2 se- 2,Padova,2022-03-13,https://www.fidal.it/atleta/ZULIANI-Davide/f6qRkpWha2g%3D,https://www.fidal.it/societa/SSD-NISSOLINO-SPORT-SRL-ASU/RM363
8.96,8.96,e,MONTEFALCONE Guglielmo,2004,JM,SPORT RACE S.S.D. A R.L.,3 se- 2,Padova,2022-03-13,https://www.fidal.it/atleta/MONTEFALCONE-Guglielmo/f6yRlJOlaGM%3D,https://www.fidal.it/societa/SPORT-RACE-S-S-D--A-R-L-/RM243
8.97,8.97,e,CORONA Simone,2004,JM,ATL-ETICA SAN VENDEMIANO,5 fi- 1,Padova,2022-01-09,https://www.fidal.it/atleta/CORONA-Simone/eKmRlJWibWY%3D,https://www.fidal.it/societa/ATL-ETICA-SAN-VENDEMIANO/TV406
8.97,8.97,e,CARRARA Matteo,2004,JM,BERGAMO STARS ATLETICA,7 fi- 1,Padova,2022-01-29,https://www.fidal.it/atleta/CARRARA-Matteo/dqmRmJOmbWM%3D,https://www.fidal.it/societa/BERGAMO-STARS-ATLETICA/BG795
8.97,8.97,e,DI CRESCENZO Damiano,2004,JM,ATLETICA ARCOBALENO SAVONA,1 ba- 2,Parma,2022-12-17,https://www.fidal.it/atleta/DI-CRESCENZO-Damiano/dayRkpOgbGM%3D,https://www.fidal.it/societa/ATLETICA-ARCOBALENO-SAVONA/SV070
8.98,8.98,e,ZULIANI Davide,2004,JM,SSD NISSOLINO SPORT SRL ASU,1 se- 2,Rieti,2022-01-29,https://www.fidal.it/atleta/ZULIANI-Davide/f6qRkpWha2g%3D,https://www.fidal.it/societa/SSD-NISSOLINO-SPORT-SRL-ASU/RM363
8.99,8.99,e,CORONA Simone,2004,JM,ATL-ETICA SAN VENDEMIANO,4 se- 2,Padova,2022-03-13,https://www.fidal.it/atleta/CORONA-Simone/eKmRlJWibWY%3D,https://www.fidal.it/societa/ATL-ETICA-SAN-VENDEMIANO/TV406
9.0,9.00,e,DAL POZZO Mattia,2003,JM,ASD ATLETICA BIOTEKNA,2 ba- 2,Padova,2022-01-09,https://www.fidal.it/atleta/DAL-POZZO-Mattia/eK2RkpqmbmU%3D,https://www.fidal.it/societa/ASD-ATLETICA-BIOTEKNA/VE471
9.0,9.00,e,DADDIEGO Matteo,2004,JM,ACSI CAMPIDOGLIO PALATINO,3 ba- 1,Rieti,2022-01-15,https://www.fidal.it/atleta/DADDIEGO-Matteo/f6yRk5Kmamg%3D,https://www.fidal.it/societa/ACSI-CAMPIDOGLIO-PALATINO/RM046
9.0,9.00,e,MICHALKO Alessandro,2003,JM,FORTI E LIBERI MONZA 1878 ASD,1 se- 2,Bergamo,2022-01-30,https://www.fidal.it/atleta/MICHALKO-Alessandro/dq2RlZihcGM%3D,https://www.fidal.it/societa/FORTI-E-LIBERI-MONZA-1878-ASD/MI903
9.0,9.00,e,DADDIEGO Matteo,2004,JM,ACSI CAMPIDOGLIO PALATINO,4 fi- 1,Rieti,2022-01-30,https://www.fidal.it/atleta/DADDIEGO-Matteo/f6yRk5Kmamg%3D,https://www.fidal.it/societa/ACSI-CAMPIDOGLIO-PALATINO/RM046
9.0,9.00,e,PANCALDI Emanuele,2004,JM,A.S.D. PONTEVECCHIO BOLOGNA,5 se- 1,Padova,2022-02-13,https://www.fidal.it/atleta/PANCALDI-Emanuele/eqmRkpWoamU%3D,https://www.fidal.it/societa/A-S-D--PONTEVECCHIO-BOLOGNA/BO506
9.0,9.00,e,BELLANOVA Emanuele francesco,2004,JM,ATLETICA VERCELLI 78,3 se- 3,Padova,2022-03-13,https://www.fidal.it/atleta/BELLANOVA-Emanuele-francesco/dKAAARlJOobWc%3D,https://www.fidal.it/societa/ATLETICA-VERCELLI-78/VC004
9.01,9.01,e,MERLO Giovanni,2003,JM,ASSOCIAZIONE ATLETICA N.E.VI.,2 ba- 2,Padova,2022-01-29,https://www.fidal.it/atleta/MERLO-Giovanni/eKqRkpejcWQ%3D,https://www.fidal.it/societa/ASSOCIAZIONE-ATLETICA-N-E-VI-/VI623
9.03,9.03,e,FALUGIANI Niccolo',2004,JM,PROSPORT ATL. FIRENZE,1 ba- 2,Firenze,2022-01-30,https://www.fidal.it/atleta/FALUGIANI-Niccolo-/faqRkpqob2U%3D,https://www.fidal.it/societa/PROSPORT-ATL--FIRENZE/FI009
9.03,9.03,e,GERI Alessio,2003,JM,PISTOIATLETICA 1983,2 fi- 1,Firenze,2022-01-30,https://www.fidal.it/atleta/GERI-Alessio/fbGRkpOoaGY%3D,https://www.fidal.it/societa/PISTOIATLETICA-1983/PT115
9.04,9.04,e,ARTUSO Amos,2004,JM,G.A. BASSANO,4 ba- 1,Padova,2022-01-09,https://www.fidal.it/atleta/ARTUSO-Amos/eK6Rk5OgbGw%3D,https://www.fidal.it/societa/G-A--BASSANO/VI614
9.04,9.04,e,CITTERIO Paolo,1975,SM45,DAINI CARATE BRIANZA,3 se- 1,Braga,2022-02-25,https://www.fidal.it/atleta/CITTERIO-Paolo/dq2RkpOmcWs%3D,https://www.fidal.it/societa/DAINI-CARATE-BRIANZA/MI095
9.05,9.05,e,MERLO Giovanni,2003,JM,ASSOCIAZIONE ATLETICA N.E.VI.,8 fi- 1,Padova,2022-01-29,https://www.fidal.it/atleta/MERLO-Giovanni/eKqRkpejcWQ%3D,https://www.fidal.it/societa/ASSOCIAZIONE-ATLETICA-N-E-VI-/VI623
9.06,9.06,e,DI MUZIO Dimitri,2003,JM,POLISPORTIVA MOLISE CAMPOBASSO,3 su- 1,Napoli,2022-02-12,https://www.fidal.it/atleta/DI-MUZIO-Dimitri/g6mRkpKmbmM%3D,https://www.fidal.it/societa/POLISPORTIVA-MOLISE-CAMPOBASSO/CB006
9.07,9.07,e,CARRARA Matteo,2004,JM,BERGAMO STARS ATLETICA,3 su- 1,Bergamo,2022-02-13,https://www.fidal.it/atleta/CARRARA-Matteo/dqmRmJOmbWM%3D,https://www.fidal.it/societa/BERGAMO-STARS-ATLETICA/BG795
9.1,9.10,e,SEMPRINI Gian maria,2004,JM,G.S. ATLETICA 75 CATTOLICA,6 ba- 1,Ancona,2022-01-26,https://www.fidal.it/atleta/SEMPRINI-Gian-maria/erORkpWgaGc%3D,https://www.fidal.it/societa/G-S--ATLETICA-75-CATTOLICA/RN037
9.12,9.12,e,GHEDINA Vittorio,2004,JM,ATLETICA MENEGHINA,3 se- 3,Bergamo,2022-01-30,https://www.fidal.it/atleta/GHEDINA-Vittorio/eKmRlJagbGY%3D,https://www.fidal.it/societa/ATLETICA-MENEGHINA/MI770
9.12,9.12,e,MICHALKO Alessandro,2003,JM,FORTI E LIBERI MONZA 1878 ASD,1 su- 1,Saronno,2022-02-06,https://www.fidal.it/atleta/MICHALKO-Alessandro/dq2RlZihcGM%3D,https://www.fidal.it/societa/FORTI-E-LIBERI-MONZA-1878-ASD/MI903
9.13,9.13,e,SALIS Lorenzo,2004,JM,ATL.STUD. RIETI ANDREA MILARDI,2 fi- 1,Rieti,2022-01-22,https://www.fidal.it/atleta/SALIS-Lorenzo/f6yRlJekaWk%3D,https://www.fidal.it/societa/ATL-STUD--RIETI-ANDREA-MILARDI/RI223
9.14,9.14,e,DADDIEGO Matteo,2004,JM,ACSI CAMPIDOGLIO PALATINO,3 fi- 1,Rieti,2022-01-15,https://www.fidal.it/atleta/DADDIEGO-Matteo/f6yRk5Kmamg%3D,https://www.fidal.it/societa/ACSI-CAMPIDOGLIO-PALATINO/RM046
9.14,9.14,e,CINCO Luca,2004,JM,ATL. O.S.A. SARONNO LIB.,4 se- 3,Bergamo,2022-01-30,https://www.fidal.it/atleta/CINCO-Luca/drKRkpqgamw%3D,https://www.fidal.it/societa/ATL--O-S-A--SARONNO-LIB-/VA119
9.15,9.15,e,CARRARA Matteo,2004,JM,BERGAMO STARS ATLETICA,3 su- 1,Bergamo,2022-01-16,https://www.fidal.it/atleta/CARRARA-Matteo/dqmRmJOmbWM%3D,https://www.fidal.it/societa/BERGAMO-STARS-ATLETICA/BG795
9.15,9.15,e,TERRENI Valerio,1978,SM40,ASD PONTEDERA ATLETICA,2 se- 1,Braga,2022-02-25,https://www.fidal.it/atleta/TERRENI-Valerio/faAAARkpOibGU%3D,https://www.fidal.it/societa/ASD-PONTEDERA-ATLETICA/PI144
9.16,9.16,e,CARRARA Matteo,2004,JM,BERGAMO STARS ATLETICA,4 su- 1,Bergamo,2022-01-09,https://www.fidal.it/atleta/CARRARA-Matteo/dqmRmJOmbWM%3D,https://www.fidal.it/societa/BERGAMO-STARS-ATLETICA/BG795
9.16,9.16,e,ARTUSO Amos,2004,JM,G.A. BASSANO,6 fi- 1,Padova,2022-01-09,https://www.fidal.it/atleta/ARTUSO-Amos/eK6Rk5OgbGw%3D,https://www.fidal.it/societa/G-A--BASSANO/VI614
9.16,9.16,e,SCOLARI Samuele luca,2004,JM,ASD INTERFLUMINA E' PIU' POMI',4 ba- 1,Bergamo,2022-02-20,https://www.fidal.it/atleta/SCOLARI-Samuele-luca/dqyRl5Kkamc%3D,https://www.fidal.it/societa/ASD-INTERFLUMINA-E-PIU-POMI-/CR150
9.17,9.17,e,CARRARA Matteo,2004,JM,BERGAMO STARS ATLETICA,3 su- 1,Bergamo,2022-01-16,https://www.fidal.it/atleta/CARRARA-Matteo/dqmRmJOmbWM%3D,https://www.fidal.it/societa/BERGAMO-STARS-ATLETICA/BG795
9.17,9.17,e,FALUGIANI Niccolo',2004,JM,PROSPORT ATL. FIRENZE,3 fi- 1,Firenze,2022-01-30,https://www.fidal.it/atleta/FALUGIANI-Niccolo-/faqRkpqob2U%3D,https://www.fidal.it/societa/PROSPORT-ATL--FIRENZE/FI009
9.17,9.17,e,CINCO Luca,2004,JM,ATL. O.S.A. SARONNO LIB.,4 se- 3,Padova,2022-03-13,https://www.fidal.it/atleta/CINCO-Luca/drKRkpqgamw%3D,https://www.fidal.it/societa/ATL--O-S-A--SARONNO-LIB-/VA119
9.18,9.18,e,MARCATO Lorenzo,2004,JM,ATLETICA LIB. S.A.N.P.,7 fi- 1,Padova,2022-01-09,https://www.fidal.it/atleta/MARCATO-Lorenzo/eKqRkpiocGg%3D,https://www.fidal.it/societa/ATLETICA-LIB--S-A-N-P-/PD146
9.19,9.19,e,ERBA Gabriele angelo,2004,JM,PRO SESTO ATL.,5 su- 1,Bergamo,2022-01-23,https://www.fidal.it/atleta/ERBA-Gabriele-angelo/dq2Rl5WkcGY%3D,https://www.fidal.it/societa/PRO-SESTO-ATL-/MI089
9.19,9.19,e,MARC Luca,2003,JM,ATLETICA VERCELLI 78,4 ba- 1,Bra,2022-01-29,https://www.fidal.it/atleta/MARC-Luca/dKyRlJqia2U%3D,https://www.fidal.it/societa/ATLETICA-VERCELLI-78/VC004
9.2,9.20,e,COMPARINI Matteo,2003,JM,TOSCANA ATLETICA FUTURA,1 se- 1,Firenze,2022-02-13,https://www.fidal.it/atleta/COMPARINI-Matteo/faqRkpembmg%3D,https://www.fidal.it/societa/TOSCANA-ATLETICA-FUTURA/FI018
9.2,9.20,e,VICERE' Vincenzo,2004,JM,LIBERTAS AMATORI ATLETICA LEGG,5 se- 2,Padova,2022-03-13,https://www.fidal.it/atleta/VICERE-Vincenzo/gKqRkpOjbmg%3D,https://www.fidal.it/societa/LIBERTAS-AMATORI-ATLETICA-LEGG/BN800
9.21,9.21,e,CARRARA Matteo,2004,JM,BERGAMO STARS ATLETICA,6 ba- 1,Padova,2022-01-29,https://www.fidal.it/atleta/CARRARA-Matteo/dqmRmJOmbWM%3D,https://www.fidal.it/societa/BERGAMO-STARS-ATLETICA/BG795
9.22,9.22,e,DEL PEZZO Ruben,2004,JM,A.S.D. ATL. AGROPOLI,3 su- 1,Napoli,2022-01-15,https://www.fidal.it/atleta/DEL-PEZZO-Ruben/gK2RkpWjamc%3D,https://www.fidal.it/societa/A-S-D--ATL--AGROPOLI/SA128
9.22,9.22,e,ERBA Gabriele angelo,2004,JM,PRO SESTO ATL.,6 se- 1,Padova,2022-02-13,https://www.fidal.it/atleta/ERBA-Gabriele-angelo/dq2Rl5WkcGY%3D,https://www.fidal.it/societa/PRO-SESTO-ATL-/MI089
9.22,9.22,e,SARTORI Marco nicola,2004,JM,LAGARINA CRUS TEAM,2 ba- 2,Parma,2022-12-17,https://www.fidal.it/atleta/SARTORI-Marco-nicola/d6iRk5ikaWU%3D,https://www.fidal.it/societa/LAGARINA-CRUS-TEAM/TN131
9.23,9.23,e,PANCALDI Emanuele,2004,JM,A.S.D. PONTEVECCHIO BOLOGNA,6 se- 2,Padova,2022-03-13,https://www.fidal.it/atleta/PANCALDI-Emanuele/eqmRkpWoamU%3D,https://www.fidal.it/societa/A-S-D--PONTEVECCHIO-BOLOGNA/BO506
9.24,9.24,e,SCOLARI Samuele luca,2004,JM,ASD INTERFLUMINA E' PIU' POMI',2 fi- 2,Bergamo,2022-02-20,https://www.fidal.it/atleta/SCOLARI-Samuele-luca/dqyRl5Kkamc%3D,https://www.fidal.it/societa/ASD-INTERFLUMINA-E-PIU-POMI-/CR150
9.24,9.24,e,BORTOLAZZI Luca,2004,JM,C.U.S. VERONA SEZ. ATLETICA,7 se- 2,Padova,2022-03-13,https://www.fidal.it/atleta/BORTOLAZZI-Luca/eKAAARkpuga2s%3D,https://www.fidal.it/societa/C-U-S--VERONA-SEZ--ATLETICA/VR825
9.25,9.25,e,MICHALKO Alessandro,2003,JM,FORTI E LIBERI MONZA 1878 ASD,1 su- 1,Saronno,2022-02-06,https://www.fidal.it/atleta/MICHALKO-Alessandro/dq2RlZihcGM%3D,https://www.fidal.it/societa/FORTI-E-LIBERI-MONZA-1878-ASD/MI903
9.27,9.27,e,MERLO Giovanni,2003,JM,ASSOCIAZIONE ATLETICA N.E.VI.,5 fi- 1,Padova,2022-01-22,https://www.fidal.it/atleta/MERLO-Giovanni/eKqRkpejcWQ%3D,https://www.fidal.it/societa/ASSOCIAZIONE-ATLETICA-N-E-VI-/VI623
9.28,9.28,e,MERLO Giovanni,2003,JM,ASSOCIAZIONE ATLETICA N.E.VI.,1 ba- 2,Padova,2022-01-22,https://www.fidal.it/atleta/MERLO-Giovanni/eKqRkpejcWQ%3D,https://www.fidal.it/societa/ASSOCIAZIONE-ATLETICA-N-E-VI-/VI623
9.28,9.28,e,SALIS Lorenzo,2004,JM,ATL.STUD. RIETI ANDREA MILARDI,2 se- 2,Rieti,2022-01-29,https://www.fidal.it/atleta/SALIS-Lorenzo/f6yRlJekaWk%3D,https://www.fidal.it/societa/ATL-STUD--RIETI-ANDREA-MILARDI/RI223
9.28,9.28,e,SARTORI Marco nicola,2004,JM,LAGARINA CRUS TEAM,6 fi- 1,Parma,2022-12-17,https://www.fidal.it/atleta/SARTORI-Marco-nicola/d6iRk5ikaWU%3D,https://www.fidal.it/societa/LAGARINA-CRUS-TEAM/TN131
9.29,9.29,e,NALDINI Simone,2004,JM,PROSPORT ATL. FIRENZE,3 ba- 1,Firenze,2022-01-30,https://www.fidal.it/atleta/NALDINI-Simone/faqRkpqncWg%3D,https://www.fidal.it/societa/PROSPORT-ATL--FIRENZE/FI009
9.29,9.29,e,CARRARA Matteo,2004,JM,BERGAMO STARS ATLETICA,3 su- 1,Bergamo,2022-02-13,https://www.fidal.it/atleta/CARRARA-Matteo/dqmRmJOmbWM%3D,https://www.fidal.it/societa/BERGAMO-STARS-ATLETICA/BG795
9.31,9.31,e,CORDERA Lorenzo,2004,JM,A.S. ATL. STRAMBINO,5 se- 3,Bergamo,2022-01-30,https://www.fidal.it/atleta/CORDERA-Lorenzo/dK6RlpWna2Q%3D,https://www.fidal.it/societa/A-S--ATL--STRAMBINO/TO177
9.32,9.32,e,GERI Alessio,2003,JM,PISTOIATLETICA 1983,4 ba- 1,Firenze,2022-01-30,https://www.fidal.it/atleta/GERI-Alessio/fbGRkpOoaGY%3D,https://www.fidal.it/societa/PISTOIATLETICA-1983/PT115
9.32,9.32,e,SEVESO Matteo,2003,JM,VARESE ATLETICA A.S.D.,3 fi- 2,Bergamo,2022-02-20,https://www.fidal.it/atleta/SEVESO-Matteo/drKRk5anb2c%3D,https://www.fidal.it/societa/VARESE-ATLETICA-A-S-D-/VA918
9.33,9.33,e,SALIS Lorenzo,2004,JM,ATL.STUD. RIETI ANDREA MILARDI,4 fi- 1,Rieti,2022-01-15,https://www.fidal.it/atleta/SALIS-Lorenzo/f6yRlJekaWk%3D,https://www.fidal.it/societa/ATL-STUD--RIETI-ANDREA-MILARDI/RI223
9.34,9.34,e,MARCATO Lorenzo,2004,JM,ATLETICA LIB. S.A.N.P.,3 ba- 2,Padova,2022-01-09,https://www.fidal.it/atleta/MARCATO-Lorenzo/eKqRkpiocGg%3D,https://www.fidal.it/societa/ATLETICA-LIB--S-A-N-P-/PD146
9.35,9.35,e,ERBA Gabriele angelo,2004,JM,PRO SESTO ATL.,5 su- 1,Bergamo,2022-01-23,https://www.fidal.it/atleta/ERBA-Gabriele-angelo/dq2Rl5WkcGY%3D,https://www.fidal.it/societa/PRO-SESTO-ATL-/MI089
9.36,9.36,e,CARRARA Matteo,2004,JM,BERGAMO STARS ATLETICA,4 su- 1,Bergamo,2022-01-09,https://www.fidal.it/atleta/CARRARA-Matteo/dqmRmJOmbWM%3D,https://www.fidal.it/societa/BERGAMO-STARS-ATLETICA/BG795
9.37,9.37,e,MARC Luca,2003,JM,ATLETICA VERCELLI 78,4 fi- 1,Bra,2022-01-29,https://www.fidal.it/atleta/MARC-Luca/dKyRlJqia2U%3D,https://www.fidal.it/societa/ATLETICA-VERCELLI-78/VC004
9.39,9.39,e,SANTINI Alessio,2004,JM,SPORT RACE S.S.D. A R.L.,5 se- 3,Padova,2022-03-13,https://www.fidal.it/atleta/SANTINI-Alessio/f6yRkpuobmU%3D,https://www.fidal.it/societa/SPORT-RACE-S-S-D--A-R-L-/RM243
9.4,9.40,e,FINCO Andrea,2003,JM,ATL.VICENTINA,6 fi- 1,Padova,2022-01-22,https://www.fidal.it/atleta/FINCO-Andrea/eK6Rkpmibmo%3D,https://www.fidal.it/societa/ATL-VICENTINA/VI626
9.4,9.40,e,SEVESO Matteo,2003,JM,VARESE ATLETICA A.S.D.,5 ba- 1,Bergamo,2022-02-20,https://www.fidal.it/atleta/SEVESO-Matteo/drKRk5anb2c%3D,https://www.fidal.it/societa/VARESE-ATLETICA-A-S-D-/VA918
9.42,9.42,e,BORTOLAZZI Luca,2004,JM,C.U.S. VERONA SEZ. ATLETICA,2 ba- 2,Padova,2022-01-22,https://www.fidal.it/atleta/BORTOLAZZI-Luca/eKAAARkpuga2s%3D,https://www.fidal.it/societa/C-U-S--VERONA-SEZ--ATLETICA/VR825
9.44,9.44,e,SALIS Lorenzo,2004,JM,ATL.STUD. RIETI ANDREA MILARDI,4 ba- 1,Rieti,2022-01-15,https://www.fidal.it/atleta/SALIS-Lorenzo/f6yRlJekaWk%3D,https://www.fidal.it/societa/ATL-STUD--RIETI-ANDREA-MILARDI/RI223
9.45,9.45,e,ERBA Gabriele angelo,2004,JM,PRO SESTO ATL.,6 se- 3,Padova,2022-03-13,https://www.fidal.it/atleta/ERBA-Gabriele-angelo/dq2Rl5WkcGY%3D,https://www.fidal.it/societa/PRO-SESTO-ATL-/MI089
9.46,9.46,e,CUTAIA Mario,2004,JM,CENTRO ATLETICA PIOMBINO,1 se- 1,Bergamo,2022-01-30,https://www.fidal.it/atleta/CUTAIA-Mario/fayRkpifaGo%3D,https://www.fidal.it/societa/CENTRO-ATLETICA-PIOMBINO/LI038
9.48,9.48,e,SANTINI Alessio,2004,JM,SPORT RACE S.S.D. A R.L.,3 se- 2,Rieti,2022-01-29,https://www.fidal.it/atleta/SANTINI-Alessio/f6yRkpuobmU%3D,https://www.fidal.it/societa/SPORT-RACE-S-S-D--A-R-L-/RM243
9.49,9.49,e,CITTERIO Lorenzo,2004,JM,ATHLETIC CLUB FIREX BELLUNO,3 ba- 2,Padova,2022-01-29,https://www.fidal.it/atleta/CITTERIO-Lorenzo/eKmRlJWkbWw%3D,https://www.fidal.it/societa/ATHLETIC-CLUB-FIREX-BELLUNO/BL009
9.49,9.49,e,LOMBARDI Tommaso,2004,JM,SAFATLETICA PIEMONTE ASD,1 se- 2,Padova,2022-02-13,https://www.fidal.it/atleta/LOMBARDI-Tommaso/dK6Rl5Shb2s%3D,https://www.fidal.it/societa/SAFATLETICA-PIEMONTE-ASD/TO226
9.5,9.50,e,GRAMIGNA Cosimo,2003,JM,ATLETICA FIRENZE MARATHON S.S.,1 se- 2,Firenze,2022-02-13,https://www.fidal.it/atleta/GRAMIGNA-Cosimo/faqRkpmlbWw%3D,https://www.fidal.it/societa/ATLETICA-FIRENZE-MARATHON-S-S-/FI002
9.5,9.50,e,DE LIO Nicolo',2003,JM,A.S.D. ATL. FOSSANO '75,2 se- 2,Padova,2022-02-13,https://www.fidal.it/atleta/DE-LIO-Nicolo-/dKyRlJSia2k%3D,https://www.fidal.it/societa/A-S-D--ATL--FOSSANO-75/CN001
9.51,9.51,e,MARCHESE Gabriele,2004,JM,BRIXIA ATLETICA 2014 SSD SRL,4 ba- 2,Padova,2022-01-29,https://www.fidal.it/atleta/MARCHESE-Gabriele/dqqRmJWmamM%3D,https://www.fidal.it/societa/BRIXIA-ATLETICA-2014-SSD-SRL/BS786
9.53,9.53,e,CERRI Federico,2003,JM,FORTI E LIBERI MONZA 1878 ASD,2 su- 1,Saronno,2022-02-06,https://www.fidal.it/atleta/CERRI-Federico/dq2RmpmlbmM%3D,https://www.fidal.it/societa/FORTI-E-LIBERI-MONZA-1878-ASD/MI903
9.57,9.57,e,FINCO Andrea,2003,JM,ATL.VICENTINA,5 ba- 2,Padova,2022-01-29,https://www.fidal.it/atleta/FINCO-Andrea/eK6Rkpmibmo%3D,https://www.fidal.it/societa/ATL-VICENTINA/VI626
9.58,9.58,e,SALIS Lorenzo,2004,JM,ATL.STUD. RIETI ANDREA MILARDI,3 ba- 1,Rieti,2022-01-22,https://www.fidal.it/atleta/SALIS-Lorenzo/f6yRlJekaWk%3D,https://www.fidal.it/societa/ATL-STUD--RIETI-ANDREA-MILARDI/RI223
9.58,9.58,e,DADDIEGO Matteo,2004,JM,ACSI CAMPIDOGLIO PALATINO,4 ba- 1,Rieti,2022-01-30,https://www.fidal.it/atleta/DADDIEGO-Matteo/f6yRk5Kmamg%3D,https://www.fidal.it/societa/ACSI-CAMPIDOGLIO-PALATINO/RM046
9.6,9.60,e,FINCO Andrea,2003,JM,ATL.VICENTINA,3 ba- 2,Padova,2022-01-22,https://www.fidal.it/atleta/FINCO-Andrea/eK6Rkpmibmo%3D,https://www.fidal.it/societa/ATL-VICENTINA/VI626
9.61,9.61,e,STASIO Filippo,2004,JM,SPORT RACE S.S.D. A R.L.,7 se- 3,Padova,2022-03-13,https://www.fidal.it/atleta/STASIO-Filippo/f6yRk5KjbGQ%3D,https://www.fidal.it/societa/SPORT-RACE-S-S-D--A-R-L-/RM243
9.63,9.63,e,CERRI Federico,2003,JM,FORTI E LIBERI MONZA 1878 ASD,2 su- 1,Saronno,2022-02-06,https://www.fidal.it/atleta/CERRI-Federico/dq2RmpmlbmM%3D,https://www.fidal.it/societa/FORTI-E-LIBERI-MONZA-1878-ASD/MI903
9.63,9.63,e,CANUZZI Giuseppe,1986,SM35,ATLETICA GROSSETO BANCA TEMA,2 su- 1,Ancona,2022-02-12,https://www.fidal.it/atleta/CANUZZI-Giuseppe/faiRlJSobWY%3D,https://www.fidal.it/societa/ATLETICA-GROSSETO-BANCA-TEMA/GR065
9.64,9.64,e,FERRINI Giulio,2004,JM,UISP ATLETICA SIENA,4 fi- 1,Firenze,2022-01-30,https://www.fidal.it/atleta/FERRINI-Giulio/fbKRkpSib2o%3D,https://www.fidal.it/societa/UISP-ATLETICA-SIENA/SI043
9.65,9.65,e,PUTERIO Leonardo angelo,2004,JM,CENTRO ATLETICA PIOMBINO,2 se- 1,Firenze,2022-02-13,https://www.fidal.it/atleta/PUTERIO-Leonardo-angelo/fayRkpika2o%3D,https://www.fidal.it/societa/CENTRO-ATLETICA-PIOMBINO/LI038
9.67,9.67,e,FERRINI Giulio,2004,JM,UISP ATLETICA SIENA,2 ba- 2,Firenze,2022-01-30,https://www.fidal.it/atleta/FERRINI-Giulio/fbKRkpSib2o%3D,https://www.fidal.it/societa/UISP-ATLETICA-SIENA/SI043
9.68,9.68,e,OSTROUKH Nikita,2004,JM,SSD NISSOLINO SPORT SRL ASU,5 ba- 2,Ancona,2022-01-22,https://www.fidal.it/atleta/OSTROUKH-Nikita/f6qRkpWoamg%3D,https://www.fidal.it/societa/SSD-NISSOLINO-SPORT-SRL-ASU/RM363
9.68,9.68,e,CORONA Simone,2004,JM,ATL-ETICA SAN VENDEMIANO,2 se- 2,Bergamo,2022-01-30,https://www.fidal.it/atleta/CORONA-Simone/eKmRlJWibWY%3D,https://www.fidal.it/societa/ATL-ETICA-SAN-VENDEMIANO/TV406
9.71,9.71,e,CITTERIO Lorenzo,2004,JM,ATHLETIC CLUB FIREX BELLUNO,8 fi- 1,Padova,2022-01-09,https://www.fidal.it/atleta/CITTERIO-Lorenzo/eKmRlJWkbWw%3D,https://www.fidal.it/societa/ATHLETIC-CLUB-FIREX-BELLUNO/BL009
9.71,9.71,e,PAIS Samuele,2004,JM,ASD ATLETICA  PRATO,3 se- 2,Bergamo,2022-01-30,https://www.fidal.it/atleta/PAIS-Samuele/fbORkpKncGU%3D,https://www.fidal.it/societa/ASD-ATLETICA-PRATO/PO149
9.73,9.73,e,BONINO Davide,2004,JM,A.S. ATL. STRAMBINO,6 se- 3,Bergamo,2022-01-30,https://www.fidal.it/atleta/BONINO-Davide/dK6RlZuoaWQ%3D,https://www.fidal.it/societa/A-S--ATL--STRAMBINO/TO177
9.73,9.73,e,SONGA Marco,2004,JM,ATL. RICCARDI MILANO 1946,3 su- 1,Saronno,2022-02-06,https://www.fidal.it/atleta/SONGA-Marco/dq2RmZmoa2M%3D,https://www.fidal.it/societa/ATL--RICCARDI-MILANO-1946/MI080
9.74,9.74,e,FALUGIANI Niccolo',2004,JM,PROSPORT ATL. FIRENZE,3 se- 1,Firenze,2022-02-13,https://www.fidal.it/atleta/FALUGIANI-Niccolo-/faqRkpqob2U%3D,https://www.fidal.it/societa/PROSPORT-ATL--FIRENZE/FI009
9.75,9.75,e,SONGA Marco,2004,JM,ATL. RICCARDI MILANO 1946,4 su- 1,Bergamo,2022-01-16,https://www.fidal.it/atleta/SONGA-Marco/dq2RmZmoa2M%3D,https://www.fidal.it/societa/ATL--RICCARDI-MILANO-1946/MI080
9.76,9.76,e,STASIO Filippo,2004,JM,SPORT RACE S.S.D. A R.L.,3 se- 1,Rieti,2022-01-29,https://www.fidal.it/atleta/STASIO-Filippo/f6yRk5KjbGQ%3D,https://www.fidal.it/societa/SPORT-RACE-S-S-D--A-R-L-/RM243
9.77,9.77,e,MARCHESE Gabriele,2004,JM,BRIXIA ATLETICA 2014 SSD SRL,3 su- 1,Casalmaggiore,2022-01-09,https://www.fidal.it/atleta/MARCHESE-Gabriele/dqqRmJWmamM%3D,https://www.fidal.it/societa/BRIXIA-ATLETICA-2014-SSD-SRL/BS786
9.79,9.79,e,BARBARI Francesco,2004,JM,VFGROUP ATLETICA SANTA LUCIA,3 se- 2,Padova,2022-02-13,https://www.fidal.it/atleta/BARBARI-Francesco/eKyRk5SoaWQ%3D,https://www.fidal.it/societa/VFGROUP-ATLETICA-SANTA-LUCIA/TV393
9.8,9.80,e,GHIBAUDO Gioele,2004,JM,A.S.D. ATL. FOSSANO '75,4 se- 2,Padova,2022-02-13,https://www.fidal.it/atleta/GHIBAUDO-Gioele/dKyRlZOobmY%3D,https://www.fidal.it/societa/A-S-D--ATL--FOSSANO-75/CN001
9.83,9.83,e,SONGA Marco,2004,JM,ATL. RICCARDI MILANO 1946,6 su- 1,Bergamo,2022-01-23,https://www.fidal.it/atleta/SONGA-Marco/dq2RmZmoa2M%3D,https://www.fidal.it/societa/ATL--RICCARDI-MILANO-1946/MI080
9.87,9.87,e,MARCHESE Gabriele,2004,JM,BRIXIA ATLETICA 2014 SSD SRL,3 su- 1,Casalmaggiore,2022-01-09,https://www.fidal.it/atleta/MARCHESE-Gabriele/dqqRmJWmamM%3D,https://www.fidal.it/societa/BRIXIA-ATLETICA-2014-SSD-SRL/BS786
9.87,9.87,e,CITTERIO Lorenzo,2004,JM,ATHLETIC CLUB FIREX BELLUNO,4 ba- 2,Padova,2022-01-09,https://www.fidal.it/atleta/CITTERIO-Lorenzo/eKmRlJWkbWw%3D,https://www.fidal.it/societa/ATHLETIC-CLUB-FIREX-BELLUNO/BL009
9.87,9.87,e,SONGA Marco,2004,JM,ATL. RICCARDI MILANO 1946,3 su- 1,Saronno,2022-02-06,https://www.fidal.it/atleta/SONGA-Marco/dq2RmZmoa2M%3D,https://www.fidal.it/societa/ATL--RICCARDI-MILANO-1946/MI080
9.9,9.90,e,BOERO Pietro,2004,JM,ATLETICA CASTELL'ALFERO T.F.R.,5 se- 2,Padova,2022-02-13,https://www.fidal.it/atleta/BOERO-Pietro/dKuRk5ifaWM%3D,https://www.fidal.it/societa/ATLETICA-CASTELL-ALFERO-T-F-R-/AT012
9.92,9.92,e,CERRI Federico,2003,JM,FORTI E LIBERI MONZA 1878 ASD,4 se- 2,Bergamo,2022-01-30,https://www.fidal.it/atleta/CERRI-Federico/dq2RmpmlbmM%3D,https://www.fidal.it/societa/FORTI-E-LIBERI-MONZA-1878-ASD/MI903
9.93,9.93,e,SONGA Marco,2004,JM,ATL. RICCARDI MILANO 1946,6 su- 1,Bergamo,2022-01-23,https://www.fidal.it/atleta/SONGA-Marco/dq2RmZmoa2M%3D,https://www.fidal.it/societa/ATL--RICCARDI-MILANO-1946/MI080
9.95,9.95,e,NALDINI Simone,2004,JM,PROSPORT ATL. FIRENZE,5 fi- 1,Firenze,2022-01-30,https://www.fidal.it/atleta/NALDINI-Simone/faqRkpqncWg%3D,https://www.fidal.it/societa/PROSPORT-ATL--FIRENZE/FI009
9.97,9.97,e,PUTERIO Leonardo angelo,2004,JM,CENTRO ATLETICA PIOMBINO,2 se- 1,Bergamo,2022-01-30,https://www.fidal.it/atleta/PUTERIO-Leonardo-angelo/fayRkpika2o%3D,https://www.fidal.it/societa/CENTRO-ATLETICA-PIOMBINO/LI038
9.98,9.98,e,PAOLI Tommaso,2003,JM,PISTOIATLETICA 1983,3 ba- 2,Firenze,2022-01-30,https://www.fidal.it/atleta/PAOLI-Tommaso/fbGRkpOncWs%3D,https://www.fidal.it/societa/PISTOIATLETICA-1983/PT115
9.99,9.99,e,PAIS Samuele,2004,JM,ASD ATLETICA  PRATO,5 ba- 1,Padova,2022-01-09,https://www.fidal.it/atleta/PAIS-Samuele/fbORkpKncGU%3D,https://www.fidal.it/societa/ASD-ATLETICA-PRATO/PO149
10.07,10.07,e,BORTOLAMI Filippo,2004,JM,ATLETICA LIB. S.A.N.P.,7 fi- 1,Padova,2022-01-22,https://www.fidal.it/atleta/BORTOLAMI-Filippo/eKqRkpqka2c%3D,https://www.fidal.it/societa/ATLETICA-LIB--S-A-N-P-/PD146
10.09,10.09,e,SONGA Marco,2004,JM,ATL. RICCARDI MILANO 1946,4 su- 1,Bergamo,2022-01-16,https://www.fidal.it/atleta/SONGA-Marco/dq2RmZmoa2M%3D,https://www.fidal.it/societa/ATL--RICCARDI-MILANO-1946/MI080
10.1,10.10,e,PILERI Giacomo,2004,JM,ASSI GIGLIO ROSSO FIRENZE,4 ba- 2,Firenze,2022-01-30,https://www.fidal.it/atleta/PILERI-Giacomo/faqRk5eia2M%3D,https://www.fidal.it/societa/ASSI-GIGLIO-ROSSO-FIRENZE/FI001
10.22,10.22,e,BORTOLAMI Filippo,2004,JM,ATLETICA LIB. S.A.N.P.,4 ba- 2,Padova,2022-01-22,https://www.fidal.it/atleta/BORTOLAMI-Filippo/eKqRkpqka2c%3D,https://www.fidal.it/societa/ATLETICA-LIB--S-A-N-P-/PD146
10.4,10.40,e,PAOLI Tommaso,2003,JM,PISTOIATLETICA 1983,2 se- 2,Firenze,2022-02-13,https://www.fidal.it/atleta/PAOLI-Tommaso/fbGRkpOncWs%3D,https://www.fidal.it/societa/PISTOIATLETICA-1983/PT115
10.4,10.40,e,BIONDI Filippo,1983,SM35,ASS. DILETT. GRUMOLO,1 su- 1,Padova,2022-03-05,https://www.fidal.it/atleta/BIONDI-Filippo/h6iRlJOhcWo%3D,https://www.fidal.it/societa/ASS--DILETT--GRUMOLO/VI679
10.5,10.50,e,LAURETANI Fabrizio,1979,SM40,A.S.D EDUCARE CON IL MOVIMENTO,1 su- 1,Ancona,2022-02-12,https://www.fidal.it/atleta/LAURETANI-Fabrizio/fqiRkpOhcGY%3D,https://www.fidal.it/societa/A-S-D-EDUCARE-CON-IL-MOVIMENTO/PG089
10.55,10.55,e,PERUCH Filippo,2003,JM,VITTORIO ATLETICA,6 ba- 2,Padova,2022-01-29,https://www.fidal.it/atleta/PERUCH-Filippo/eKyRkpufa2w%3D,https://www.fidal.it/societa/VITTORIO-ATLETICA/TV409
10.69,10.69,e,GIOTTI Federico,1980,SM40,ATL. RUN FINALE LIGURE,4 se- 2,Braga,2022-02-25,https://www.fidal.it/atleta/GIOTTI-Federico/daiRkpmiaGU%3D,https://www.fidal.it/societa/ATL--RUN-FINALE-LIGURE/SV023
11.02,11.02,e,LONGO Marco,1974,SM45,A.S.D. TEAM TREVISO,1 se- 1,Padova,2022-03-05,https://www.fidal.it/atleta/LONGO-Marco/eKyRk5Ofbmc%3D,https://www.fidal.it/societa/A-S-D--TEAM-TREVISO/TV398
11.26,11.26,e,MANA Cristiano,1980,SM40,A.S.D. ATL. FOSSANO '75,2 su- 1,Ancona,2022-02-12,https://www.fidal.it/atleta/MANA-Cristiano/dKyRlJqga2Y%3D,https://www.fidal.it/societa/A-S-D--ATL--FOSSANO-75/CN001
11.66,11.66,e,GUZZI Mattia,1983,SM35,N.ATL. FANFULLA LODIGIANA,3 su- 1,Ancona,2022-02-12,https://www.fidal.it/atleta/GUZZI-Mattia/dq2RkpWmbmM%3D,https://www.fidal.it/societa/N-ATL--FANFULLA-LODIGIANA/MI218
12.2,12.20,e,MIOTTI Daniele,1973,SM45,ATLETICA EDILMARKET SANDRIN,2 se- 1,Padova,2022-03-05,https://www.fidal.it/atleta/MIOTTI-Daniele/eaqRkpulb2c%3D,https://www.fidal.it/societa/ATLETICA-EDILMARKET-SANDRIN/PN528
12.28,12.28,e,CITTERIO Paolo,1975,SM45,DAINI CARATE BRIANZA,2 su- 1,Ancona,2022-02-12,https://www.fidal.it/atleta/CITTERIO-Paolo/dq2RkpOmcWs%3D,https://www.fidal.it/societa/DAINI-CARATE-BRIANZA/MI095
12.44,12.44,e,ZANETTI Paolo,1977,SM45,A.S.D. ATLETICA CINQUE CERCHI,3 se- 1,Padova,2022-03-05,https://www.fidal.it/atleta/ZANETTI-Paolo/eq2RkpOlcGM%3D,https://www.fidal.it/societa/A-S-D--ATLETICA-CINQUE-CERCHI/PC461
7.76,7.76,e,DENTATO Damiano,2004,JM,ATL.STUD. RIETI ANDREA MILARDI,1 fi- 1,Lievin,2023-03-11,https://www.fidal.it/atleta/DENTATO-Damiano/f62RkpenaWU%3D,https://www.fidal.it/societa/ATL-STUD--RIETI-ANDREA-MILARDI/RI223
7.79,7.79,e,DENTATO Damiano,2004,JM,ATL.STUD. RIETI ANDREA MILARDI,1 sf- 1,Lievin,2023-03-11,https://www.fidal.it/atleta/DENTATO-Damiano/f62RkpenaWU%3D,https://www.fidal.it/societa/ATL-STUD--RIETI-ANDREA-MILARDI/RI223
7.8,7.80,e,DENTATO Damiano,2004,JM,ATL.STUD. RIETI ANDREA MILARDI,1 sf- 1,Ancona,2023-02-05,https://www.fidal.it/atleta/DENTATO-Damiano/f62RkpenaWU%3D,https://www.fidal.it/societa/ATL-STUD--RIETI-ANDREA-MILARDI/RI223
7.83,7.83,e,DENTATO Damiano,2004,JM,ATL.STUD. RIETI ANDREA MILARDI,1 fi- 1,Ancona,2023-02-05,https://www.fidal.it/atleta/DENTATO-Damiano/f62RkpenaWU%3D,https://www.fidal.it/societa/ATL-STUD--RIETI-ANDREA-MILARDI/RI223
7.85,7.85,e,DENTATO Damiano,2004,JM,ATL.STUD. RIETI ANDREA MILARDI,1 ba- 4,Ancona,2023-02-05,https://www.fidal.it/atleta/DENTATO-Damiano/f62RkpenaWU%3D,https://www.fidal.it/societa/ATL-STUD--RIETI-ANDREA-MILARDI/RI223
7.93,7.93,e,MULAS Oliver,2004,JM,ASD MAURINA OLIO CARLI,5 fi- 1,Lievin,2023-03-11,https://www.fidal.it/atleta/MULAS-Oliver/daqRkpOkaWM%3D,https://www.fidal.it/societa/ASD-MAURINA-OLIO-CARLI/IM029
7.94,7.94,e,MULAS Oliver,2004,JM,ASD MAURINA OLIO CARLI,4 sf- 1,Lievin,2023-03-11,https://www.fidal.it/atleta/MULAS-Oliver/daqRkpOkaWM%3D,https://www.fidal.it/societa/ASD-MAURINA-OLIO-CARLI/IM029
7.97,7.97,e,MULAS Oliver,2004,JM,ASD MAURINA OLIO CARLI,1 fi- 1,Padova,2023-01-28,https://www.fidal.it/atleta/MULAS-Oliver/daqRkpOkaWM%3D,https://www.fidal.it/societa/ASD-MAURINA-OLIO-CARLI/IM029
7.97,7.97,e,OKOLUKU Daniel oliseh,2004,JM,C.B.A. CINISELLO BALSAMO ATL.,1 sf- 3,Ancona,2023-02-05,https://www.fidal.it/atleta/OKOLUKU-Daniel-oliseh/dq2RlpakbWo%3D,https://www.fidal.it/societa/C-B-A--CINISELLO-BALSAMO-ATL-/MI307
7.97,7.97,e,OKOLUKU Daniel oliseh,2004,JM,C.B.A. CINISELLO BALSAMO ATL.,1 fi- 1,Bergamo,2023-02-12,https://www.fidal.it/atleta/OKOLUKU-Daniel-oliseh/dq2RlpakbWo%3D,https://www.fidal.it/societa/C-B-A--CINISELLO-BALSAMO-ATL-/MI307
7.99,7.99,e,MULAS Oliver,2004,JM,ASD MAURINA OLIO CARLI,1 fi- 1,Parma,2023-01-21,https://www.fidal.it/atleta/MULAS-Oliver/daqRkpOkaWM%3D,https://www.fidal.it/societa/ASD-MAURINA-OLIO-CARLI/IM029
7.99,7.99,e,MULAS Oliver,2004,JM,ASD MAURINA OLIO CARLI,2 fi- 1,Ancona,2023-02-05,https://www.fidal.it/atleta/MULAS-Oliver/daqRkpOkaWM%3D,https://www.fidal.it/societa/ASD-MAURINA-OLIO-CARLI/IM029
7.99,7.99,e,TRIOLO Tommaso,2005,JM,G.S. FIAMME ORO PADOVA,3 fi- 1,Ancona,2023-02-05,https://www.fidal.it/atleta/TRIOLO-Tommaso/eKqRkpaocWk%3D,https://www.fidal.it/societa/G-S--FIAMME-ORO-PADOVA/PD131
8.0,8.00,e,TRIOLO Tommaso,2005,JM,G.S. FIAMME ORO PADOVA,1 ba- 1,Padova,2023-01-08,https://www.fidal.it/atleta/TRIOLO-Tommaso/eKqRkpaocWk%3D,https://www.fidal.it/societa/G-S--FIAMME-ORO-PADOVA/PD131
8.0,8.00,e,CARUGATI Alessandro,2004,JM,ATL. O.S.A. SARONNO LIB.,2 sf- 3,Ancona,2023-02-05,https://www.fidal.it/atleta/CARUGATI-Alessandro/drKRk5WiaGU%3D,https://www.fidal.it/societa/ATL--O-S-A--SARONNO-LIB-/VA119
8.0,8.00,e,BRESOLIN Manuel,2004,JM,TREVISATLETICA,4 fi- 1,Ancona,2023-02-05,https://www.fidal.it/atleta/BRESOLIN-Manuel/eKyRk5iocGc%3D,https://www.fidal.it/societa/TREVISATLETICA/TV354
8.01,8.01,e,TRIOLO Tommaso,2005,JM,G.S. FIAMME ORO PADOVA,1 ba- 1,Padova,2023-01-21,https://www.fidal.it/atleta/TRIOLO-Tommaso/eKqRkpaocWk%3D,https://www.fidal.it/societa/G-S--FIAMME-ORO-PADOVA/PD131
8.01,8.01,e,NONINO Alberto,2004,JM,ATLETICA MALIGNANI LIBERTAS UD,5 fi- 1,Ancona,2023-02-05,https://www.fidal.it/atleta/NONINO-Alberto/eayRk5alamo%3D,https://www.fidal.it/societa/ATLETICA-MALIGNANI-LIBERTAS-UD/UD030
8.02,8.02,e,GHEDINA Vittorio,2004,JM,ATLETICA MENEGHINA,1 ba- 2,Ancona,2023-02-05,https://www.fidal.it/atleta/GHEDINA-Vittorio/eKmRlJagbGY%3D,https://www.fidal.it/societa/ATLETICA-MENEGHINA/MI770
8.03,8.03,e,MULAS Oliver,2004,JM,ASD MAURINA OLIO CARLI,1 fi- 1,Modena,2023-01-14,https://www.fidal.it/atleta/MULAS-Oliver/daqRkpOkaWM%3D,https://www.fidal.it/societa/ASD-MAURINA-OLIO-CARLI/IM029
8.03,8.03,e,OKOLUKU Daniel oliseh,2004,JM,C.B.A. CINISELLO BALSAMO ATL.,1 ba- 5,Ancona,2023-02-05,https://www.fidal.it/atleta/OKOLUKU-Daniel-oliseh/dq2RlpakbWo%3D,https://www.fidal.it/societa/C-B-A--CINISELLO-BALSAMO-ATL-/MI307
8.03,8.03,e,TRIOLO Tommaso,2005,JM,G.S. FIAMME ORO PADOVA,1 sf- 2,Ancona,2023-02-05,https://www.fidal.it/atleta/TRIOLO-Tommaso/eKqRkpaocWk%3D,https://www.fidal.it/societa/G-S--FIAMME-ORO-PADOVA/PD131
8.04,8.04,e,DENTATO Damiano,2004,JM,ATL.STUD. RIETI ANDREA MILARDI,1 fi- 1,Rieti,2023-01-08,https://www.fidal.it/atleta/DENTATO-Damiano/f62RkpenaWU%3D,https://www.fidal.it/societa/ATL-STUD--RIETI-ANDREA-MILARDI/RI223
8.04,8.04,e,GHEDINA Vittorio,2004,JM,ATLETICA MENEGHINA,2 sf- 2,Ancona,2023-02-05,https://www.fidal.it/atleta/GHEDINA-Vittorio/eKmRlJagbGY%3D,https://www.fidal.it/societa/ATLETICA-MENEGHINA/MI770
8.05,8.05,e,MULAS Oliver,2004,JM,ASD MAURINA OLIO CARLI,1 ba- 1,Parma,2023-01-21,https://www.fidal.it/atleta/MULAS-Oliver/daqRkpOkaWM%3D,https://www.fidal.it/societa/ASD-MAURINA-OLIO-CARLI/IM029
8.05,8.05,e,BRESOLIN Manuel,2004,JM,TREVISATLETICA,1 fi- 1,Padova,2023-01-21,https://www.fidal.it/atleta/BRESOLIN-Manuel/eKyRk5iocGc%3D,https://www.fidal.it/societa/TREVISATLETICA/TV354
8.05,8.05,e,TRIOLO Tommaso,2005,JM,G.S. FIAMME ORO PADOVA,2 fi- 1,Padova,2023-01-21,https://www.fidal.it/atleta/TRIOLO-Tommaso/eKqRkpaocWk%3D,https://www.fidal.it/societa/G-S--FIAMME-ORO-PADOVA/PD131
8.05,8.05,e,NONINO Alberto,2004,JM,ATLETICA MALIGNANI LIBERTAS UD,2 ba- 4,Ancona,2023-02-05,https://www.fidal.it/atleta/NONINO-Alberto/eayRk5alamo%3D,https://www.fidal.it/societa/ATLETICA-MALIGNANI-LIBERTAS-UD/UD030
8.06,8.06,e,DENTATO Damiano,2004,JM,ATL.STUD. RIETI ANDREA MILARDI,1 ba- 1,Rieti,2023-01-08,https://www.fidal.it/atleta/DENTATO-Damiano/f62RkpenaWU%3D,https://www.fidal.it/societa/ATL-STUD--RIETI-ANDREA-MILARDI/RI223
8.06,8.06,e,MULAS Oliver,2004,JM,ASD MAURINA OLIO CARLI,1 ba- 1,Ancona,2023-02-05,https://www.fidal.it/atleta/MULAS-Oliver/daqRkpOkaWM%3D,https://www.fidal.it/societa/ASD-MAURINA-OLIO-CARLI/IM029
8.07,8.07,e,TRIOLO Tommaso,2005,JM,G.S. FIAMME ORO PADOVA,1 fi- 1,Padova,2023-01-08,https://www.fidal.it/atleta/TRIOLO-Tommaso/eKqRkpaocWk%3D,https://www.fidal.it/societa/G-S--FIAMME-ORO-PADOVA/PD131
8.07,8.07,e,NONINO Alberto,2004,JM,ATLETICA MALIGNANI LIBERTAS UD,2 sf- 1,Ancona,2023-02-05,https://www.fidal.it/atleta/NONINO-Alberto/eayRk5alamo%3D,https://www.fidal.it/societa/ATLETICA-MALIGNANI-LIBERTAS-UD/UD030
8.08,8.08,e,NONINO Alberto,2004,JM,ATLETICA MALIGNANI LIBERTAS UD,2 ba- 1,Padova,2023-01-21,https://www.fidal.it/atleta/NONINO-Alberto/eayRk5alamo%3D,https://www.fidal.it/societa/ATLETICA-MALIGNANI-LIBERTAS-UD/UD030
8.08,8.08,e,OKOLUKU Daniel oliseh,2004,JM,C.B.A. CINISELLO BALSAMO ATL.,2 ba- 1,Parma,2023-01-21,https://www.fidal.it/atleta/OKOLUKU-Daniel-oliseh/dq2RlpakbWo%3D,https://www.fidal.it/societa/C-B-A--CINISELLO-BALSAMO-ATL-/MI307
8.08,8.08,e,NONINO Alberto,2004,JM,ATLETICA MALIGNANI LIBERTAS UD,3 fi- 1,Padova,2023-01-21,https://www.fidal.it/atleta/NONINO-Alberto/eayRk5alamo%3D,https://www.fidal.it/societa/ATLETICA-MALIGNANI-LIBERTAS-UD/UD030
8.08,8.08,e,NONINO Alberto,2004,JM,ATLETICA MALIGNANI LIBERTAS UD,1 se- 1,Padova,2023-03-12,https://www.fidal.it/atleta/NONINO-Alberto/eayRk5alamo%3D,https://www.fidal.it/societa/ATLETICA-MALIGNANI-LIBERTAS-UD/UD030
8.09,8.09,e,MULAS Oliver,2004,JM,ASD MAURINA OLIO CARLI,1 ba- 1,Padova,2023-01-28,https://www.fidal.it/atleta/MULAS-Oliver/daqRkpOkaWM%3D,https://www.fidal.it/societa/ASD-MAURINA-OLIO-CARLI/IM029
8.09,8.09,e,OKOLUKU Daniel oliseh,2004,JM,C.B.A. CINISELLO BALSAMO ATL.,1 ba- 1,Bergamo,2023-02-12,https://www.fidal.it/atleta/OKOLUKU-Daniel-oliseh/dq2RlpakbWo%3D,https://www.fidal.it/societa/C-B-A--CINISELLO-BALSAMO-ATL-/MI307
8.1,8.10,e,MULAS Oliver,2004,JM,ASD MAURINA OLIO CARLI,2 fi- 1,Rieti,2023-01-08,https://www.fidal.it/atleta/MULAS-Oliver/daqRkpOkaWM%3D,https://www.fidal.it/societa/ASD-MAURINA-OLIO-CARLI/IM029
8.1,8.10,e,GHEDINA Vittorio,2004,JM,ATLETICA MENEGHINA,1 ba- 1,Ancona,2023-01-14,https://www.fidal.it/atleta/GHEDINA-Vittorio/eKmRlJagbGY%3D,https://www.fidal.it/societa/ATLETICA-MENEGHINA/MI770
8.1,8.10,e,CARUGATI Alessandro,2004,JM,ATL. O.S.A. SARONNO LIB.,2 se- 1,Padova,2023-03-12,https://www.fidal.it/atleta/CARUGATI-Alessandro/drKRk5WiaGU%3D,https://www.fidal.it/societa/ATL--O-S-A--SARONNO-LIB-/VA119
8.11,8.11,e,OKOLUKU Daniel oliseh,2004,JM,C.B.A. CINISELLO BALSAMO ATL.,1 fi- 1,Saronno,2023-01-08,https://www.fidal.it/atleta/OKOLUKU-Daniel-oliseh/dq2RlpakbWo%3D,https://www.fidal.it/societa/C-B-A--CINISELLO-BALSAMO-ATL-/MI307
8.11,8.11,e,MULAS Oliver,2004,JM,ASD MAURINA OLIO CARLI,1 ba- 1,Modena,2023-01-14,https://www.fidal.it/atleta/MULAS-Oliver/daqRkpOkaWM%3D,https://www.fidal.it/societa/ASD-MAURINA-OLIO-CARLI/IM029
8.11,8.11,e,GHEDINA Vittorio,2004,JM,ATLETICA MENEGHINA,1 fi- 1,Ancona,2023-01-14,https://www.fidal.it/atleta/GHEDINA-Vittorio/eKmRlJagbGY%3D,https://www.fidal.it/societa/ATLETICA-MENEGHINA/MI770
8.11,8.11,e,OKOLUKU Daniel oliseh,2004,JM,C.B.A. CINISELLO BALSAMO ATL.,2 fi- 1,Parma,2023-01-21,https://www.fidal.it/atleta/OKOLUKU-Daniel-oliseh/dq2RlpakbWo%3D,https://www.fidal.it/societa/C-B-A--CINISELLO-BALSAMO-ATL-/MI307
8.11,8.11,e,BRESOLIN Manuel,2004,JM,TREVISATLETICA,3 sf- 1,Ancona,2023-02-05,https://www.fidal.it/atleta/BRESOLIN-Manuel/eKyRk5iocGc%3D,https://www.fidal.it/societa/TREVISATLETICA/TV354
8.11,8.11,e,MULAS Oliver,2004,JM,ASD MAURINA OLIO CARLI,3 sf- 3,Ancona,2023-02-05,https://www.fidal.it/atleta/MULAS-Oliver/daqRkpOkaWM%3D,https://www.fidal.it/societa/ASD-MAURINA-OLIO-CARLI/IM029
8.12,8.12,e,BRESOLIN Manuel,2004,JM,TREVISATLETICA,2 fi- 1,Padova,2023-01-28,https://www.fidal.it/atleta/BRESOLIN-Manuel/eKyRk5iocGc%3D,https://www.fidal.it/societa/TREVISATLETICA/TV354
8.13,8.13,e,MULAS Oliver,2004,JM,ASD MAURINA OLIO CARLI,2 ba- 1,Rieti,2023-01-08,https://www.fidal.it/atleta/MULAS-Oliver/daqRkpOkaWM%3D,https://www.fidal.it/societa/ASD-MAURINA-OLIO-CARLI/IM029
8.14,8.14,e,MELLANO Lorenzo,2004,JM,A.S.D. ATL. FOSSANO '75,1 se- 1,Ancona,2023-01-15,https://www.fidal.it/atleta/MELLANO-Lorenzo/dKyRlJigbGY%3D,https://www.fidal.it/societa/A-S-D--ATL--FOSSANO-75/CN001
8.14,8.14,e,BRESOLIN Manuel,2004,JM,TREVISATLETICA,2 ba- 5,Ancona,2023-02-05,https://www.fidal.it/atleta/BRESOLIN-Manuel/eKyRk5iocGc%3D,https://www.fidal.it/societa/TREVISATLETICA/TV354
8.15,8.15,e,BRESOLIN Manuel,2004,JM,TREVISATLETICA,2 ba- 1,Padova,2023-01-28,https://www.fidal.it/atleta/BRESOLIN-Manuel/eKyRk5iocGc%3D,https://www.fidal.it/societa/TREVISATLETICA/TV354
8.15,8.15,e,CARUGATI Alessandro,2004,JM,ATL. O.S.A. SARONNO LIB.,1 se- 1,Bergamo,2023-01-29,https://www.fidal.it/atleta/CARUGATI-Alessandro/drKRk5WiaGU%3D,https://www.fidal.it/societa/ATL--O-S-A--SARONNO-LIB-/VA119
8.15,8.15,e,TRIOLO Tommaso,2005,JM,G.S. FIAMME ORO PADOVA,1 ba- 3,Ancona,2023-02-05,https://www.fidal.it/atleta/TRIOLO-Tommaso/eKqRkpaocWk%3D,https://www.fidal.it/societa/G-S--FIAMME-ORO-PADOVA/PD131
8.16,8.16,e,GHEDINA Vittorio,2004,JM,ATLETICA MENEGHINA,1 ba- 2,Bergamo,2023-01-08,https://www.fidal.it/atleta/GHEDINA-Vittorio/eKmRlJagbGY%3D,https://www.fidal.it/societa/ATLETICA-MENEGHINA/MI770
8.17,8.17,e,OKOLUKU Daniel oliseh,2004,JM,C.B.A. CINISELLO BALSAMO ATL.,1 ba- 2,Saronno,2023-01-08,https://www.fidal.it/atleta/OKOLUKU-Daniel-oliseh/dq2RlpakbWo%3D,https://www.fidal.it/societa/C-B-A--CINISELLO-BALSAMO-ATL-/MI307
8.17,8.17,e,ARCIDIACONO Daniele,2004,JM,U.S. FOGGIA ATL. LEGGERA,1 fi- 1,Ancona,2023-01-28,https://www.fidal.it/atleta/ARCIDIACONO-Daniele/hKuRkpSkbGQ%3D,https://www.fidal.it/societa/U-S--FOGGIA-ATL--LEGGERA/FG202
8.17,8.17,e,LANZINI Daniele,2005,JM,CENTRO OLIMPIA PIATEDA,1 ba- 2,Saronno,2023-01-29,https://www.fidal.it/atleta/LANZINI-Daniele/drGRkpOncGk%3D,https://www.fidal.it/societa/CENTRO-OLIMPIA-PIATEDA/SO585
8.18,8.18,e,OKOLUKU Daniel oliseh,2004,JM,C.B.A. CINISELLO BALSAMO ATL.,1 fi- 1,Bergamo,2023-01-15,https://www.fidal.it/atleta/OKOLUKU-Daniel-oliseh/dq2RlpakbWo%3D,https://www.fidal.it/societa/C-B-A--CINISELLO-BALSAMO-ATL-/MI307
8.18,8.18,e,ARCIDIACONO Daniele,2004,JM,U.S. FOGGIA ATL. LEGGERA,2 ba- 1,Ancona,2023-02-05,https://www.fidal.it/atleta/ARCIDIACONO-Daniele/hKuRkpSkbGQ%3D,https://www.fidal.it/societa/U-S--FOGGIA-ATL--LEGGERA/FG202
8.19,8.19,e,BRESOLIN Manuel,2004,JM,TREVISATLETICA,3 ba- 1,Padova,2023-01-21,https://www.fidal.it/atleta/BRESOLIN-Manuel/eKyRk5iocGc%3D,https://www.fidal.it/societa/TREVISATLETICA/TV354
8.19,8.19,e,CARUGATI Alessandro,2004,JM,ATL. O.S.A. SARONNO LIB.,2 ba- 2,Ancona,2023-02-05,https://www.fidal.it/atleta/CARUGATI-Alessandro/drKRk5WiaGU%3D,https://www.fidal.it/societa/ATL--O-S-A--SARONNO-LIB-/VA119
8.19,8.19,e,ROSSI Ernesto,2004,JM,ATLETICA PAKMAN A.S.D,3 sf- 2,Ancona,2023-02-05,https://www.fidal.it/atleta/ROSSI-Ernesto/fqmRkpuicWw%3D,https://www.fidal.it/societa/ATLETICA-PAKMAN-A-S-D/PG085
8.19,8.19,e,BONANNI Federico,2004,JM,ATL.STUD. RIETI ANDREA MILARDI,4 sf- 3,Ancona,2023-02-05,https://www.fidal.it/atleta/BONANNI-Federico/f6yRkpqocGw%3D,https://www.fidal.it/societa/ATL-STUD--RIETI-ANDREA-MILARDI/RI223
8.19,8.19,e,DEMO Stefano,2004,JM,ATLETICA CANAVESANA,3 se- 1,Padova,2023-03-12,https://www.fidal.it/atleta/DEMO-Stefano/dK6RlpigcWg%3D,https://www.fidal.it/societa/ATLETICA-CANAVESANA/TO015
8.2,8.20,e,ROSSI Ernesto,2004,JM,ATLETICA PAKMAN A.S.D,3 ba- 4,Ancona,2023-02-05,https://www.fidal.it/atleta/ROSSI-Ernesto/fqmRkpuicWw%3D,https://www.fidal.it/societa/ATLETICA-PAKMAN-A-S-D/PG085
8.21,8.21,e,CABRAS Maurizio,2004,JM,SS ATL ORISTANO,4 sf- 2,Ancona,2023-02-05,https://www.fidal.it/atleta/CABRAS-Maurizio/iKuRkpOfcWY%3D,https://www.fidal.it/societa/SS-ATL-ORISTANO/OR030
8.21,8.21,e,ZUCCON Giovanni,2005,JM,TREVISATLETICA,5 sf- 3,Ancona,2023-02-05,https://www.fidal.it/atleta/ZUCCON-Giovanni/eKyRk5Khb2c%3D,https://www.fidal.it/societa/TREVISATLETICA/TV354
8.22,8.22,e,GHEDINA Vittorio,2004,JM,ATLETICA MENEGHINA,1 fi- 1,Bergamo,2023-01-08,https://www.fidal.it/atleta/GHEDINA-Vittorio/eKmRlJagbGY%3D,https://www.fidal.it/societa/ATLETICA-MENEGHINA/MI770
8.23,8.23,e,OKOLUKU Daniel oliseh,2004,JM,C.B.A. CINISELLO BALSAMO ATL.,1 ba- 2,Bergamo,2023-01-15,https://www.fidal.it/atleta/OKOLUKU-Daniel-oliseh/dq2RlpakbWo%3D,https://www.fidal.it/societa/C-B-A--CINISELLO-BALSAMO-ATL-/MI307
8.23,8.23,e,BONANNI Federico,2004,JM,ATL.STUD. RIETI ANDREA MILARDI,4 ba- 4,Ancona,2023-02-05,https://www.fidal.it/atleta/BONANNI-Federico/f6yRkpqocGw%3D,https://www.fidal.it/societa/ATL-STUD--RIETI-ANDREA-MILARDI/RI223
8.24,8.24,e,BRESOLIN Manuel,2004,JM,TREVISATLETICA,2 fi- 1,Padova,2023-01-08,https://www.fidal.it/atleta/BRESOLIN-Manuel/eKyRk5iocGc%3D,https://www.fidal.it/societa/TREVISATLETICA/TV354
8.24,8.24,e,ZUCCON Giovanni,2005,JM,TREVISATLETICA,3 fi- 1,Padova,2023-01-28,https://www.fidal.it/atleta/ZUCCON-Giovanni/eKyRk5Khb2c%3D,https://www.fidal.it/societa/TREVISATLETICA/TV354
8.24,8.24,e,LANZINI Daniele,2005,JM,CENTRO OLIMPIA PIATEDA,1 fi- 1,Saronno,2023-01-29,https://www.fidal.it/atleta/LANZINI-Daniele/drGRkpOncGk%3D,https://www.fidal.it/societa/CENTRO-OLIMPIA-PIATEDA/SO585
8.24,8.24,e,LANZINI Daniele,2005,JM,CENTRO OLIMPIA PIATEDA,4 sf- 1,Ancona,2023-02-05,https://www.fidal.it/atleta/LANZINI-Daniele/drGRkpOncGk%3D,https://www.fidal.it/societa/CENTRO-OLIMPIA-PIATEDA/SO585
8.25,8.25,e,LANZINI Daniele,2005,JM,CENTRO OLIMPIA PIATEDA,2 fi- 1,Bergamo,2023-01-08,https://www.fidal.it/atleta/LANZINI-Daniele/drGRkpOncGk%3D,https://www.fidal.it/societa/CENTRO-OLIMPIA-PIATEDA/SO585
8.27,8.27,e,LANZINI Daniele,2005,JM,CENTRO OLIMPIA PIATEDA,3 ba- 1,Ancona,2023-02-05,https://www.fidal.it/atleta/LANZINI-Daniele/drGRkpOncGk%3D,https://www.fidal.it/societa/CENTRO-OLIMPIA-PIATEDA/SO585
8.27,8.27,e,DEMO Stefano,2004,JM,ATLETICA CANAVESANA,3 ba- 5,Ancona,2023-02-05,https://www.fidal.it/atleta/DEMO-Stefano/dK6RlpigcWg%3D,https://www.fidal.it/societa/ATLETICA-CANAVESANA/TO015
8.28,8.28,e,PAOLONI Sebastiano,2005,JM,ATL. INSIEME VERONA,5 ba- 4,Ancona,2023-02-05,https://www.fidal.it/atleta/PAOLONI-Sebastiano/eKAAARk5imb2g%3D,https://www.fidal.it/societa/ATL--INSIEME-VERONA/VR761
8.29,8.29,e,PAOLONI Sebastiano,2005,JM,ATL. INSIEME VERONA,5 sf- 2,Ancona,2023-02-05,https://www.fidal.it/atleta/PAOLONI-Sebastiano/eKAAARk5imb2g%3D,https://www.fidal.it/societa/ATL--INSIEME-VERONA/VR761
8.29,8.29,e,DI MAURO Marco,2004,JM,ASD ELITE ACADEMY BARI,6 ba- 4,Ancona,2023-02-05,https://www.fidal.it/atleta/DI-MAURO-Marco/hKmRkpana2U%3D,https://www.fidal.it/societa/ASD-ELITE-ACADEMY-BARI/BA008
8.3,8.30,e,ROSSI Ernesto,2004,JM,ATLETICA PAKMAN A.S.D,2 ba- 1,Ancona,2023-01-14,https://www.fidal.it/atleta/ROSSI-Ernesto/fqmRkpuicWw%3D,https://www.fidal.it/societa/ATLETICA-PAKMAN-A-S-D/PG085
8.3,8.30,e,MELLANO Lorenzo,2004,JM,A.S.D. ATL. FOSSANO '75,2 ba- 3,Ancona,2023-02-05,https://www.fidal.it/atleta/MELLANO-Lorenzo/dKyRlJigbGY%3D,https://www.fidal.it/societa/A-S-D--ATL--FOSSANO-75/CN001
8.31,8.31,e,DUNN Samuel leonardo,2005,JM,BATTAGLIO C.U.S. TORINO ATL,1 fi- 1,Bra,2023-01-28,https://www.fidal.it/atleta/DUNN-Samuel-leonardo/dK6Rl5ajbmU%3D,https://www.fidal.it/societa/BATTAGLIO-C-U-S--TORINO-ATL/TO001
8.32,8.32,e,ARCIDIACONO Daniele,2004,JM,U.S. FOGGIA ATL. LEGGERA,3 ba- 1,Ancona,2023-01-14,https://www.fidal.it/atleta/ARCIDIACONO-Daniele/hKuRkpSkbGQ%3D,https://www.fidal.it/societa/U-S--FOGGIA-ATL--LEGGERA/FG202
8.32,8.32,e,MANZONI Simone,2005,JM,ATL. LECCO-COLOMBO COSTRUZ.,2 fi- 1,Bergamo,2023-01-15,https://www.fidal.it/atleta/MANZONI-Simone/dquRk5OfamU%3D,https://www.fidal.it/societa/ATL--LECCO-COLOMBO-COSTRUZ-/CO208
8.32,8.32,e,DEMO Stefano,2004,JM,ATLETICA CANAVESANA,2 se- 1,Bergamo,2023-01-29,https://www.fidal.it/atleta/DEMO-Stefano/dK6RlpigcWg%3D,https://www.fidal.it/societa/ATLETICA-CANAVESANA/TO015
8.33,8.33,e,BRESOLIN Manuel,2004,JM,TREVISATLETICA,2 ba- 1,Padova,2023-01-08,https://www.fidal.it/atleta/BRESOLIN-Manuel/eKyRk5iocGc%3D,https://www.fidal.it/societa/TREVISATLETICA/TV354
8.33,8.33,e,ARCIDIACONO Daniele,2004,JM,U.S. FOGGIA ATL. LEGGERA,1 ba- 1,Ancona,2023-01-28,https://www.fidal.it/atleta/ARCIDIACONO-Daniele/hKuRkpSkbGQ%3D,https://www.fidal.it/societa/U-S--FOGGIA-ATL--LEGGERA/FG202
8.34,8.34,e,PAOLONI Sebastiano,2005,JM,ATL. INSIEME VERONA,1 ba- 3,Parma,2023-01-21,https://www.fidal.it/atleta/PAOLONI-Sebastiano/eKAAARk5imb2g%3D,https://www.fidal.it/societa/ATL--INSIEME-VERONA/VR761
8.34,8.34,e,DEMO Stefano,2004,JM,ATLETICA CANAVESANA,5 sf- 1,Ancona,2023-02-05,https://www.fidal.it/atleta/DEMO-Stefano/dK6RlpigcWg%3D,https://www.fidal.it/societa/ATLETICA-CANAVESANA/TO015
8.34,8.34,e,ARCIDIACONO Daniele,2004,JM,U.S. FOGGIA ATL. LEGGERA,7 sf- 2,Ancona,2023-02-05,https://www.fidal.it/atleta/ARCIDIACONO-Daniele/hKuRkpSkbGQ%3D,https://www.fidal.it/societa/U-S--FOGGIA-ATL--LEGGERA/FG202
8.35,8.35,e,ROSSI Ernesto,2004,JM,ATLETICA PAKMAN A.S.D,2 fi- 1,Ancona,2023-01-14,https://www.fidal.it/atleta/ROSSI-Ernesto/fqmRkpuicWw%3D,https://www.fidal.it/societa/ATLETICA-PAKMAN-A-S-D/PG085
8.35,8.35,e,ALGERI Thomas,2005,JM,ATL. REGGIO ASD,3 fi- 1,Ancona,2023-01-14,https://www.fidal.it/atleta/ALGERI-Thomas/erGRkpWfams%3D,https://www.fidal.it/societa/ATL--REGGIO-ASD/RE128
8.35,8.35,e,ZUCCON Giovanni,2005,JM,TREVISATLETICA,4 ba- 1,Padova,2023-01-21,https://www.fidal.it/atleta/ZUCCON-Giovanni/eKyRk5Khb2c%3D,https://www.fidal.it/societa/TREVISATLETICA/TV354
8.35,8.35,e,ZUCCON Giovanni,2005,JM,TREVISATLETICA,3 ba- 2,Ancona,2023-02-05,https://www.fidal.it/atleta/ZUCCON-Giovanni/eKyRk5Khb2c%3D,https://www.fidal.it/societa/TREVISATLETICA/TV354
8.36,8.36,e,ZUCCON Giovanni,2005,JM,TREVISATLETICA,3 fi- 1,Padova,2023-01-08,https://www.fidal.it/atleta/ZUCCON-Giovanni/eKyRk5Khb2c%3D,https://www.fidal.it/societa/TREVISATLETICA/TV354
8.36,8.36,e,BELLANOVA Emanuele francesco,2004,JM,ATLETICA VERCELLI 78,4 se- 1,Padova,2023-03-12,https://www.fidal.it/atleta/BELLANOVA-Emanuele-francesco/dKAAARlJOobWc%3D,https://www.fidal.it/societa/ATLETICA-VERCELLI-78/VC004
8.36,8.36,e,MELLANO Lorenzo,2004,JM,A.S.D. ATL. FOSSANO '75,5 se- 1,Padova,2023-03-12,https://www.fidal.it/atleta/MELLANO-Lorenzo/dKyRlJigbGY%3D,https://www.fidal.it/societa/A-S-D--ATL--FOSSANO-75/CN001
8.37,8.37,e,CATALANO Giacomo pietro,2005,JM,ATL.AM. CISTERNINO ECOLSERVIZI,1 fi- 1,Ancona,2023-01-07,https://www.fidal.it/atleta/CATALANO-Giacomo-pietro/hK2RkpKob2Q%3D,https://www.fidal.it/societa/ATL-AM--CISTERNINO-ECOLSERVIZI/BR104
8.37,8.37,e,SANAVIO Gabriele,2005,JM,FONDAZIONE M. BENTEGODI,2 fi- 1,Modena,2023-01-14,https://www.fidal.it/atleta/SANAVIO-Gabriele/eKAAARk5mlaGY%3D,https://www.fidal.it/societa/FONDAZIONE-M--BENTEGODI/VR784
8.37,8.37,e,ZUCCON Giovanni,2005,JM,TREVISATLETICA,1 ba- 1,Udine,2023-01-15,https://www.fidal.it/atleta/ZUCCON-Giovanni/eKyRk5Khb2c%3D,https://www.fidal.it/societa/TREVISATLETICA/TV354
8.37,8.37,e,MORE Gabriel euro,2005,JM,ASD INTERFLUMINA E' PIU' POMI',1 ba- 1,Parma,2023-12-16,https://www.fidal.it/atleta/MORE-Gabriel-euro/dqyRl5OgcWU%3D,https://www.fidal.it/societa/ASD-INTERFLUMINA-E-PIU-POMI-/CR150
8.38,8.38,e,ZUCCON Giovanni,2005,JM,TREVISATLETICA,1 fi- 1,Udine,2023-01-15,https://www.fidal.it/atleta/ZUCCON-Giovanni/eKyRk5Khb2c%3D,https://www.fidal.it/societa/TREVISATLETICA/TV354
8.38,8.38,e,DUNN Samuel leonardo,2005,JM,BATTAGLIO C.U.S. TORINO ATL,1 ba- 1,Bra,2023-01-28,https://www.fidal.it/atleta/DUNN-Samuel-leonardo/dK6Rl5ajbmU%3D,https://www.fidal.it/societa/BATTAGLIO-C-U-S--TORINO-ATL/TO001
8.39,8.39,e,ZUCCON Giovanni,2005,JM,TREVISATLETICA,4 fi- 1,Padova,2023-01-21,https://www.fidal.it/atleta/ZUCCON-Giovanni/eKyRk5Khb2c%3D,https://www.fidal.it/societa/TREVISATLETICA/TV354
8.39,8.39,e,SANAVIO Gabriele,2005,JM,FONDAZIONE M. BENTEGODI,5 ba- 1,Padova,2023-01-21,https://www.fidal.it/atleta/SANAVIO-Gabriele/eKAAARk5mlaGY%3D,https://www.fidal.it/societa/FONDAZIONE-M--BENTEGODI/VR784
8.41,8.41,e,LANZINI Daniele,2005,JM,CENTRO OLIMPIA PIATEDA,1 ba- 1,Bergamo,2023-01-08,https://www.fidal.it/atleta/LANZINI-Daniele/drGRkpOncGk%3D,https://www.fidal.it/societa/CENTRO-OLIMPIA-PIATEDA/SO585
8.42,8.42,e,MANZONI Simone,2005,JM,ATL. LECCO-COLOMBO COSTRUZ.,2 ba- 2,Bergamo,2023-01-15,https://www.fidal.it/atleta/MANZONI-Simone/dquRk5OfamU%3D,https://www.fidal.it/societa/ATL--LECCO-COLOMBO-COSTRUZ-/CO208
8.42,8.42,e,CABRAS Maurizio,2004,JM,SS ATL ORISTANO,1 su- 1,Iglesias,2023-01-22,https://www.fidal.it/atleta/CABRAS-Maurizio/iKuRkpOfcWY%3D,https://www.fidal.it/societa/SS-ATL-ORISTANO/OR030
8.42,8.42,e,VOTA Giacomo antonio ange,2005,JM,SISPORT SSD,6 sf- 1,Ancona,2023-02-05,https://www.fidal.it/atleta/VOTA-Giacomo-antonio-ange/dK6RlpqgbmU%3D,https://www.fidal.it/societa/SISPORT-SSD/TO002
8.43,8.43,e,VOTA Giacomo antonio ange,2005,JM,SISPORT SSD,4 ba- 5,Ancona,2023-02-05,https://www.fidal.it/atleta/VOTA-Giacomo-antonio-ange/dK6RlpqgbmU%3D,https://www.fidal.it/societa/SISPORT-SSD/TO002
8.44,8.44,e,ALGERI Thomas,2005,JM,ATL. REGGIO ASD,3 ba- 1,Parma,2023-01-21,https://www.fidal.it/atleta/ALGERI-Thomas/erGRkpWfams%3D,https://www.fidal.it/societa/ATL--REGGIO-ASD/RE128
8.44,8.44,e,ZAVARESCO Giulio,2004,JM,ATLETICA MALIGNANI LIBERTAS UD,1 fi- 1,Udine,2023-01-22,https://www.fidal.it/atleta/ZAVARESCO-Giulio/eayRk5alams%3D,https://www.fidal.it/societa/ATLETICA-MALIGNANI-LIBERTAS-UD/UD030
8.44,8.44,e,CABRAS Maurizio,2004,JM,SS ATL ORISTANO,4 ba- 1,Ancona,2023-02-05,https://www.fidal.it/atleta/CABRAS-Maurizio/iKuRkpOfcWY%3D,https://www.fidal.it/societa/SS-ATL-ORISTANO/OR030
8.44,8.44,e,SANAVIO Gabriele,2005,JM,FONDAZIONE M. BENTEGODI,1 se- 1,Padova,2023-02-12,https://www.fidal.it/atleta/SANAVIO-Gabriele/eKAAARk5mlaGY%3D,https://www.fidal.it/societa/FONDAZIONE-M--BENTEGODI/VR784
8.45,8.45,e,CATALANO Giacomo pietro,2005,JM,ATL.AM. CISTERNINO ECOLSERVIZI,1 ba- 1,Ancona,2023-01-07,https://www.fidal.it/atleta/CATALANO-Giacomo-pietro/hK2RkpKob2Q%3D,https://www.fidal.it/societa/ATL-AM--CISTERNINO-ECOLSERVIZI/BR104
8.45,8.45,e,MORE Gabriel euro,2005,JM,ASD INTERFLUMINA E' PIU' POMI',1 fi- 1,Parma,2023-12-16,https://www.fidal.it/atleta/MORE-Gabriel-euro/dqyRl5OgcWU%3D,https://www.fidal.it/societa/ASD-INTERFLUMINA-E-PIU-POMI-/CR150
8.46,8.46,e,ZUCCON Giovanni,2005,JM,TREVISATLETICA,3 ba- 1,Padova,2023-01-08,https://www.fidal.it/atleta/ZUCCON-Giovanni/eKyRk5Khb2c%3D,https://www.fidal.it/societa/TREVISATLETICA/TV354
8.47,8.47,e,MANZONI Simone,2005,JM,ATL. LECCO-COLOMBO COSTRUZ.,3 fi- 1,Bergamo,2023-01-08,https://www.fidal.it/atleta/MANZONI-Simone/dquRk5OfamU%3D,https://www.fidal.it/societa/ATL--LECCO-COLOMBO-COSTRUZ-/CO208
8.47,8.47,e,CORRADIN Pietro,2005,JM,C.U.S. PADOVA,4 fi- 1,Padova,2023-01-08,https://www.fidal.it/atleta/CORRADIN-Pietro/eKqRk5KfaWw%3D,https://www.fidal.it/societa/C-U-S--PADOVA/PD143
8.47,8.47,e,ALGERI Thomas,2005,JM,ATL. REGGIO ASD,4 ba- 1,Ancona,2023-01-14,https://www.fidal.it/atleta/ALGERI-Thomas/erGRkpWfams%3D,https://www.fidal.it/societa/ATL--REGGIO-ASD/RE128
8.47,8.47,e,PAOLONI Sebastiano,2005,JM,ATL. INSIEME VERONA,3 fi- 1,Parma,2023-01-21,https://www.fidal.it/atleta/PAOLONI-Sebastiano/eKAAARk5imb2g%3D,https://www.fidal.it/societa/ATL--INSIEME-VERONA/VR761
8.47,8.47,e,ZUCCON Giovanni,2005,JM,TREVISATLETICA,3 ba- 1,Padova,2023-01-28,https://www.fidal.it/atleta/ZUCCON-Giovanni/eKyRk5Khb2c%3D,https://www.fidal.it/societa/TREVISATLETICA/TV354
8.47,8.47,e,DI MAURO Marco,2004,JM,ASD ELITE ACADEMY BARI,7 sf- 1,Ancona,2023-02-05,https://www.fidal.it/atleta/DI-MAURO-Marco/hKmRkpana2U%3D,https://www.fidal.it/societa/ASD-ELITE-ACADEMY-BARI/BA008
8.48,8.48,e,ALGERI Thomas,2005,JM,ATL. REGGIO ASD,4 fi- 1,Parma,2023-01-21,https://www.fidal.it/atleta/ALGERI-Thomas/erGRkpWfams%3D,https://www.fidal.it/societa/ATL--REGGIO-ASD/RE128
8.48,8.48,e,CINCINELLI Riccardo,2005,JM,ATLETICA FIRENZE MARATHON S.S.,7 ba- 4,Ancona,2023-02-05,https://www.fidal.it/atleta/CINCINELLI-Riccardo/famRkpSla2g%3D,https://www.fidal.it/societa/ATLETICA-FIRENZE-MARATHON-S-S-/FI002
8.49,8.49,e,CINCINELLI Riccardo,2005,JM,ATLETICA FIRENZE MARATHON S.S.,4 fi- 1,Ancona,2023-01-14,https://www.fidal.it/atleta/CINCINELLI-Riccardo/famRkpSla2g%3D,https://www.fidal.it/societa/ATLETICA-FIRENZE-MARATHON-S-S-/FI002
8.49,8.49,e,CABRAS Maurizio,2004,JM,SS ATL ORISTANO,1 su- 1,Iglesias,2023-01-22,https://www.fidal.it/atleta/CABRAS-Maurizio/iKuRkpOfcWY%3D,https://www.fidal.it/societa/SS-ATL-ORISTANO/OR030
8.5,8.50,e,MANZONI Simone,2005,JM,ATL. LECCO-COLOMBO COSTRUZ.,2 ba- 1,Bergamo,2023-01-08,https://www.fidal.it/atleta/MANZONI-Simone/dquRk5OfamU%3D,https://www.fidal.it/societa/ATL--LECCO-COLOMBO-COSTRUZ-/CO208
8.51,8.51,e,DUNN Samuel leonardo,2005,JM,BATTAGLIO C.U.S. TORINO ATL,4 fi- 1,Modena,2023-01-14,https://www.fidal.it/atleta/DUNN-Samuel-leonardo/dK6Rl5ajbmU%3D,https://www.fidal.it/societa/BATTAGLIO-C-U-S--TORINO-ATL/TO001
8.51,8.51,e,DUNN Samuel leonardo,2005,JM,BATTAGLIO C.U.S. TORINO ATL,5 ba- 5,Ancona,2023-02-05,https://www.fidal.it/atleta/DUNN-Samuel-leonardo/dK6Rl5ajbmU%3D,https://www.fidal.it/societa/BATTAGLIO-C-U-S--TORINO-ATL/TO001
8.51,8.51,e,MELLANO Lorenzo,2004,JM,A.S.D. ATL. FOSSANO '75,6 sf- 3,Ancona,2023-02-05,https://www.fidal.it/atleta/MELLANO-Lorenzo/dKyRlJigbGY%3D,https://www.fidal.it/societa/A-S-D--ATL--FOSSANO-75/CN001
8.52,8.52,e,SANAVIO Gabriele,2005,JM,FONDAZIONE M. BENTEGODI,5 ba- 1,Ancona,2023-02-05,https://www.fidal.it/atleta/SANAVIO-Gabriele/eKAAARk5mlaGY%3D,https://www.fidal.it/societa/FONDAZIONE-M--BENTEGODI/VR784
8.52,8.52,e,SANAVIO Gabriele,2005,JM,FONDAZIONE M. BENTEGODI,8 sf- 2,Ancona,2023-02-05,https://www.fidal.it/atleta/SANAVIO-Gabriele/eKAAARk5mlaGY%3D,https://www.fidal.it/societa/FONDAZIONE-M--BENTEGODI/VR784
8.52,8.52,e,FRANZE' Tommaso,2005,JM,ATLETICA P.A.R. CANEGRATE,4 se- 1,Aubiere,2023-12-10,https://www.fidal.it/atleta/FRANZE-Tommaso/dq2RmJijb2o%3D,https://www.fidal.it/societa/ATLETICA-P-A-R--CANEGRATE/MI161
8.53,8.53,e,DA DALT Andrea,2005,JM,ATLETICA GORIZIA,2 ba- 1,Udine,2023-01-15,https://www.fidal.it/atleta/DA-DALT-Andrea/eamRkpufbWs%3D,https://www.fidal.it/societa/ATLETICA-GORIZIA/GO050
8.53,8.53,e,ZAVARESCO Giulio,2004,JM,ATLETICA MALIGNANI LIBERTAS UD,2 fi- 1,Udine,2023-01-15,https://www.fidal.it/atleta/ZAVARESCO-Giulio/eayRk5alams%3D,https://www.fidal.it/societa/ATLETICA-MALIGNANI-LIBERTAS-UD/UD030
8.53,8.53,e,ZAVARESCO Giulio,2004,JM,ATLETICA MALIGNANI LIBERTAS UD,8 sf- 1,Ancona,2023-02-05,https://www.fidal.it/atleta/ZAVARESCO-Giulio/eayRk5alams%3D,https://www.fidal.it/societa/ATLETICA-MALIGNANI-LIBERTAS-UD/UD030
8.53,8.53,e,FERRUCCI David,1985,SM35,ASD U.S. ATERNO PESCARA,1 su- 1,Ancona,2023-03-11,https://www.fidal.it/atleta/FERRUCCI-David/gaiRkpmhbmQ%3D,https://www.fidal.it/societa/ASD-U-S--ATERNO-PESCARA/PE001
8.55,8.55,e,BELLANOVA Emanuele francesco,2004,JM,ATLETICA VERCELLI 78,2 fi- 1,Saronno,2023-01-08,https://www.fidal.it/atleta/BELLANOVA-Emanuele-francesco/dKAAARlJOobWc%3D,https://www.fidal.it/societa/ATLETICA-VERCELLI-78/VC004
8.55,8.55,e,ZAVARESCO Giulio,2004,JM,ATLETICA MALIGNANI LIBERTAS UD,4 ba- 2,Ancona,2023-02-05,https://www.fidal.it/atleta/ZAVARESCO-Giulio/eayRk5alams%3D,https://www.fidal.it/societa/ATLETICA-MALIGNANI-LIBERTAS-UD/UD030
8.55,8.55,e,DUNN Samuel leonardo,2005,JM,BATTAGLIO C.U.S. TORINO ATL,7 sf- 3,Ancona,2023-02-05,https://www.fidal.it/atleta/DUNN-Samuel-leonardo/dK6Rl5ajbmU%3D,https://www.fidal.it/societa/BATTAGLIO-C-U-S--TORINO-ATL/TO001
8.55,8.55,e,ENOTARPI Simone,2005,JM,ASD MAURINA OLIO CARLI,2 ba- 1,Parma,2023-12-16,https://www.fidal.it/atleta/ENOTARPI-Simone/daqRkpSmb2U%3D,https://www.fidal.it/societa/ASD-MAURINA-OLIO-CARLI/IM029
8.55,8.55,e,ENOTARPI Simone,2005,JM,ASD MAURINA OLIO CARLI,2 fi- 1,Parma,2023-12-16,https://www.fidal.it/atleta/ENOTARPI-Simone/daqRkpSmb2U%3D,https://www.fidal.it/societa/ASD-MAURINA-OLIO-CARLI/IM029
8.56,8.56,e,ALGERI Thomas,2005,JM,ATL. REGGIO ASD,2 ba- 1,Parma,2023-01-08,https://www.fidal.it/atleta/ALGERI-Thomas/erGRkpWfams%3D,https://www.fidal.it/societa/ATL--REGGIO-ASD/RE128
8.56,8.56,e,CORRADIN Pietro,2005,JM,C.U.S. PADOVA,6 ba- 1,Padova,2023-01-21,https://www.fidal.it/atleta/CORRADIN-Pietro/eKqRk5KfaWw%3D,https://www.fidal.it/societa/C-U-S--PADOVA/PD143
8.56,8.56,e,MATTOLINI Francesco,2005,JM,ATLETICA LIVORNO,1 fi- 2,Padova,2023-01-28,https://www.fidal.it/atleta/MATTOLINI-Francesco/fayRkpiia2M%3D,https://www.fidal.it/societa/ATLETICA-LIVORNO/LI036
8.57,8.57,e,DA DALT Andrea,2005,JM,ATLETICA GORIZIA,1 ba- 2,Padova,2023-01-08,https://www.fidal.it/atleta/DA-DALT-Andrea/eamRkpufbWs%3D,https://www.fidal.it/societa/ATLETICA-GORIZIA/GO050
8.57,8.57,e,CINCINELLI Riccardo,2005,JM,ATLETICA FIRENZE MARATHON S.S.,1 ba- 2,Ancona,2023-01-14,https://www.fidal.it/atleta/CINCINELLI-Riccardo/famRkpSla2g%3D,https://www.fidal.it/societa/ATLETICA-FIRENZE-MARATHON-S-S-/FI002
8.58,8.58,e,TESI Lorenzo,2004,JM,ASD ATLETICA  PRATO,1 fi- 1,Modena,2023-01-28,https://www.fidal.it/atleta/TESI-Lorenzo/fbORkpOfaGc%3D,https://www.fidal.it/societa/ASD-ATLETICA-PRATO/PO149
8.58,8.58,e,TESI Lorenzo,2004,JM,ASD ATLETICA  PRATO,8 ba- 4,Ancona,2023-02-05,https://www.fidal.it/atleta/TESI-Lorenzo/fbORkpOfaGc%3D,https://www.fidal.it/societa/ASD-ATLETICA-PRATO/PO149
8.58,8.58,e,BAGGIO Mattia,2005,JM,ATL.VICENTINA,2 se- 1,Padova,2023-02-12,https://www.fidal.it/atleta/BAGGIO-Mattia/eK6RkpejaWo%3D,https://www.fidal.it/societa/ATL-VICENTINA/VI626
8.59,8.59,e,DA DALT Andrea,2005,JM,ATLETICA GORIZIA,5 fi- 1,Padova,2023-01-08,https://www.fidal.it/atleta/DA-DALT-Andrea/eamRkpufbWs%3D,https://www.fidal.it/societa/ATLETICA-GORIZIA/GO050
8.59,8.59,e,REBESCO Luca,2004,JM,ATLETICA ALBORE MARTELLAGO,5 fi- 1,Padova,2023-01-21,https://www.fidal.it/atleta/REBESCO-Luca/eK2Rkpiia2M%3D,https://www.fidal.it/societa/ATLETICA-ALBORE-MARTELLAGO/VE532
8.59,8.59,e,CORRADIN Pietro,2005,JM,C.U.S. PADOVA,6 fi- 1,Padova,2023-01-21,https://www.fidal.it/atleta/CORRADIN-Pietro/eKqRk5KfaWw%3D,https://www.fidal.it/societa/C-U-S--PADOVA/PD143
8.59,8.59,e,CORRADIN Pietro,2005,JM,C.U.S. PADOVA,4 ba- 3,Ancona,2023-02-05,https://www.fidal.it/atleta/CORRADIN-Pietro/eKqRk5KfaWw%3D,https://www.fidal.it/societa/C-U-S--PADOVA/PD143
8.6,8.60,e,CORRADIN Pietro,2005,JM,C.U.S. PADOVA,2 ba- 2,Padova,2023-01-08,https://www.fidal.it/atleta/CORRADIN-Pietro/eKqRk5KfaWw%3D,https://www.fidal.it/societa/C-U-S--PADOVA/PD143
8.6,8.60,e,CORRADIN Pietro,2005,JM,C.U.S. PADOVA,4 fi- 1,Padova,2023-01-28,https://www.fidal.it/atleta/CORRADIN-Pietro/eKqRk5KfaWw%3D,https://www.fidal.it/societa/C-U-S--PADOVA/PD143
8.6,8.60,e,ENOTARPI Simone,2005,JM,ASD MAURINA OLIO CARLI,5 ba- 2,Ancona,2023-02-05,https://www.fidal.it/atleta/ENOTARPI-Simone/daqRkpSmb2U%3D,https://www.fidal.it/societa/ASD-MAURINA-OLIO-CARLI/IM029
8.61,8.61,e,DI TERLIZZI Pasquale,2005,JM,G.S. AVIS BARLETTA A.S.D.,6 ba- 5,Ancona,2023-02-05,https://www.fidal.it/atleta/DI-TERLIZZI-Pasquale/hKmRkpqmbGM%3D,https://www.fidal.it/societa/G-S--AVIS-BARLETTA-A-S-D-/BA754
8.61,8.61,e,CORONA Simone,2004,JM,ATL-ETICA SAN VENDEMIANO,1 se- 2,Padova,2023-03-12,https://www.fidal.it/atleta/CORONA-Simone/eKmRlJWibWY%3D,https://www.fidal.it/societa/ATL-ETICA-SAN-VENDEMIANO/TV406
8.62,8.62,e,DUNN Samuel leonardo,2005,JM,BATTAGLIO C.U.S. TORINO ATL,1 ba- 2,Modena,2023-01-14,https://www.fidal.it/atleta/DUNN-Samuel-leonardo/dK6Rl5ajbmU%3D,https://www.fidal.it/societa/BATTAGLIO-C-U-S--TORINO-ATL/TO001
8.62,8.62,e,ZAVARESCO Giulio,2004,JM,ATLETICA MALIGNANI LIBERTAS UD,1 ba- 1,Udine,2023-01-22,https://www.fidal.it/atleta/ZAVARESCO-Giulio/eayRk5alams%3D,https://www.fidal.it/societa/ATLETICA-MALIGNANI-LIBERTAS-UD/UD030
8.62,8.62,e,ENOTARPI Simone,2005,JM,ASD MAURINA OLIO CARLI,5 fi- 1,Padova,2023-01-28,https://www.fidal.it/atleta/ENOTARPI-Simone/daqRkpSmb2U%3D,https://www.fidal.it/societa/ASD-MAURINA-OLIO-CARLI/IM029
8.62,8.62,e,CINCINELLI Riccardo,2005,JM,ATLETICA FIRENZE MARATHON S.S.,8 sf- 3,Ancona,2023-02-05,https://www.fidal.it/atleta/CINCINELLI-Riccardo/famRkpSla2g%3D,https://www.fidal.it/societa/ATLETICA-FIRENZE-MARATHON-S-S-/FI002
8.63,8.63,e,TESI Lorenzo,2004,JM,ASD ATLETICA  PRATO,5 fi- 1,Ancona,2023-01-14,https://www.fidal.it/atleta/TESI-Lorenzo/fbORkpOfaGc%3D,https://www.fidal.it/societa/ASD-ATLETICA-PRATO/PO149
8.64,8.64,e,REBESCO Luca,2004,JM,ATLETICA ALBORE MARTELLAGO,1 ba- 2,Padova,2023-01-21,https://www.fidal.it/atleta/REBESCO-Luca/eK2Rkpiia2M%3D,https://www.fidal.it/societa/ATLETICA-ALBORE-MARTELLAGO/VE532
8.64,8.64,e,ARCILASCO Flavio guido,2004,JM,SAFATLETICA PIEMONTE ASD,6 ba- 1,Ancona,2023-02-05,https://www.fidal.it/atleta/ARCILASCO-Flavio-guido/dK6Rl5KjaWc%3D,https://www.fidal.it/societa/SAFATLETICA-PIEMONTE-ASD/TO226
8.64,8.64,e,BELLANOVA Emanuele francesco,2004,JM,ATLETICA VERCELLI 78,7 ba- 5,Ancona,2023-02-05,https://www.fidal.it/atleta/BELLANOVA-Emanuele-francesco/dKAAARlJOobWc%3D,https://www.fidal.it/societa/ATLETICA-VERCELLI-78/VC004
8.64,8.64,e,MONACI Romeo,2005,JM,ATLETICA GROSSETO BANCA TEMA,2 se- 2,Padova,2023-03-12,https://www.fidal.it/atleta/MONACI-Romeo/fauRkpOgaGk%3D,https://www.fidal.it/societa/ATLETICA-GROSSETO-BANCA-TEMA/GR065
8.65,8.65,e,SANAVIO Gabriele,2005,JM,FONDAZIONE M. BENTEGODI,2 ba- 2,Modena,2023-01-14,https://www.fidal.it/atleta/SANAVIO-Gabriele/eKAAARk5mlaGY%3D,https://www.fidal.it/societa/FONDAZIONE-M--BENTEGODI/VR784
8.66,8.66,e,ARCILASCO Flavio guido,2004,JM,SAFATLETICA PIEMONTE ASD,3 fi- 1,Saronno,2023-01-08,https://www.fidal.it/atleta/ARCILASCO-Flavio-guido/dK6Rl5KjaWc%3D,https://www.fidal.it/societa/SAFATLETICA-PIEMONTE-ASD/TO226
8.66,8.66,e,BIANCHI Simone,2004,JM,ATL. BERGAMO 1959 ORIOCENTER,3 ba- 2,Bergamo,2023-01-15,https://www.fidal.it/atleta/BIANCHI-Simone/dqqRmJOiaGM%3D,https://www.fidal.it/societa/ATL--BERGAMO-1959-ORIOCENTER/BG003
8.66,8.66,e,CORONA Simone,2004,JM,ATL-ETICA SAN VENDEMIANO,3 se- 1,Padova,2023-02-12,https://www.fidal.it/atleta/CORONA-Simone/eKmRlJWibWY%3D,https://www.fidal.it/societa/ATL-ETICA-SAN-VENDEMIANO/TV406
8.67,8.67,e,ARTUSO Amos,2004,JM,GRUPPO ATLETICO BASSANO 1948,1 ba- 1,Modena,2023-01-28,https://www.fidal.it/atleta/ARTUSO-Amos/eK6Rk5OgbGw%3D,https://www.fidal.it/societa/GRUPPO-ATLETICO-BASSANO-1948/VI614
8.67,8.67,e,TIRABOSCHI Cristiano,2004,JM,BERGAMO STARS ATLETICA,1 fi- 2,Saronno,2023-01-29,https://www.fidal.it/atleta/TIRABOSCHI-Cristiano/dqmRmJOha2Y%3D,https://www.fidal.it/societa/BERGAMO-STARS-ATLETICA/BG795
8.68,8.68,e,IBIDI Francesco moreno,2004,JM,SAFATLETICA PIEMONTE ASD,2 ba- 2,Saronno,2023-01-08,https://www.fidal.it/atleta/IBIDI-Francesco-moreno/dK6Rl5akbGg%3D,https://www.fidal.it/societa/SAFATLETICA-PIEMONTE-ASD/TO226
8.68,8.68,e,TIRABOSCHI Cristiano,2004,JM,BERGAMO STARS ATLETICA,3 fi- 1,Bergamo,2023-01-15,https://www.fidal.it/atleta/TIRABOSCHI-Cristiano/dqmRmJOha2Y%3D,https://www.fidal.it/societa/BERGAMO-STARS-ATLETICA/BG795
8.68,8.68,e,MATTOLINI Francesco,2005,JM,ATLETICA LIVORNO,6 se- 1,Padova,2023-03-12,https://www.fidal.it/atleta/MATTOLINI-Francesco/fayRkpiia2M%3D,https://www.fidal.it/societa/ATLETICA-LIVORNO/LI036
8.69,8.69,e,BIANCHI Simone,2004,JM,ATL. BERGAMO 1959 ORIOCENTER,2 ba- 2,Bergamo,2023-01-08,https://www.fidal.it/atleta/BIANCHI-Simone/dqqRmJOiaGM%3D,https://www.fidal.it/societa/ATL--BERGAMO-1959-ORIOCENTER/BG003
8.69,8.69,e,CORONA Simone,2004,JM,ATL-ETICA SAN VENDEMIANO,1 fi- 2,Padova,2023-01-21,https://www.fidal.it/atleta/CORONA-Simone/eKmRlJWibWY%3D,https://www.fidal.it/societa/ATL-ETICA-SAN-VENDEMIANO/TV406
8.7,8.70,e,ARTUSO Amos,2004,JM,GRUPPO ATLETICO BASSANO 1948,2 fi- 2,Padova,2023-01-21,https://www.fidal.it/atleta/ARTUSO-Amos/eK6Rk5OgbGw%3D,https://www.fidal.it/societa/GRUPPO-ATLETICO-BASSANO-1948/VI614
8.7,8.70,e,ENOTARPI Simone,2005,JM,ASD MAURINA OLIO CARLI,4 ba- 1,Padova,2023-01-28,https://www.fidal.it/atleta/ENOTARPI-Simone/daqRkpSmb2U%3D,https://www.fidal.it/societa/ASD-MAURINA-OLIO-CARLI/IM029
8.7,8.70,e,GRILLO Manuel,2005,JM,CUS PRO PATRIA MILANO,3 fi- 1,Saronno,2023-01-29,https://www.fidal.it/atleta/GRILLO-Manuel/dq2Rlpagbms%3D,https://www.fidal.it/societa/CUS-PRO-PATRIA-MILANO/MI077
8.71,8.71,e,VICERE' Vincenzo,2004,JM,LIBERTAS AMATORI ATLETICA LEGG,1 su- 1,Napoli,2023-01-14,https://www.fidal.it/atleta/VICERE-Vincenzo/gKqRkpOjbmg%3D,https://www.fidal.it/societa/LIBERTAS-AMATORI-ATLETICA-LEGG/BN800
8.71,8.71,e,ZULIANI Davide,2004,JM,SSD NISSOLINO SPORT SRL ASU,1 fi- 1,Rieti,2023-01-29,https://www.fidal.it/atleta/ZULIANI-Davide/f6qRkpWha2g%3D,https://www.fidal.it/societa/SSD-NISSOLINO-SPORT-SRL-ASU/RM363
8.71,8.71,e,DALMAZIO Leonardo,2005,JM,SSD NISSOLINO SPORT SRL ASU,2 fi- 1,Rieti,2023-01-29,https://www.fidal.it/atleta/DALMAZIO-Leonardo/f6qRkpWhbmQ%3D,https://www.fidal.it/societa/SSD-NISSOLINO-SPORT-SRL-ASU/RM363
8.71,8.71,e,MATTOLINI Francesco,2005,JM,ATLETICA LIVORNO,1 su- 1,Firenze,2023-02-26,https://www.fidal.it/atleta/MATTOLINI-Francesco/fayRkpiia2M%3D,https://www.fidal.it/societa/ATLETICA-LIVORNO/LI036
8.72,8.72,e,TIRABOSCHI Cristiano,2004,JM,BERGAMO STARS ATLETICA,3 fi- 1,Bergamo,2023-02-12,https://www.fidal.it/atleta/TIRABOSCHI-Cristiano/dqmRmJOha2Y%3D,https://www.fidal.it/societa/BERGAMO-STARS-ATLETICA/BG795
8.73,8.73,e,VICERE' Vincenzo,2004,JM,LIBERTAS AMATORI ATLETICA LEGG,1 su- 1,Napoli,2023-01-07,https://www.fidal.it/atleta/VICERE-Vincenzo/gKqRkpOjbmg%3D,https://www.fidal.it/societa/LIBERTAS-AMATORI-ATLETICA-LEGG/BN800
8.73,8.73,e,CORONA Simone,2004,JM,ATL-ETICA SAN VENDEMIANO,4 ba- 1,Padova,2023-01-08,https://www.fidal.it/atleta/CORONA-Simone/eKmRlJWibWY%3D,https://www.fidal.it/societa/ATL-ETICA-SAN-VENDEMIANO/TV406
8.73,8.73,e,ZAVARESCO Giulio,2004,JM,ATLETICA MALIGNANI LIBERTAS UD,3 ba- 1,Udine,2023-01-15,https://www.fidal.it/atleta/ZAVARESCO-Giulio/eayRk5alams%3D,https://www.fidal.it/societa/ATLETICA-MALIGNANI-LIBERTAS-UD/UD030
8.73,8.73,e,BIANCHI Simone,2004,JM,ATL. BERGAMO 1959 ORIOCENTER,4 fi- 1,Bergamo,2023-01-15,https://www.fidal.it/atleta/BIANCHI-Simone/dqqRmJOiaGM%3D,https://www.fidal.it/societa/ATL--BERGAMO-1959-ORIOCENTER/BG003
8.73,8.73,e,PANCALDI Emanuele,2004,JM,A.S.D. PONTEVECCHIO BOLOGNA,2 ba- 1,Modena,2023-01-28,https://www.fidal.it/atleta/PANCALDI-Emanuele/eqmRkpWoamU%3D,https://www.fidal.it/societa/A-S-D--PONTEVECCHIO-BOLOGNA/BO506
8.73,8.73,e,CAPUTO Donato,2005,JM,ASD ARCA ATL.AVERSA A.AVERSANO,2 ba- 1,Ancona,2023-01-28,https://www.fidal.it/atleta/CAPUTO-Donato/gKuRkpOkcWY%3D,https://www.fidal.it/societa/ASD-ARCA-ATL-AVERSA-A-AVERSANO/CE033
8.73,8.73,e,CORRADIN Pietro,2005,JM,C.U.S. PADOVA,5 ba- 1,Padova,2023-01-28,https://www.fidal.it/atleta/CORRADIN-Pietro/eKqRk5KfaWw%3D,https://www.fidal.it/societa/C-U-S--PADOVA/PD143
8.73,8.73,e,GRILLO Manuel,2005,JM,CUS PRO PATRIA MILANO,3 ba- 2,Saronno,2023-01-29,https://www.fidal.it/atleta/GRILLO-Manuel/dq2Rlpagbms%3D,https://www.fidal.it/societa/CUS-PRO-PATRIA-MILANO/MI077
8.73,8.73,e,TESTA Nicola,2005,JM,ATL.VICENTINA,3 se- 1,Bergamo,2023-01-29,https://www.fidal.it/atleta/TESTA-Nicola/eK6Rk5Oka2M%3D,https://www.fidal.it/societa/ATL-VICENTINA/VI626
8.74,8.74,e,BIANCHI Simone,2004,JM,ATL. BERGAMO 1959 ORIOCENTER,4 fi- 1,Bergamo,2023-01-08,https://www.fidal.it/atleta/BIANCHI-Simone/dqqRmJOiaGM%3D,https://www.fidal.it/societa/ATL--BERGAMO-1959-ORIOCENTER/BG003
8.74,8.74,e,TESI Lorenzo,2004,JM,ASD ATLETICA  PRATO,5 ba- 1,Ancona,2023-01-14,https://www.fidal.it/atleta/TESI-Lorenzo/fbORkpOfaGc%3D,https://www.fidal.it/societa/ASD-ATLETICA-PRATO/PO149
8.74,8.74,e,ENOTARPI Simone,2005,JM,ASD MAURINA OLIO CARLI,1 ba- 2,Parma,2023-01-21,https://www.fidal.it/atleta/ENOTARPI-Simone/daqRkpSmb2U%3D,https://www.fidal.it/societa/ASD-MAURINA-OLIO-CARLI/IM029
8.74,8.74,e,CINCINELLI Riccardo,2005,JM,ATLETICA FIRENZE MARATHON S.S.,3 ba- 1,Ancona,2023-01-28,https://www.fidal.it/atleta/CINCINELLI-Riccardo/famRkpSla2g%3D,https://www.fidal.it/societa/ATLETICA-FIRENZE-MARATHON-S-S-/FI002
8.75,8.75,e,REBESCO Luca,2004,JM,ATLETICA ALBORE MARTELLAGO,1 fi- 2,Padova,2023-01-08,https://www.fidal.it/atleta/REBESCO-Luca/eK2Rkpiia2M%3D,https://www.fidal.it/societa/ATLETICA-ALBORE-MARTELLAGO/VE532
8.75,8.75,e,BOELLA Jacopo,2005,JM,MILANO ATLETICA,5 fi- 1,Bergamo,2023-01-15,https://www.fidal.it/atleta/BOELLA-Jacopo/dq2RmZOicWY%3D,https://www.fidal.it/societa/MILANO-ATLETICA/MI798
8.75,8.75,e,PANCALDI Emanuele,2004,JM,A.S.D. PONTEVECCHIO BOLOGNA,3 se- 2,Padova,2023-03-12,https://www.fidal.it/atleta/PANCALDI-Emanuele/eqmRkpWoamU%3D,https://www.fidal.it/societa/A-S-D--PONTEVECCHIO-BOLOGNA/BO506
8.76,8.76,e,DI CRESCENZO Damiano,2004,JM,ATLETICA ARCOBALENO SAVONA,1 fi- 2,Bra,2023-01-28,https://www.fidal.it/atleta/DI-CRESCENZO-Damiano/dayRkpOgbGM%3D,https://www.fidal.it/societa/ATLETICA-ARCOBALENO-SAVONA/SV070
8.76,8.76,e,PANCALDI Emanuele,2004,JM,A.S.D. PONTEVECCHIO BOLOGNA,2 fi- 1,Modena,2023-01-28,https://www.fidal.it/atleta/PANCALDI-Emanuele/eqmRkpWoamU%3D,https://www.fidal.it/societa/A-S-D--PONTEVECCHIO-BOLOGNA/BO506
8.76,8.76,e,BIANCHI Simone,2004,JM,ATL. BERGAMO 1959 ORIOCENTER,7 ba- 1,Ancona,2023-02-05,https://www.fidal.it/atleta/BIANCHI-Simone/dqqRmJOiaGM%3D,https://www.fidal.it/societa/ATL--BERGAMO-1959-ORIOCENTER/BG003
8.77,8.77,e,CORONA Simone,2004,JM,ATL-ETICA SAN VENDEMIANO,6 fi- 1,Padova,2023-01-08,https://www.fidal.it/atleta/CORONA-Simone/eKmRlJWibWY%3D,https://www.fidal.it/societa/ATL-ETICA-SAN-VENDEMIANO/TV406
8.77,8.77,e,BAGGIO Mattia,2005,JM,ATL.VICENTINA,2 ba- 2,Padova,2023-01-21,https://www.fidal.it/atleta/BAGGIO-Mattia/eK6RkpejaWo%3D,https://www.fidal.it/societa/ATL-VICENTINA/VI626
8.77,8.77,e,ZANETTI Luca vittorio,2005,JM,ATL. O.S.A. SARONNO LIB.,1 ba- 2,Padova,2023-01-28,https://www.fidal.it/atleta/ZANETTI-Luca-vittorio/drKRkpqhaWQ%3D,https://www.fidal.it/societa/ATL--O-S-A--SARONNO-LIB-/VA119
8.77,8.77,e,LOMBARDI Tommaso,2004,JM,SAFATLETICA PIEMONTE ASD,2 fi- 1,Bra,2023-01-28,https://www.fidal.it/atleta/LOMBARDI-Tommaso/dK6Rl5Shb2s%3D,https://www.fidal.it/societa/SAFATLETICA-PIEMONTE-ASD/TO226
8.77,8.77,e,CAPUTO Donato,2005,JM,ASD ARCA ATL.AVERSA A.AVERSANO,2 fi- 1,Ancona,2023-01-28,https://www.fidal.it/atleta/CAPUTO-Donato/gKuRkpOkcWY%3D,https://www.fidal.it/societa/ASD-ARCA-ATL-AVERSA-A-AVERSANO/CE033
8.77,8.77,e,FERRINI Giulio,2004,JM,UISP ATLETICA SIENA,4 ba- 1,Ancona,2023-01-28,https://www.fidal.it/atleta/FERRINI-Giulio/fbKRkpSib2o%3D,https://www.fidal.it/societa/UISP-ATLETICA-SIENA/SI043
8.77,8.77,e,GILARDI Nicolo',2005,JM,ALA ATL. ABBIATEGRASSO,2 fi- 2,Saronno,2023-01-29,https://www.fidal.it/atleta/GILARDI-Nicolo-/dq2RlpWfbWM%3D,https://www.fidal.it/societa/ALA-ATL--ABBIATEGRASSO/MI242
8.77,8.77,e,MATTOLINI Francesco,2005,JM,ATLETICA LIVORNO,8 ba- 5,Ancona,2023-02-05,https://www.fidal.it/atleta/MATTOLINI-Francesco/fayRkpiia2M%3D,https://www.fidal.it/societa/ATLETICA-LIVORNO/LI036
8.77,8.77,e,MONACI Romeo,2005,JM,ATLETICA GROSSETO BANCA TEMA,2 su- 1,Firenze,2023-02-26,https://www.fidal.it/atleta/MONACI-Romeo/fauRkpOgaGk%3D,https://www.fidal.it/societa/ATLETICA-GROSSETO-BANCA-TEMA/GR065
8.77,8.77,e,VICERE' Vincenzo,2004,JM,LIBERTAS AMATORI ATLETICA LEGG,4 se- 2,Padova,2023-03-12,https://www.fidal.it/atleta/VICERE-Vincenzo/gKqRkpOjbmg%3D,https://www.fidal.it/societa/LIBERTAS-AMATORI-ATLETICA-LEGG/BN800
8.77,8.77,e,SANAVIO Gabriele,2005,JM,FONDAZIONE M. BENTEGODI,7 se- 1,Padova,2023-03-12,https://www.fidal.it/atleta/SANAVIO-Gabriele/eKAAARk5mlaGY%3D,https://www.fidal.it/societa/FONDAZIONE-M--BENTEGODI/VR784
8.78,8.78,e,GRILLO Manuel,2005,JM,CUS PRO PATRIA MILANO,4 fi- 1,Saronno,2023-01-08,https://www.fidal.it/atleta/GRILLO-Manuel/dq2Rlpagbms%3D,https://www.fidal.it/societa/CUS-PRO-PATRIA-MILANO/MI077
8.78,8.78,e,DI TERLIZZI Pasquale,2005,JM,G.S. AVIS BARLETTA A.S.D.,2 ba- 2,Ancona,2023-01-14,https://www.fidal.it/atleta/DI-TERLIZZI-Pasquale/hKmRkpqmbGM%3D,https://www.fidal.it/societa/G-S--AVIS-BARLETTA-A-S-D-/BA754
8.78,8.78,e,TIRABOSCHI Cristiano,2004,JM,BERGAMO STARS ATLETICA,4 ba- 2,Bergamo,2023-01-15,https://www.fidal.it/atleta/TIRABOSCHI-Cristiano/dqmRmJOha2Y%3D,https://www.fidal.it/societa/BERGAMO-STARS-ATLETICA/BG795
8.78,8.78,e,TOMMASI Fabio,2005,JM,ATLETICA RIVIERA DEL BRENTA,3 fi- 2,Padova,2023-01-21,https://www.fidal.it/atleta/TOMMASI-Fabio/eK2Rk5Sga2Y%3D,https://www.fidal.it/societa/ATLETICA-RIVIERA-DEL-BRENTA/VE473
8.78,8.78,e,CORONA Simone,2004,JM,ATL-ETICA SAN VENDEMIANO,7 ba- 1,Padova,2023-01-21,https://www.fidal.it/atleta/CORONA-Simone/eKmRlJWibWY%3D,https://www.fidal.it/societa/ATL-ETICA-SAN-VENDEMIANO/TV406
8.78,8.78,e,ARTUSO Amos,2004,JM,GRUPPO ATLETICO BASSANO 1948,3 fi- 1,Modena,2023-01-28,https://www.fidal.it/atleta/ARTUSO-Amos/eK6Rk5OgbGw%3D,https://www.fidal.it/societa/GRUPPO-ATLETICO-BASSANO-1948/VI614
8.78,8.78,e,MARIANI Enrico,2005,JM,ATL. O.S.A. SARONNO LIB.,1 ba- 1,Saronno,2023-01-29,https://www.fidal.it/atleta/MARIANI-Enrico/drKRk5ajb2c%3D,https://www.fidal.it/societa/ATL--O-S-A--SARONNO-LIB-/VA119
8.78,8.78,e,CARRARA Matteo,2004,JM,BERGAMO STARS ATLETICA,4 fi- 1,Saronno,2023-01-29,https://www.fidal.it/atleta/CARRARA-Matteo/dqmRmJOmbWM%3D,https://www.fidal.it/societa/BERGAMO-STARS-ATLETICA/BG795
8.79,8.79,e,ARTUSO Amos,2004,JM,GRUPPO ATLETICO BASSANO 1948,5 ba- 1,Padova,2023-01-08,https://www.fidal.it/atleta/ARTUSO-Amos/eK6Rk5OgbGw%3D,https://www.fidal.it/societa/GRUPPO-ATLETICO-BASSANO-1948/VI614
8.79,8.79,e,ARTUSO Amos,2004,JM,GRUPPO ATLETICO BASSANO 1948,3 ba- 2,Padova,2023-01-21,https://www.fidal.it/atleta/ARTUSO-Amos/eK6Rk5OgbGw%3D,https://www.fidal.it/societa/GRUPPO-ATLETICO-BASSANO-1948/VI614
8.79,8.79,e,ENOTARPI Simone,2005,JM,ASD MAURINA OLIO CARLI,5 fi- 1,Parma,2023-01-21,https://www.fidal.it/atleta/ENOTARPI-Simone/daqRkpSmb2U%3D,https://www.fidal.it/societa/ASD-MAURINA-OLIO-CARLI/IM029
8.79,8.79,e,CARRARA Matteo,2004,JM,BERGAMO STARS ATLETICA,4 ba- 2,Saronno,2023-01-29,https://www.fidal.it/atleta/CARRARA-Matteo/dqmRmJOmbWM%3D,https://www.fidal.it/societa/BERGAMO-STARS-ATLETICA/BG795
8.79,8.79,e,BELLANOVA Emanuele francesco,2004,JM,ATLETICA VERCELLI 78,4 se- 1,Bergamo,2023-01-29,https://www.fidal.it/atleta/BELLANOVA-Emanuele-francesco/dKAAARlJOobWc%3D,https://www.fidal.it/societa/ATLETICA-VERCELLI-78/VC004
8.79,8.79,e,PANCALDI Emanuele,2004,JM,A.S.D. PONTEVECCHIO BOLOGNA,4 se- 1,Padova,2023-02-12,https://www.fidal.it/atleta/PANCALDI-Emanuele/eqmRkpWoamU%3D,https://www.fidal.it/societa/A-S-D--PONTEVECCHIO-BOLOGNA/BO506
8.8,8.80,e,TESI Lorenzo,2004,JM,ASD ATLETICA  PRATO,1 ba- 2,Modena,2023-01-28,https://www.fidal.it/atleta/TESI-Lorenzo/fbORkpOfaGc%3D,https://www.fidal.it/societa/ASD-ATLETICA-PRATO/PO149
8.8,8.80,e,TIRABOSCHI Cristiano,2004,JM,BERGAMO STARS ATLETICA,5 ba- 3,Ancona,2023-02-05,https://www.fidal.it/atleta/TIRABOSCHI-Cristiano/dqmRmJOha2Y%3D,https://www.fidal.it/societa/BERGAMO-STARS-ATLETICA/BG795
8.8,8.80,e,BOELLA Jacopo,2005,JM,MILANO ATLETICA,4 fi- 1,Bergamo,2023-02-12,https://www.fidal.it/atleta/BOELLA-Jacopo/dq2RmZOicWY%3D,https://www.fidal.it/societa/MILANO-ATLETICA/MI798
8.81,8.81,e,VICERE' Vincenzo,2004,JM,LIBERTAS AMATORI ATLETICA LEGG,1 su- 1,Napoli,2023-01-07,https://www.fidal.it/atleta/VICERE-Vincenzo/gKqRkpOjbmg%3D,https://www.fidal.it/societa/LIBERTAS-AMATORI-ATLETICA-LEGG/BN800
8.81,8.81,e,MARIANI Enrico,2005,JM,ATL. O.S.A. SARONNO LIB.,5 fi- 1,Saronno,2023-01-29,https://www.fidal.it/atleta/MARIANI-Enrico/drKRk5ajb2c%3D,https://www.fidal.it/societa/ATL--O-S-A--SARONNO-LIB-/VA119
8.81,8.81,e,CARRARA Matteo,2004,JM,BERGAMO STARS ATLETICA,3 ba- 1,Bergamo,2023-02-12,https://www.fidal.it/atleta/CARRARA-Matteo/dqmRmJOmbWM%3D,https://www.fidal.it/societa/BERGAMO-STARS-ATLETICA/BG795
8.81,8.81,e,NEGRO Antonio,1976,SM45,A.S.D. ATLETICA MASTER TRIESTE,1 su- 1,Ancona,2023-03-11,https://www.fidal.it/atleta/NEGRO-Antonio/haiRkpalbWU%3D,https://www.fidal.it/societa/A-S-D--ATLETICA-MASTER-TRIESTE/TS546
8.82,8.82,e,BOELLA Jacopo,2005,JM,MILANO ATLETICA,1 ba- 1,Bergamo,2023-01-15,https://www.fidal.it/atleta/BOELLA-Jacopo/dq2RmZOicWY%3D,https://www.fidal.it/societa/MILANO-ATLETICA/MI798
8.82,8.82,e,BAGGIO Mattia,2005,JM,ATL.VICENTINA,4 fi- 2,Padova,2023-01-21,https://www.fidal.it/atleta/BAGGIO-Mattia/eK6RkpejaWo%3D,https://www.fidal.it/societa/ATL-VICENTINA/VI626
8.82,8.82,e,FRANCINI Diego,2005,JM,TOSCANA ATLETICA JOLLY,1 ba- 1,Modena,2023-02-04,https://www.fidal.it/atleta/FRANCINI-Diego/faqRkpmmbWQ%3D,https://www.fidal.it/societa/TOSCANA-ATLETICA-JOLLY/FI018
8.83,8.83,e,TOMMASI Fabio,2005,JM,ATLETICA RIVIERA DEL BRENTA,4 ba- 2,Padova,2023-01-21,https://www.fidal.it/atleta/TOMMASI-Fabio/eK2Rk5Sga2Y%3D,https://www.fidal.it/societa/ATLETICA-RIVIERA-DEL-BRENTA/VE473
8.83,8.83,e,DI CRESCENZO Damiano,2004,JM,ATLETICA ARCOBALENO SAVONA,2 ba- 1,Bra,2023-01-28,https://www.fidal.it/atleta/DI-CRESCENZO-Damiano/dayRkpOgbGM%3D,https://www.fidal.it/societa/ATLETICA-ARCOBALENO-SAVONA/SV070
8.83,8.83,e,ARTUSO Amos,2004,JM,GRUPPO ATLETICO BASSANO 1948,6 ba- 2,Ancona,2023-02-05,https://www.fidal.it/atleta/ARTUSO-Amos/eK6Rk5OgbGw%3D,https://www.fidal.it/societa/GRUPPO-ATLETICO-BASSANO-1948/VI614
8.83,8.83,e,CARRARA Matteo,2004,JM,BERGAMO STARS ATLETICA,5 fi- 1,Bergamo,2023-02-12,https://www.fidal.it/atleta/CARRARA-Matteo/dqmRmJOmbWM%3D,https://www.fidal.it/societa/BERGAMO-STARS-ATLETICA/BG795
8.84,8.84,e,ARTUSO Amos,2004,JM,GRUPPO ATLETICO BASSANO 1948,2 fi- 2,Padova,2023-01-08,https://www.fidal.it/atleta/ARTUSO-Amos/eK6Rk5OgbGw%3D,https://www.fidal.it/societa/GRUPPO-ATLETICO-BASSANO-1948/VI614
8.84,8.84,e,DI TERLIZZI Pasquale,2005,JM,G.S. AVIS BARLETTA A.S.D.,6 fi- 1,Ancona,2023-01-14,https://www.fidal.it/atleta/DI-TERLIZZI-Pasquale/hKmRkpqmbGM%3D,https://www.fidal.it/societa/G-S--AVIS-BARLETTA-A-S-D-/BA754
8.84,8.84,e,BORTOLAZZI Luca,2004,JM,C.U.S. VERONA SEZ. ATLETICA,1 se- 2,Bergamo,2023-01-29,https://www.fidal.it/atleta/BORTOLAZZI-Luca/eKAAARkpuga2s%3D,https://www.fidal.it/societa/C-U-S--VERONA-SEZ--ATLETICA/VR825
8.84,8.84,e,TIRABOSCHI Cristiano,2004,JM,BERGAMO STARS ATLETICA,5 ba- 2,Saronno,2023-01-29,https://www.fidal.it/atleta/TIRABOSCHI-Cristiano/dqmRmJOha2Y%3D,https://www.fidal.it/societa/BERGAMO-STARS-ATLETICA/BG795
8.84,8.84,e,BORTOLAZZI Luca,2004,JM,C.U.S. VERONA SEZ. ATLETICA,5 se- 1,Padova,2023-02-12,https://www.fidal.it/atleta/BORTOLAZZI-Luca/eKAAARkpuga2s%3D,https://www.fidal.it/societa/C-U-S--VERONA-SEZ--ATLETICA/VR825
8.84,8.84,e,CITTERIO Paolo,1975,SM45,DAINI CARATE BRIANZA,1 se- 1,Torun,2023-03-30,https://www.fidal.it/atleta/CITTERIO-Paolo/dq2RkpOmcWs%3D,https://www.fidal.it/societa/DAINI-CARATE-BRIANZA/MI095
8.84,8.84,e,GHIDONI Enrico,2005,JM,S.G.LA PATRIA 1879 CARPI,3 ba- 1,Parma,2023-12-16,https://www.fidal.it/atleta/GHIDONI-Enrico/eqyRkpShbGw%3D,https://www.fidal.it/societa/S-G-LA-PATRIA-1879-CARPI/MO057
8.85,8.85,e,IBIDI Francesco moreno,2004,JM,SAFATLETICA PIEMONTE ASD,5 fi- 1,Saronno,2023-01-08,https://www.fidal.it/atleta/IBIDI-Francesco-moreno/dK6Rl5akbGg%3D,https://www.fidal.it/societa/SAFATLETICA-PIEMONTE-ASD/TO226
8.85,8.85,e,GILARDI Nicolo',2005,JM,ALA ATL. ABBIATEGRASSO,2 ba- 1,Saronno,2023-01-29,https://www.fidal.it/atleta/GILARDI-Nicolo-/dq2RlpWfbWM%3D,https://www.fidal.it/societa/ALA-ATL--ABBIATEGRASSO/MI242
8.85,8.85,e,TIRABOSCHI Cristiano,2004,JM,BERGAMO STARS ATLETICA,4 ba- 1,Bergamo,2023-02-12,https://www.fidal.it/atleta/TIRABOSCHI-Cristiano/dqmRmJOha2Y%3D,https://www.fidal.it/societa/BERGAMO-STARS-ATLETICA/BG795
8.86,8.86,e,ENOTARPI Simone,2005,JM,ASD MAURINA OLIO CARLI,2 fi- 1,Parma,2023-01-08,https://www.fidal.it/atleta/ENOTARPI-Simone/daqRkpSmb2U%3D,https://www.fidal.it/societa/ASD-MAURINA-OLIO-CARLI/IM029
8.86,8.86,e,TIRABOSCHI Cristiano,2004,JM,BERGAMO STARS ATLETICA,3 ba- 1,Bergamo,2023-01-08,https://www.fidal.it/atleta/TIRABOSCHI-Cristiano/dqmRmJOha2Y%3D,https://www.fidal.it/societa/BERGAMO-STARS-ATLETICA/BG795
8.86,8.86,e,GRILLO Manuel,2005,JM,CUS PRO PATRIA MILANO,3 ba- 2,Saronno,2023-01-08,https://www.fidal.it/atleta/GRILLO-Manuel/dq2Rlpagbms%3D,https://www.fidal.it/societa/CUS-PRO-PATRIA-MILANO/MI077
8.86,8.86,e,COPPARI Simone,2005,JM,ATL. AVIS MACERATA,3 fi- 1,Ancona,2023-01-28,https://www.fidal.it/atleta/COPPARI-Simone/e6uRkpWicWc%3D,https://www.fidal.it/societa/ATL--AVIS-MACERATA/MC004
8.86,8.86,e,ZULIANI Davide,2004,JM,SSD NISSOLINO SPORT SRL ASU,1 ba- 1,Rieti,2023-01-29,https://www.fidal.it/atleta/ZULIANI-Davide/f6qRkpWha2g%3D,https://www.fidal.it/societa/SSD-NISSOLINO-SPORT-SRL-ASU/RM363
8.86,8.86,e,CITTERIO Paolo,1975,SM45,DAINI CARATE BRIANZA,3 fi- 1,Torun,2023-03-31,https://www.fidal.it/atleta/CITTERIO-Paolo/dq2RkpOmcWs%3D,https://www.fidal.it/societa/DAINI-CARATE-BRIANZA/MI095
8.86,8.86,e,GHIDONI Enrico,2005,JM,S.G.LA PATRIA 1879 CARPI,3 fi- 1,Parma,2023-12-16,https://www.fidal.it/atleta/GHIDONI-Enrico/eqyRkpShbGw%3D,https://www.fidal.it/societa/S-G-LA-PATRIA-1879-CARPI/MO057
8.87,8.87,e,CARRARA Matteo,2004,JM,BERGAMO STARS ATLETICA,5 fi- 1,Bergamo,2023-01-08,https://www.fidal.it/atleta/CARRARA-Matteo/dqmRmJOmbWM%3D,https://www.fidal.it/societa/BERGAMO-STARS-ATLETICA/BG795
8.87,8.87,e,LOMBARDI Tommaso,2004,JM,SAFATLETICA PIEMONTE ASD,2 ba- 3,Parma,2023-01-21,https://www.fidal.it/atleta/LOMBARDI-Tommaso/dK6Rl5Shb2s%3D,https://www.fidal.it/societa/SAFATLETICA-PIEMONTE-ASD/TO226
8.87,8.87,e,FRANCINI Diego,2005,JM,TOSCANA ATLETICA JOLLY,1 fi- 1,Modena,2023-02-04,https://www.fidal.it/atleta/FRANCINI-Diego/faqRkpmmbWQ%3D,https://www.fidal.it/societa/TOSCANA-ATLETICA-JOLLY/FI018
8.88,8.88,e,DALMAZIO Leonardo,2005,JM,SSD NISSOLINO SPORT SRL ASU,7 fi- 1,Ancona,2023-01-14,https://www.fidal.it/atleta/DALMAZIO-Leonardo/f6qRkpWhbmQ%3D,https://www.fidal.it/societa/SSD-NISSOLINO-SPORT-SRL-ASU/RM363
8.88,8.88,e,SALIS Lorenzo,2004,JM,ATL.STUD. RIETI ANDREA MILARDI,1 fi- 1,Rieti,2023-01-22,https://www.fidal.it/atleta/SALIS-Lorenzo/f6yRlJekaWk%3D,https://www.fidal.it/societa/ATL-STUD--RIETI-ANDREA-MILARDI/RI223
8.88,8.88,e,MATTOLINI Francesco,2005,JM,ATLETICA LIVORNO,2 ba- 2,Padova,2023-01-28,https://www.fidal.it/atleta/MATTOLINI-Francesco/fayRkpiia2M%3D,https://www.fidal.it/societa/ATLETICA-LIVORNO/LI036
8.88,8.88,e,CINCO Luca,2004,JM,ATL. O.S.A. SARONNO LIB.,5 se- 1,Bergamo,2023-01-29,https://www.fidal.it/atleta/CINCO-Luca/drKRkpqgamw%3D,https://www.fidal.it/societa/ATL--O-S-A--SARONNO-LIB-/VA119
8.88,8.88,e,ZULIANI Davide,2004,JM,SSD NISSOLINO SPORT SRL ASU,5 se- 2,Padova,2023-03-12,https://www.fidal.it/atleta/ZULIANI-Davide/f6qRkpWha2g%3D,https://www.fidal.it/societa/SSD-NISSOLINO-SPORT-SRL-ASU/RM363
8.89,8.89,e,ENOTARPI Simone,2005,JM,ASD MAURINA OLIO CARLI,3 ba- 1,Parma,2023-01-08,https://www.fidal.it/atleta/ENOTARPI-Simone/daqRkpSmb2U%3D,https://www.fidal.it/societa/ASD-MAURINA-OLIO-CARLI/IM029
8.89,8.89,e,CARRARA Matteo,2004,JM,BERGAMO STARS ATLETICA,3 ba- 2,Bergamo,2023-01-08,https://www.fidal.it/atleta/CARRARA-Matteo/dqmRmJOmbWM%3D,https://www.fidal.it/societa/BERGAMO-STARS-ATLETICA/BG795
8.89,8.89,e,CARRARA Matteo,2004,JM,BERGAMO STARS ATLETICA,1 fi- 2,Bergamo,2023-01-15,https://www.fidal.it/atleta/CARRARA-Matteo/dqmRmJOmbWM%3D,https://www.fidal.it/societa/BERGAMO-STARS-ATLETICA/BG795
8.89,8.89,e,BORTOLAZZI Luca,2004,JM,C.U.S. VERONA SEZ. ATLETICA,6 se- 2,Padova,2023-03-12,https://www.fidal.it/atleta/BORTOLAZZI-Luca/eKAAARkpuga2s%3D,https://www.fidal.it/societa/C-U-S--VERONA-SEZ--ATLETICA/VR825
8.9,8.90,e,ARTUSO Amos,2004,JM,GRUPPO ATLETICO BASSANO 1948,5 fi- 1,Modena,2023-01-14,https://www.fidal.it/atleta/ARTUSO-Amos/eK6Rk5OgbGw%3D,https://www.fidal.it/societa/GRUPPO-ATLETICO-BASSANO-1948/VI614
8.9,8.90,e,SALIS Lorenzo,2004,JM,ATL.STUD. RIETI ANDREA MILARDI,3 fi- 1,Rieti,2023-01-29,https://www.fidal.it/atleta/SALIS-Lorenzo/f6yRlJekaWk%3D,https://www.fidal.it/societa/ATL-STUD--RIETI-ANDREA-MILARDI/RI223
8.92,8.92,e,ARCILASCO Flavio guido,2004,JM,SAFATLETICA PIEMONTE ASD,1 ba- 1,Saronno,2023-01-08,https://www.fidal.it/atleta/ARCILASCO-Flavio-guido/dK6Rl5KjaWc%3D,https://www.fidal.it/societa/SAFATLETICA-PIEMONTE-ASD/TO226
8.92,8.92,e,REBESCO Luca,2004,JM,ATLETICA ALBORE MARTELLAGO,3 ba- 2,Padova,2023-01-08,https://www.fidal.it/atleta/REBESCO-Luca/eK2Rkpiia2M%3D,https://www.fidal.it/societa/ATLETICA-ALBORE-MARTELLAGO/VE532
8.92,8.92,e,ARTUSO Amos,2004,JM,GRUPPO ATLETICO BASSANO 1948,3 ba- 1,Modena,2023-01-14,https://www.fidal.it/atleta/ARTUSO-Amos/eK6Rk5OgbGw%3D,https://www.fidal.it/societa/GRUPPO-ATLETICO-BASSANO-1948/VI614
8.92,8.92,e,NEGRO Antonio,1976,SM45,A.S.D. ATLETICA MASTER TRIESTE,4 fi- 1,Torun,2023-03-31,https://www.fidal.it/atleta/NEGRO-Antonio/haiRkpalbWU%3D,https://www.fidal.it/societa/A-S-D--ATLETICA-MASTER-TRIESTE/TS546
8.93,8.93,e,RUGGIERO Gennaro luca,2005,JM,RUNNING CLUB NAPOLI,2 su- 1,Napoli,2023-01-14,https://www.fidal.it/atleta/RUGGIERO-Gennaro-luca/gK2RkpWjams%3D,https://www.fidal.it/societa/RUNNING-CLUB-NAPOLI/NA965
8.93,8.93,e,SALIS Lorenzo,2004,JM,ATL.STUD. RIETI ANDREA MILARDI,2 ba- 1,Rieti,2023-01-29,https://www.fidal.it/atleta/SALIS-Lorenzo/f6yRlJekaWk%3D,https://www.fidal.it/societa/ATL-STUD--RIETI-ANDREA-MILARDI/RI223
8.93,8.93,e,FOSCHINI Federico,1988,SM35,EDERA ATL. FORLI,1 se- 1,Padova,2023-03-04,https://www.fidal.it/atleta/FOSCHINI-Federico/eqiRlJuoa2c%3D,https://www.fidal.it/societa/EDERA-ATL--FORLI/FC038
8.93,8.93,e,NEGRO Antonio,1976,SM45,A.S.D. ATLETICA MASTER TRIESTE,2 sf- 2,Torun,2023-03-31,https://www.fidal.it/atleta/NEGRO-Antonio/haiRkpalbWU%3D,https://www.fidal.it/societa/A-S-D--ATLETICA-MASTER-TRIESTE/TS546
8.94,8.94,e,CANDIOTTO Pietro,2005,JM,G.S. FIAMME ORO PADOVA,2 fi- 2,Padova,2023-01-28,https://www.fidal.it/atleta/CANDIOTTO-Pietro/eKqRkpqia2s%3D,https://www.fidal.it/societa/G-S--FIAMME-ORO-PADOVA/PD131
8.95,8.95,e,CAPUTO Donato,2005,JM,ASD ARCA ATL.AVERSA A.AVERSANO,3 su- 1,Napoli,2023-01-14,https://www.fidal.it/atleta/CAPUTO-Donato/gKuRkpOkcWY%3D,https://www.fidal.it/societa/ASD-ARCA-ATL-AVERSA-A-AVERSANO/CE033
8.95,8.95,e,LOMBARDI Tommaso,2004,JM,SAFATLETICA PIEMONTE ASD,1 ba- 2,Bra,2023-01-28,https://www.fidal.it/atleta/LOMBARDI-Tommaso/dK6Rl5Shb2s%3D,https://www.fidal.it/societa/SAFATLETICA-PIEMONTE-ASD/TO226
8.97,8.97,e,RUGGIERO Gennaro luca,2005,JM,RUNNING CLUB NAPOLI,2 su- 1,Napoli,2023-01-07,https://www.fidal.it/atleta/RUGGIERO-Gennaro-luca/gK2RkpWjams%3D,https://www.fidal.it/societa/RUNNING-CLUB-NAPOLI/NA965
8.97,8.97,e,CANDILIO Davis,2005,JM,SSD NISSOLINO SPORT SRL ASU,1 se- 2,Ancona,2023-01-15,https://www.fidal.it/atleta/CANDILIO-Davis/f6qRkpehcGU%3D,https://www.fidal.it/societa/SSD-NISSOLINO-SPORT-SRL-ASU/RM363
8.97,8.97,e,REBESCO Luca,2004,JM,ATLETICA ALBORE MARTELLAGO,6 ba- 1,Padova,2023-01-28,https://www.fidal.it/atleta/REBESCO-Luca/eK2Rkpiia2M%3D,https://www.fidal.it/societa/ATLETICA-ALBORE-MARTELLAGO/VE532
8.97,8.97,e,BOELLA Jacopo,2005,JM,MILANO ATLETICA,5 ba- 1,Bergamo,2023-02-12,https://www.fidal.it/atleta/BOELLA-Jacopo/dq2RmZOicWY%3D,https://www.fidal.it/societa/MILANO-ATLETICA/MI798
8.98,8.98,e,TESTA Nicola,2005,JM,ATL.VICENTINA,4 ba- 2,Padova,2023-01-08,https://www.fidal.it/atleta/TESTA-Nicola/eK6Rk5Oka2M%3D,https://www.fidal.it/societa/ATL-VICENTINA/VI626
8.98,8.98,e,SALIS Lorenzo,2004,JM,ATL.STUD. RIETI ANDREA MILARDI,2 se- 1,Ancona,2023-01-15,https://www.fidal.it/atleta/SALIS-Lorenzo/f6yRlJekaWk%3D,https://www.fidal.it/societa/ATL-STUD--RIETI-ANDREA-MILARDI/RI223
8.98,8.98,e,PANCALDI Emanuele,2004,JM,A.S.D. PONTEVECCHIO BOLOGNA,4 ba- 1,Parma,2023-01-21,https://www.fidal.it/atleta/PANCALDI-Emanuele/eqmRkpWoamU%3D,https://www.fidal.it/societa/A-S-D--PONTEVECCHIO-BOLOGNA/BO506
8.98,8.98,e,TORRINI Jacopo,2005,JM,ATL.LIBERTAS UNICUSANO LIVORNO,4 fi- 1,Modena,2023-01-28,https://www.fidal.it/atleta/TORRINI-Jacopo/fayRkpekcGM%3D,https://www.fidal.it/societa/ATL-LIBERTAS-UNICUSANO-LIVORNO/LI035
8.99,8.99,e,BELLANOVA Emanuele francesco,2004,JM,ATLETICA VERCELLI 78,4 ba- 2,Saronno,2023-01-08,https://www.fidal.it/atleta/BELLANOVA-Emanuele-francesco/dKAAARlJOobWc%3D,https://www.fidal.it/societa/ATLETICA-VERCELLI-78/VC004
9.0,9.00,e,CITTERIO Paolo,1975,SM45,DAINI CARATE BRIANZA,1 su- 1,Ancona,2023-03-10,https://www.fidal.it/atleta/CITTERIO-Paolo/dq2RkpOmcWs%3D,https://www.fidal.it/societa/DAINI-CARATE-BRIANZA/MI095
9.01,9.01,e,DALMAZIO Leonardo,2005,JM,SSD NISSOLINO SPORT SRL ASU,3 ba- 2,Ancona,2023-01-14,https://www.fidal.it/atleta/DALMAZIO-Leonardo/f6qRkpWhbmQ%3D,https://www.fidal.it/societa/SSD-NISSOLINO-SPORT-SRL-ASU/RM363
9.05,9.05,e,TESTA Nicola,2005,JM,ATL.VICENTINA,3 fi- 2,Padova,2023-01-08,https://www.fidal.it/atleta/TESTA-Nicola/eK6Rk5Oka2M%3D,https://www.fidal.it/societa/ATL-VICENTINA/VI626
9.05,9.05,e,BORTOLAZZI Luca,2004,JM,C.U.S. VERONA SEZ. ATLETICA,2 ba- 2,Parma,2023-01-21,https://www.fidal.it/atleta/BORTOLAZZI-Luca/eKAAARkpuga2s%3D,https://www.fidal.it/societa/C-U-S--VERONA-SEZ--ATLETICA/VR825
9.05,9.05,e,SALIS Lorenzo,2004,JM,ATL.STUD. RIETI ANDREA MILARDI,1 ba- 1,Rieti,2023-01-22,https://www.fidal.it/atleta/SALIS-Lorenzo/f6yRlJekaWk%3D,https://www.fidal.it/societa/ATL-STUD--RIETI-ANDREA-MILARDI/RI223
9.05,9.05,e,CANDIOTTO Pietro,2005,JM,G.S. FIAMME ORO PADOVA,3 ba- 2,Padova,2023-01-28,https://www.fidal.it/atleta/CANDIOTTO-Pietro/eKqRkpqia2s%3D,https://www.fidal.it/societa/G-S--FIAMME-ORO-PADOVA/PD131
9.06,9.06,e,COPPARI Simone,2005,JM,ATL. AVIS MACERATA,2 ba- 1,Ancona,2023-01-07,https://www.fidal.it/atleta/COPPARI-Simone/e6uRkpWicWc%3D,https://www.fidal.it/societa/ATL--AVIS-MACERATA/MC004
9.06,9.06,e,MONFRINI Francesco,2005,JM,ASD NUOVA VIRTUS CREMA,1 se- 2,Padova,2023-02-12,https://www.fidal.it/atleta/MONFRINI-Francesco/dqyRlpqmbmw%3D,https://www.fidal.it/societa/ASD-NUOVA-VIRTUS-CREMA/CR810
9.06,9.06,e,CITTERIO Paolo,1975,SM45,DAINI CARATE BRIANZA,2 sf- 1,Torun,2023-03-31,https://www.fidal.it/atleta/CITTERIO-Paolo/dq2RkpOmcWs%3D,https://www.fidal.it/societa/DAINI-CARATE-BRIANZA/MI095
9.07,9.07,e,FRANCINI Diego,2005,JM,TOSCANA ATLETICA JOLLY,3 ba- 2,Modena,2023-01-14,https://www.fidal.it/atleta/FRANCINI-Diego/faqRkpmmbWQ%3D,https://www.fidal.it/societa/TOSCANA-ATLETICA-JOLLY/FI018
9.07,9.07,e,ENOTARPI Simone,2005,JM,ASD MAURINA OLIO CARLI,4 ba- 1,Modena,2023-01-14,https://www.fidal.it/atleta/ENOTARPI-Simone/daqRkpSmb2U%3D,https://www.fidal.it/societa/ASD-MAURINA-OLIO-CARLI/IM029
9.07,9.07,e,ARCILASCO Flavio guido,2004,JM,SAFATLETICA PIEMONTE ASD,5 ba- 1,Parma,2023-01-21,https://www.fidal.it/atleta/ARCILASCO-Flavio-guido/dK6Rl5KjaWc%3D,https://www.fidal.it/societa/SAFATLETICA-PIEMONTE-ASD/TO226
9.07,9.07,e,TORRINI Jacopo,2005,JM,ATL.LIBERTAS UNICUSANO LIVORNO,2 ba- 2,Modena,2023-01-28,https://www.fidal.it/atleta/TORRINI-Jacopo/fayRkpekcGM%3D,https://www.fidal.it/societa/ATL-LIBERTAS-UNICUSANO-LIVORNO/LI035
9.07,9.07,e,FRANCINI Diego,2005,JM,TOSCANA ATLETICA JOLLY,3 ba- 2,Modena,2023-01-28,https://www.fidal.it/atleta/FRANCINI-Diego/faqRkpmmbWQ%3D,https://www.fidal.it/societa/TOSCANA-ATLETICA-JOLLY/FI018
9.07,9.07,e,ZOZZI Giacomo,2004,JM,EDERA ATL. FORLI,5 fi- 1,Modena,2023-01-28,https://www.fidal.it/atleta/ZOZZI-Giacomo/equRkpWfbmw%3D,https://www.fidal.it/societa/EDERA-ATL--FORLI/FC038
9.07,9.07,e,FALUGIANI Niccolo',2004,JM,PROSPORT ATL. FIRENZE,1 fi- 1,Firenze,2023-02-11,https://www.fidal.it/atleta/FALUGIANI-Niccolo-/faqRkpqob2U%3D,https://www.fidal.it/societa/PROSPORT-ATL--FIRENZE/FI009
9.08,9.08,e,SOLINAS Mario,2005,JM,A.S.D. ICHNOS SASSARI,1 su- 1,Iglesias,2023-01-29,https://www.fidal.it/atleta/SOLINAS-Mario/iKyRkpmlcWU%3D,https://www.fidal.it/societa/A-S-D--ICHNOS-SASSARI/SS220
9.09,9.09,e,ZULIANI Davide,2004,JM,SSD NISSOLINO SPORT SRL ASU,3 ba- 1,Rieti,2023-01-08,https://www.fidal.it/atleta/ZULIANI-Davide/f6qRkpWha2g%3D,https://www.fidal.it/societa/SSD-NISSOLINO-SPORT-SRL-ASU/RM363
9.09,9.09,e,MARCATO Lorenzo,2004,JM,ATLETICA LIB. S.A.N.P.,4 fi- 2,Padova,2023-01-08,https://www.fidal.it/atleta/MARCATO-Lorenzo/eKqRkpiocGg%3D,https://www.fidal.it/societa/ATLETICA-LIB--S-A-N-P-/PD146
9.09,9.09,e,STREMIZ Taras,1979,SM40,ATL.LONGARONE SINTECO,1 se- 1,Padova,2023-03-04,https://www.fidal.it/atleta/STREMIZ-Taras/eKiRk5iicWU%3D,https://www.fidal.it/societa/ATL-LONGARONE-SINTECO/BL001
9.1,9.10,e,ZOZZI Giacomo,2004,JM,EDERA ATL. FORLI,4 ba- 2,Modena,2023-01-28,https://www.fidal.it/atleta/ZOZZI-Giacomo/equRkpWfbmw%3D,https://www.fidal.it/societa/EDERA-ATL--FORLI/FC038
9.11,9.11,e,MARCATO Lorenzo,2004,JM,ATLETICA LIB. S.A.N.P.,3 fi- 2,Padova,2023-01-28,https://www.fidal.it/atleta/MARCATO-Lorenzo/eKqRkpiocGg%3D,https://www.fidal.it/societa/ATLETICA-LIB--S-A-N-P-/PD146
9.11,9.11,e,ERBA Gabriele angelo,2004,JM,PRO SESTO ATL. CERNUSCO,2 se- 2,Bergamo,2023-01-29,https://www.fidal.it/atleta/ERBA-Gabriele-angelo/dq2Rl5WkcGY%3D,https://www.fidal.it/societa/PRO-SESTO-ATL--CERNUSCO/MI089
9.11,9.11,e,GHIDONI Enrico,2005,JM,S.G.LA PATRIA 1879 CARPI,2 ba- 1,Modena,2023-02-04,https://www.fidal.it/atleta/GHIDONI-Enrico/eqyRkpShbGw%3D,https://www.fidal.it/societa/S-G-LA-PATRIA-1879-CARPI/MO057
9.11,9.11,e,GHIDONI Enrico,2005,JM,S.G.LA PATRIA 1879 CARPI,2 fi- 1,Modena,2023-02-04,https://www.fidal.it/atleta/GHIDONI-Enrico/eqyRkpShbGw%3D,https://www.fidal.it/societa/S-G-LA-PATRIA-1879-CARPI/MO057
9.11,9.11,e,STREMIZ Taras,1979,SM40,ATL.LONGARONE SINTECO,1 su- 1,Ancona,2023-03-11,https://www.fidal.it/atleta/STREMIZ-Taras/eKiRk5iicWU%3D,https://www.fidal.it/societa/ATL-LONGARONE-SINTECO/BL001
9.12,9.12,e,COPPARI Simone,2005,JM,ATL. AVIS MACERATA,2 fi- 1,Ancona,2023-01-07,https://www.fidal.it/atleta/COPPARI-Simone/e6uRkpWicWc%3D,https://www.fidal.it/societa/ATL--AVIS-MACERATA/MC004
9.13,9.13,e,SALIS Lorenzo,2004,JM,ATL.STUD. RIETI ANDREA MILARDI,4 ba- 1,Rieti,2023-01-08,https://www.fidal.it/atleta/SALIS-Lorenzo/f6yRlJekaWk%3D,https://www.fidal.it/societa/ATL-STUD--RIETI-ANDREA-MILARDI/RI223
9.13,9.13,e,EBERHART Claudius,2005,JM,C.U.S. VERONA SEZ. ATLETICA,6 se- 1,Padova,2023-02-12,https://www.fidal.it/atleta/EBERHART-Claudius/eKAAARk5ajaGg%3D,https://www.fidal.it/societa/C-U-S--VERONA-SEZ--ATLETICA/VR825
9.14,9.14,e,CORDERA Lorenzo,2004,JM,A.S. ATL. STRAMBINO,1 se- 3,Padova,2023-03-12,https://www.fidal.it/atleta/CORDERA-Lorenzo/dK6RlpWna2Q%3D,https://www.fidal.it/societa/A-S--ATL--STRAMBINO/TO177
9.16,9.16,e,MONNI Emanuele,2005,JM,ATLETICA IL COLLE ASD,2 se- 2,Ancona,2023-01-15,https://www.fidal.it/atleta/MONNI-Emanuele/fqmRkpWmamw%3D,https://www.fidal.it/societa/ATLETICA-IL-COLLE-ASD/PG079
9.16,9.16,e,FEDI Federico,1980,SM40,ATLETICA GROSSETO BANCA TEMA,2 su- 1,Ancona,2023-03-11,https://www.fidal.it/atleta/FEDI-Federico/fauRkpOlaWw%3D,https://www.fidal.it/societa/ATLETICA-GROSSETO-BANCA-TEMA/GR065
9.16,9.16,e,SCOTTO Manaseb,2005,JM,ATLETICA LIVORNO,3 se- 3,Padova,2023-03-12,https://www.fidal.it/atleta/SCOTTO-Manaseb/fayRkpSobmY%3D,https://www.fidal.it/societa/ATLETICA-LIVORNO/LI036
9.17,9.17,e,EBERHART Claudius,2005,JM,C.U.S. VERONA SEZ. ATLETICA,5 fi- 2,Padova,2023-01-21,https://www.fidal.it/atleta/EBERHART-Claudius/eKAAARk5ajaGg%3D,https://www.fidal.it/societa/C-U-S--VERONA-SEZ--ATLETICA/VR825
9.17,9.17,e,VIGNOZZI Pietro,2004,JM,TOSCANA ATLETICA JOLLY,3 su- 1,Firenze,2023-02-26,https://www.fidal.it/atleta/VIGNOZZI-Pietro/faqRkpqiams%3D,https://www.fidal.it/societa/TOSCANA-ATLETICA-JOLLY/FI018
9.18,9.18,e,MARCATO Lorenzo,2004,JM,ATLETICA LIB. S.A.N.P.,5 ba- 2,Padova,2023-01-21,https://www.fidal.it/atleta/MARCATO-Lorenzo/eKqRkpiocGg%3D,https://www.fidal.it/societa/ATLETICA-LIB--S-A-N-P-/PD146
9.18,9.18,e,MARCATO Lorenzo,2004,JM,ATLETICA LIB. S.A.N.P.,4 ba- 2,Padova,2023-01-28,https://www.fidal.it/atleta/MARCATO-Lorenzo/eKqRkpiocGg%3D,https://www.fidal.it/societa/ATLETICA-LIB--S-A-N-P-/PD146
9.19,9.19,e,ZOZZI Giacomo,2004,JM,EDERA ATL. FORLI,3 ba- 2,Parma,2023-01-21,https://www.fidal.it/atleta/ZOZZI-Giacomo/equRkpWfbmw%3D,https://www.fidal.it/societa/EDERA-ATL--FORLI/FC038
9.19,9.19,e,MONFRINI Francesco,2005,JM,ASD NUOVA VIRTUS CREMA,1 fi- 1,Bergamo,2023-02-05,https://www.fidal.it/atleta/MONFRINI-Francesco/dqyRlpqmbmw%3D,https://www.fidal.it/societa/ASD-NUOVA-VIRTUS-CREMA/CR810
9.19,9.19,e,MARTELLI Federico,2005,JM,ATL.LIBERTAS UNICUSANO LIVORNO,4 su- 1,Firenze,2023-02-26,https://www.fidal.it/atleta/MARTELLI-Federico/fayRkpSnaGM%3D,https://www.fidal.it/societa/ATL-LIBERTAS-UNICUSANO-LIVORNO/LI035
9.19,9.19,e,ZAPPARATA Giuseppe,1983,SM40,ATHLETICA VATICANA A.S.D.,3 su- 1,Ancona,2023-03-11,https://www.fidal.it/atleta/ZAPPARATA-Giuseppe/h6iRk5mncGc%3D,https://www.fidal.it/societa/ATHLETICA-VATICANA-A-S-D-/RM390
9.2,9.20,e,SALIS Lorenzo,2004,JM,ATL.STUD. RIETI ANDREA MILARDI,3 fi- 1,Rieti,2023-01-08,https://www.fidal.it/atleta/SALIS-Lorenzo/f6yRlJekaWk%3D,https://www.fidal.it/societa/ATL-STUD--RIETI-ANDREA-MILARDI/RI223
9.2,9.20,e,MANERA Riccardo,2005,JM,SISPORT SSD,2 ba- 2,Bra,2023-01-28,https://www.fidal.it/atleta/MANERA-Riccardo/dK6Rl5eocWs%3D,https://www.fidal.it/societa/SISPORT-SSD/TO002
9.21,9.21,e,MARCHESE Gabriele,2004,JM,BRIXIA ATLETICA 2014 SSD SRL,4 fi- 2,Padova,2023-01-28,https://www.fidal.it/atleta/MARCHESE-Gabriele/dqqRmJWmamM%3D,https://www.fidal.it/societa/BRIXIA-ATLETICA-2014-SSD-SRL/BS786
9.22,9.22,e,MARCATO Lorenzo,2004,JM,ATLETICA LIB. S.A.N.P.,6 ba- 1,Padova,2023-01-08,https://www.fidal.it/atleta/MARCATO-Lorenzo/eKqRkpiocGg%3D,https://www.fidal.it/societa/ATLETICA-LIB--S-A-N-P-/PD146
9.22,9.22,e,SCOTTO Manaseb,2005,JM,ATLETICA LIVORNO,5 su- 1,Firenze,2023-02-26,https://www.fidal.it/atleta/SCOTTO-Manaseb/fayRkpSobmY%3D,https://www.fidal.it/societa/ATLETICA-LIVORNO/LI036
9.22,9.22,e,CITTERIO Paolo,1975,SM45,DAINI CARATE BRIANZA,2 su- 1,Ancona,2023-03-11,https://www.fidal.it/atleta/CITTERIO-Paolo/dq2RkpOmcWs%3D,https://www.fidal.it/societa/DAINI-CARATE-BRIANZA/MI095
9.22,9.22,e,CINCO Luca,2004,JM,ATL. O.S.A. SARONNO LIB.,7 se- 2,Padova,2023-03-12,https://www.fidal.it/atleta/CINCO-Luca/drKRkpqgamw%3D,https://www.fidal.it/societa/ATL--O-S-A--SARONNO-LIB-/VA119
9.22,9.22,e,LAURETANI Fabrizio,1979,SM40,A.S.D EDUCARE CON IL MOVIMENTO,6 fi- 1,Torun,2023-03-31,https://www.fidal.it/atleta/LAURETANI-Fabrizio/fqiRkpOhcGY%3D,https://www.fidal.it/societa/A-S-D-EDUCARE-CON-IL-MOVIMENTO/PG089
9.24,9.24,e,ZOZZI Giacomo,2004,JM,EDERA ATL. FORLI,3 se- 2,Ancona,2023-01-15,https://www.fidal.it/atleta/ZOZZI-Giacomo/equRkpWfbmw%3D,https://www.fidal.it/societa/EDERA-ATL--FORLI/FC038
9.24,9.24,e,FALUGIANI Niccolo',2004,JM,PROSPORT ATL. FIRENZE,1 ba- 1,Firenze,2023-02-11,https://www.fidal.it/atleta/FALUGIANI-Niccolo-/faqRkpqob2U%3D,https://www.fidal.it/societa/PROSPORT-ATL--FIRENZE/FI009
9.26,9.26,e,GHIDONI Enrico,2005,JM,S.G.LA PATRIA 1879 CARPI,3 ba- 1,Modena,2023-01-28,https://www.fidal.it/atleta/GHIDONI-Enrico/eqyRkpShbGw%3D,https://www.fidal.it/societa/S-G-LA-PATRIA-1879-CARPI/MO057
9.26,9.26,e,CINCINELLI Riccardo,2005,JM,ATLETICA FIRENZE MARATHON S.S.,4 fi- 1,Ancona,2023-01-28,https://www.fidal.it/atleta/CINCINELLI-Riccardo/famRkpSla2g%3D,https://www.fidal.it/societa/ATLETICA-FIRENZE-MARATHON-S-S-/FI002
9.27,9.27,e,GHIDONI Enrico,2005,JM,S.G.LA PATRIA 1879 CARPI,4 ba- 2,Ancona,2023-01-14,https://www.fidal.it/atleta/GHIDONI-Enrico/eqyRkpShbGw%3D,https://www.fidal.it/societa/S-G-LA-PATRIA-1879-CARPI/MO057
9.27,9.27,e,MARCONE Andrea,2004,JM,A.S.D. C.U.S. NAPOLI,4 su- 1,Napoli,2023-01-14,https://www.fidal.it/atleta/MARCONE-Andrea/gKyRkpSmaGM%3D,https://www.fidal.it/societa/A-S-D--C-U-S--NAPOLI/NA061
9.27,9.27,e,MARCHESE Gabriele,2004,JM,BRIXIA ATLETICA 2014 SSD SRL,2 ba- 1,Casalmaggiore,2023-01-15,https://www.fidal.it/atleta/MARCHESE-Gabriele/dqqRmJWmamM%3D,https://www.fidal.it/societa/BRIXIA-ATLETICA-2014-SSD-SRL/BS786
9.27,9.27,e,MARCHESE Gabriele,2004,JM,BRIXIA ATLETICA 2014 SSD SRL,5 ba- 2,Padova,2023-01-28,https://www.fidal.it/atleta/MARCHESE-Gabriele/dqqRmJWmamM%3D,https://www.fidal.it/societa/BRIXIA-ATLETICA-2014-SSD-SRL/BS786
9.27,9.27,e,SONGA Marco,2004,JM,ATL. RICCARDI MILANO 1946,3 fi- 2,Saronno,2023-01-29,https://www.fidal.it/atleta/SONGA-Marco/dq2RmZmoa2M%3D,https://www.fidal.it/societa/ATL--RICCARDI-MILANO-1946/MI080
9.27,9.27,e,ZITO Cristian,2005,JM,ASD NISSOLINO INTESATLETICA,4 fi- 1,Rieti,2023-01-29,https://www.fidal.it/atleta/ZITO-Cristian/f6qRkpegbWk%3D,https://www.fidal.it/societa/ASD-NISSOLINO-INTESATLETICA/LT260
9.27,9.27,e,BORTOLUZZI Andrea,2005,JM,ATL-ETICA SAN VENDEMIANO,4 se- 3,Padova,2023-03-12,https://www.fidal.it/atleta/BORTOLUZZI-Andrea/eKyRk5KfbmY%3D,https://www.fidal.it/societa/ATL-ETICA-SAN-VENDEMIANO/TV406
9.29,9.29,e,ORTELLI Mario,1980,SM40,A.S PODISTICA TARAS,4 su- 1,Ancona,2023-03-11,https://www.fidal.it/atleta/ORTELLI-Mario/hKiRkpWoa2Y%3D,https://www.fidal.it/societa/A-S-PODISTICA-TARAS/TA408
9.3,9.30,e,BORTOLUZZI Andrea,2005,JM,ATL-ETICA SAN VENDEMIANO,5 fi- 2,Padova,2023-01-08,https://www.fidal.it/atleta/BORTOLUZZI-Andrea/eKyRk5KfbmY%3D,https://www.fidal.it/societa/ATL-ETICA-SAN-VENDEMIANO/TV406
9.31,9.31,e,MONFRINI Francesco,2005,JM,ASD NUOVA VIRTUS CREMA,1 ba- 1,Bergamo,2023-02-05,https://www.fidal.it/atleta/MONFRINI-Francesco/dqyRlpqmbmw%3D,https://www.fidal.it/societa/ASD-NUOVA-VIRTUS-CREMA/CR810
9.32,9.32,e,COPPARI Simone,2005,JM,ATL. AVIS MACERATA,5 ba- 1,Ancona,2023-01-28,https://www.fidal.it/atleta/COPPARI-Simone/e6uRkpWicWc%3D,https://www.fidal.it/societa/ATL--AVIS-MACERATA/MC004
9.32,9.32,e,SONGA Marco,2004,JM,ATL. RICCARDI MILANO 1946,3 ba- 1,Saronno,2023-01-29,https://www.fidal.it/atleta/SONGA-Marco/dq2RmZmoa2M%3D,https://www.fidal.it/societa/ATL--RICCARDI-MILANO-1946/MI080
9.33,9.33,e,RUGGIERO Gennaro luca,2005,JM,RUNNING CLUB NAPOLI,2 su- 1,Napoli,2023-01-07,https://www.fidal.it/atleta/RUGGIERO-Gennaro-luca/gK2RkpWjams%3D,https://www.fidal.it/societa/RUNNING-CLUB-NAPOLI/NA965
9.33,9.33,e,BORTOLUZZI Andrea,2005,JM,ATL-ETICA SAN VENDEMIANO,2 se- 2,Padova,2023-02-12,https://www.fidal.it/atleta/BORTOLUZZI-Andrea/eKyRk5KfbmY%3D,https://www.fidal.it/societa/ATL-ETICA-SAN-VENDEMIANO/TV406
9.35,9.35,e,BELVISI Andrea,2005,JM,SSD NISSOLINO SPORT SRL ASU,5 se- 3,Padova,2023-03-12,https://www.fidal.it/atleta/BELVISI-Andrea/f6qRkpaicWc%3D,https://www.fidal.it/societa/SSD-NISSOLINO-SPORT-SRL-ASU/RM363
9.37,9.37,e,BELVISI Andrea,2005,JM,SSD NISSOLINO SPORT SRL ASU,1 su- 1,Rieti,2023-01-29,https://www.fidal.it/atleta/BELVISI-Andrea/f6qRkpaicWc%3D,https://www.fidal.it/societa/SSD-NISSOLINO-SPORT-SRL-ASU/RM363
9.37,9.37,e,MONFRINI Francesco,2005,JM,ASD NUOVA VIRTUS CREMA,3 se- 2,Bergamo,2023-01-29,https://www.fidal.it/atleta/MONFRINI-Francesco/dqyRlpqmbmw%3D,https://www.fidal.it/societa/ASD-NUOVA-VIRTUS-CREMA/CR810
9.37,9.37,e,ZANZI Filippo,2005,JM,VARESE ATLETICA A.S.D.,4 ba- 1,Saronno,2023-01-29,https://www.fidal.it/atleta/ZANZI-Filippo/drKRk5alaWc%3D,https://www.fidal.it/societa/VARESE-ATLETICA-A-S-D-/VA918
9.4,9.40,e,SONGA Marco,2004,JM,ATL. RICCARDI MILANO 1946,3 ba- 1,Casalmaggiore,2023-01-15,https://www.fidal.it/atleta/SONGA-Marco/dq2RmZmoa2M%3D,https://www.fidal.it/societa/ATL--RICCARDI-MILANO-1946/MI080
9.4,9.40,e,ZANZI Filippo,2005,JM,VARESE ATLETICA A.S.D.,4 fi- 2,Saronno,2023-01-29,https://www.fidal.it/atleta/ZANZI-Filippo/drKRk5alaWc%3D,https://www.fidal.it/societa/VARESE-ATLETICA-A-S-D-/VA918
9.41,9.41,e,SOLINAS Mario,2005,JM,A.S.D. ICHNOS SASSARI,1 ba- 1,Iglesias,2023-01-15,https://www.fidal.it/atleta/SOLINAS-Mario/iKyRkpmlcWU%3D,https://www.fidal.it/societa/A-S-D--ICHNOS-SASSARI/SS220
9.42,9.42,e,FERRINI Giulio,2004,JM,UISP ATLETICA SIENA,5 fi- 1,Ancona,2023-01-28,https://www.fidal.it/atleta/FERRINI-Giulio/fbKRkpSib2o%3D,https://www.fidal.it/societa/UISP-ATLETICA-SIENA/SI043
9.43,9.43,e,MARCHESE Gabriele,2004,JM,BRIXIA ATLETICA 2014 SSD SRL,1 fi- 2,Bergamo,2023-01-08,https://www.fidal.it/atleta/MARCHESE-Gabriele/dqqRmJWmamM%3D,https://www.fidal.it/societa/BRIXIA-ATLETICA-2014-SSD-SRL/BS786
9.43,9.43,e,MARCHESE Gabriele,2004,JM,BRIXIA ATLETICA 2014 SSD SRL,2 fi- 1,Casalmaggiore,2023-01-15,https://www.fidal.it/atleta/MARCHESE-Gabriele/dqqRmJWmamM%3D,https://www.fidal.it/societa/BRIXIA-ATLETICA-2014-SSD-SRL/BS786
9.43,9.43,e,CORDERA Lorenzo,2004,JM,A.S. ATL. STRAMBINO,3 ba- 1,Bra,2023-01-28,https://www.fidal.it/atleta/CORDERA-Lorenzo/dK6RlpWna2Q%3D,https://www.fidal.it/societa/A-S--ATL--STRAMBINO/TO177
9.43,9.43,e,CORDERA Lorenzo,2004,JM,A.S. ATL. STRAMBINO,3 fi- 1,Bra,2023-01-28,https://www.fidal.it/atleta/CORDERA-Lorenzo/dK6RlpWna2Q%3D,https://www.fidal.it/societa/A-S--ATL--STRAMBINO/TO177
9.44,9.44,e,EBERHART Claudius,2005,JM,C.U.S. VERONA SEZ. ATLETICA,6 ba- 2,Padova,2023-01-21,https://www.fidal.it/atleta/EBERHART-Claudius/eKAAARk5ajaGg%3D,https://www.fidal.it/societa/C-U-S--VERONA-SEZ--ATLETICA/VR825
9.45,9.45,e,MANERA Riccardo,2005,JM,SISPORT SSD,6 fi- 1,Saronno,2023-01-08,https://www.fidal.it/atleta/MANERA-Riccardo/dK6Rl5eocWs%3D,https://www.fidal.it/societa/SISPORT-SSD/TO002
9.45,9.45,e,DALMAZIO Leonardo,2005,JM,SSD NISSOLINO SPORT SRL ASU,3 ba- 1,Rieti,2023-01-29,https://www.fidal.it/atleta/DALMAZIO-Leonardo/f6qRkpWhbmQ%3D,https://www.fidal.it/societa/SSD-NISSOLINO-SPORT-SRL-ASU/RM363
9.45,9.45,e,ERBA Gabriele angelo,2004,JM,PRO SESTO ATL. CERNUSCO,6 se- 3,Padova,2023-03-12,https://www.fidal.it/atleta/ERBA-Gabriele-angelo/dq2Rl5WkcGY%3D,https://www.fidal.it/societa/PRO-SESTO-ATL--CERNUSCO/MI089
9.46,9.46,e,ZANZI Filippo,2005,JM,VARESE ATLETICA A.S.D.,2 fi- 2,Bergamo,2023-01-15,https://www.fidal.it/atleta/ZANZI-Filippo/drKRk5alaWc%3D,https://www.fidal.it/societa/VARESE-ATLETICA-A-S-D-/VA918
9.46,9.46,e,PAIS Samuele,2004,JM,ASD ATLETICA  PRATO,3 se- 1,Ancona,2023-01-15,https://www.fidal.it/atleta/PAIS-Samuele/fbORkpKncGU%3D,https://www.fidal.it/societa/ASD-ATLETICA-PRATO/PO149
9.46,9.46,e,PEGORARO Giacomo,2004,JM,ATL.VICENTINA,4 se- 2,Bergamo,2023-01-29,https://www.fidal.it/atleta/PEGORARO-Giacomo/eK6RkpujcWw%3D,https://www.fidal.it/societa/ATL-VICENTINA/VI626
9.47,9.47,e,PEGORARO Giacomo,2004,JM,ATL.VICENTINA,3 se- 2,Padova,2023-02-12,https://www.fidal.it/atleta/PEGORARO-Giacomo/eK6RkpujcWw%3D,https://www.fidal.it/societa/ATL-VICENTINA/VI626
9.5,9.50,e,LAURETANI Fabrizio,1979,SM40,A.S.D EDUCARE CON IL MOVIMENTO,5 su- 1,Ancona,2023-03-11,https://www.fidal.it/atleta/LAURETANI-Fabrizio/fqiRkpOhcGY%3D,https://www.fidal.it/societa/A-S-D-EDUCARE-CON-IL-MOVIMENTO/PG089
9.51,9.51,e,CERESA Leonardo,2005,JM,ATLETICA SILCA CONEGLIANO,5 fi- 2,Padova,2023-01-28,https://www.fidal.it/atleta/CERESA-Leonardo/eKyRlJSfbWk%3D,https://www.fidal.it/societa/ATLETICA-SILCA-CONEGLIANO/TV341
9.54,9.54,e,BORTOLUZZI Andrea,2005,JM,ATL-ETICA SAN VENDEMIANO,5 ba- 2,Padova,2023-01-08,https://www.fidal.it/atleta/BORTOLUZZI-Andrea/eKyRk5KfbmY%3D,https://www.fidal.it/societa/ATL-ETICA-SAN-VENDEMIANO/TV406
9.57,9.57,e,PEGORARO Giacomo,2004,JM,ATL.VICENTINA,6 fi- 2,Padova,2023-01-08,https://www.fidal.it/atleta/PEGORARO-Giacomo/eK6RkpujcWw%3D,https://www.fidal.it/societa/ATL-VICENTINA/VI626
9.59,9.59,e,ZITO Cristian,2005,JM,ASD NISSOLINO INTESATLETICA,5 ba- 2,Ancona,2023-01-14,https://www.fidal.it/atleta/ZITO-Cristian/f6qRkpegbWk%3D,https://www.fidal.it/societa/ASD-NISSOLINO-INTESATLETICA/LT260
9.6,9.60,e,PEGORARO Giacomo,2004,JM,ATL.VICENTINA,6 ba- 2,Padova,2023-01-08,https://www.fidal.it/atleta/PEGORARO-Giacomo/eK6RkpujcWw%3D,https://www.fidal.it/societa/ATL-VICENTINA/VI626
9.61,9.61,e,ZITO Cristian,2005,JM,ASD NISSOLINO INTESATLETICA,4 ba- 1,Rieti,2023-01-29,https://www.fidal.it/atleta/ZITO-Cristian/f6qRkpegbWk%3D,https://www.fidal.it/societa/ASD-NISSOLINO-INTESATLETICA/LT260
9.61,9.61,e,LAURETANI Fabrizio,1979,SM40,A.S.D EDUCARE CON IL MOVIMENTO,3 sf- 1,Torun,2023-03-31,https://www.fidal.it/atleta/LAURETANI-Fabrizio/fqiRkpOhcGY%3D,https://www.fidal.it/societa/A-S-D-EDUCARE-CON-IL-MOVIMENTO/PG089
9.62,9.62,e,MIGLIARINO Andrea,2005,JM,POL. OLONIA,6 fi- 1,Bergamo,2023-01-15,https://www.fidal.it/atleta/MIGLIARINO-Andrea/drKRk5Ofa2k%3D,https://www.fidal.it/societa/POL--OLONIA/VA129
9.64,9.64,e,RONDANINI Davide,2005,JM,ATL. CASTELNOVO MONTI,7 se- 3,Padova,2023-03-12,https://www.fidal.it/atleta/RONDANINI-Davide/erGRkpWkbWs%3D,https://www.fidal.it/societa/ATL--CASTELNOVO-MONTI/RE346
9.66,9.66,e,RONDANINI Davide,2005,JM,ATL. CASTELNOVO MONTI,4 se- 2,Padova,2023-02-12,https://www.fidal.it/atleta/RONDANINI-Davide/erGRkpWkbWs%3D,https://www.fidal.it/societa/ATL--CASTELNOVO-MONTI/RE346
9.67,9.67,e,FANTI Matteo,2005,JM,G.S.SELF ATL. MONTANARI GRUZZA,4 ba- 2,Modena,2023-01-14,https://www.fidal.it/atleta/FANTI-Matteo/erGRkpafb2U%3D,https://www.fidal.it/societa/G-S-SELF-ATL--MONTANARI-GRUZZA/RE105
9.68,9.68,e,SONGA Marco,2004,JM,ATL. RICCARDI MILANO 1946,4 ba- 2,Parma,2023-01-21,https://www.fidal.it/atleta/SONGA-Marco/dq2RmZmoa2M%3D,https://www.fidal.it/societa/ATL--RICCARDI-MILANO-1946/MI080
9.68,9.68,e,POLLA Sebastiano,2004,JM,ATLETICA VALSESIA,4 ba- 1,Bra,2023-01-28,https://www.fidal.it/atleta/POLLA-Sebastiano/dKAAARlJaibWM%3D,https://www.fidal.it/societa/ATLETICA-VALSESIA/VC045
9.7,9.70,e,MARCHESE Gabriele,2004,JM,BRIXIA ATLETICA 2014 SSD SRL,4 ba- 2,Bergamo,2023-01-08,https://www.fidal.it/atleta/MARCHESE-Gabriele/dqqRmJWmamM%3D,https://www.fidal.it/societa/BRIXIA-ATLETICA-2014-SSD-SRL/BS786
9.7,9.70,e,FANTI Matteo,2005,JM,G.S.SELF ATL. MONTANARI GRUZZA,3 ba- 1,Modena,2023-02-04,https://www.fidal.it/atleta/FANTI-Matteo/erGRkpafb2U%3D,https://www.fidal.it/societa/G-S-SELF-ATL--MONTANARI-GRUZZA/RE105
9.71,9.71,e,MANERA Riccardo,2005,JM,SISPORT SSD,2 ba- 1,Saronno,2023-01-08,https://www.fidal.it/atleta/MANERA-Riccardo/dK6Rl5eocWs%3D,https://www.fidal.it/societa/SISPORT-SSD/TO002
9.73,9.73,e,POLLA Sebastiano,2004,JM,ATLETICA VALSESIA,4 fi- 1,Bra,2023-01-28,https://www.fidal.it/atleta/POLLA-Sebastiano/dKAAARlJaibWM%3D,https://www.fidal.it/societa/ATLETICA-VALSESIA/VC045
9.78,9.78,e,PULIGA Francesco,2005,JM,DINAMICA SARDEGNA,2 ba- 1,Iglesias,2023-01-15,https://www.fidal.it/atleta/PULIGA-Francesco/iKuRkpSmbGc%3D,https://www.fidal.it/societa/DINAMICA-SARDEGNA/OR225
9.8,9.80,e,FANTI Matteo,2005,JM,G.S.SELF ATL. MONTANARI GRUZZA,4 ba- 1,Modena,2023-01-28,https://www.fidal.it/atleta/FANTI-Matteo/erGRkpafb2U%3D,https://www.fidal.it/societa/G-S-SELF-ATL--MONTANARI-GRUZZA/RE105
9.8,9.80,e,FANTI Matteo,2005,JM,G.S.SELF ATL. MONTANARI GRUZZA,3 fi- 1,Modena,2023-02-04,https://www.fidal.it/atleta/FANTI-Matteo/erGRkpafb2U%3D,https://www.fidal.it/societa/G-S-SELF-ATL--MONTANARI-GRUZZA/RE105
9.85,9.85,e,MIGLIARINO Andrea,2005,JM,POL. OLONIA,6 ba- 1,Bergamo,2023-02-12,https://www.fidal.it/atleta/MIGLIARINO-Andrea/drKRk5Ofa2k%3D,https://www.fidal.it/societa/POL--OLONIA/VA129
9.86,9.86,e,MIGLIARINO Andrea,2005,JM,POL. OLONIA,2 ba- 1,Bergamo,2023-01-15,https://www.fidal.it/atleta/MIGLIARINO-Andrea/drKRk5Ofa2k%3D,https://www.fidal.it/societa/POL--OLONIA/VA129
9.89,9.89,e,ABRUSCI Gianvito,2004,JM,AMATORI ATL. ACQUAVIVA,4 se- 2,Ancona,2023-01-15,https://www.fidal.it/atleta/ABRUSCI-Gianvito/hKmRkpqja2M%3D,https://www.fidal.it/societa/AMATORI-ATL--ACQUAVIVA/BA005
9.94,9.94,e,ZANZI Filippo,2005,JM,VARESE ATLETICA A.S.D.,3 ba- 1,Bergamo,2023-01-15,https://www.fidal.it/atleta/ZANZI-Filippo/drKRk5alaWc%3D,https://www.fidal.it/societa/VARESE-ATLETICA-A-S-D-/VA918
9.95,9.95,e,OSTROUKH Nikita,2004,JM,SSD NISSOLINO SPORT SRL ASU,4 fi- 1,Rieti,2023-01-08,https://www.fidal.it/atleta/OSTROUKH-Nikita/f6qRkpWoamg%3D,https://www.fidal.it/societa/SSD-NISSOLINO-SPORT-SRL-ASU/RM363
9.99,9.99,e,OSTROUKH Nikita,2004,JM,SSD NISSOLINO SPORT SRL ASU,4 se- 1,Ancona,2023-01-15,https://www.fidal.it/atleta/OSTROUKH-Nikita/f6qRkpWoamg%3D,https://www.fidal.it/societa/SSD-NISSOLINO-SPORT-SRL-ASU/RM363
9.99,9.99,e,MANERA Riccardo,2005,JM,SISPORT SSD,5 fi- 1,Bra,2023-01-28,https://www.fidal.it/atleta/MANERA-Riccardo/dK6Rl5eocWs%3D,https://www.fidal.it/societa/SISPORT-SSD/TO002
10.1,10.10,e,OSTROUKH Nikita,2004,JM,SSD NISSOLINO SPORT SRL ASU,5 ba- 1,Rieti,2023-01-08,https://www.fidal.it/atleta/OSTROUKH-Nikita/f6qRkpWoamg%3D,https://www.fidal.it/societa/SSD-NISSOLINO-SPORT-SRL-ASU/RM363
10.11,10.11,e,ROSETTI Giulio,2005,JM,EDERA ATL. FORLI,5 se- 1,Ancona,2023-01-15,https://www.fidal.it/atleta/ROSETTI-Giulio/equRkpSobGM%3D,https://www.fidal.it/societa/EDERA-ATL--FORLI/FC038
10.13,10.13,e,GIANNOTTI Alessandro,1976,SM45,ATL.PIETRASANTA VERSILIA,3 su- 1,Ancona,2023-03-11,https://www.fidal.it/atleta/GIANNOTTI-Alessandro/faiSkpKlbGk%3D,https://www.fidal.it/societa/ATL-PIETRASANTA-VERSILIA/LU104
10.23,10.23,e,GIANNOTTI Alessandro,1976,SM45,ATL.PIETRASANTA VERSILIA,2 su- 1,Ancona,2023-03-10,https://www.fidal.it/atleta/GIANNOTTI-Alessandro/faiSkpKlbGk%3D,https://www.fidal.it/societa/ATL-PIETRASANTA-VERSILIA/LU104
10.35,10.35,e,ROSETTI Giulio,2005,JM,EDERA ATL. FORLI,3 ba- 3,Parma,2023-01-21,https://www.fidal.it/atleta/ROSETTI-Giulio/equRkpSobGM%3D,https://www.fidal.it/societa/EDERA-ATL--FORLI/FC038
10.37,10.37,e,CERESA Leonardo,2005,JM,ATLETICA SILCA CONEGLIANO,6 ba- 2,Padova,2023-01-28,https://www.fidal.it/atleta/CERESA-Leonardo/eKyRlJSfbWk%3D,https://www.fidal.it/societa/ATLETICA-SILCA-CONEGLIANO/TV341
10.55,10.55,e,GIOTTI Federico,1980,SM40,ATL. RUN FINALE LIGURE,1 su- 1,Ancona,2023-03-10,https://www.fidal.it/atleta/GIOTTI-Federico/daiRkpmiaGU%3D,https://www.fidal.it/societa/ATL--RUN-FINALE-LIGURE/SV023
10.62,10.62,e,PULIGA Francesco,2005,JM,DINAMICA SARDEGNA,1 fi- 1,Iglesias,2023-01-15,https://www.fidal.it/atleta/PULIGA-Francesco/iKuRkpSmbGc%3D,https://www.fidal.it/societa/DINAMICA-SARDEGNA/OR225
10.64,10.64,e,ALBERTINO Davide,2004,JM,A.S.D.ATLETICA CARMAGNOLA,3 ba- 2,Bra,2023-01-28,https://www.fidal.it/atleta/ALBERTINO-Davide/dKyRlZSjaGs%3D,https://www.fidal.it/societa/A-S-D-ATLETICA-CARMAGNOLA/CN012
10.64,10.64,e,GARGANI Giulio adou,2004,JM,PROSPORT ATL. FIRENZE,6 su- 1,Firenze,2023-02-26,https://www.fidal.it/atleta/GARGANI-Giulio-adou/faqRkpqncWs%3D,https://www.fidal.it/societa/PROSPORT-ATL--FIRENZE/FI009
10.73,10.73,e,GUZZI Mattia,1983,SM40,N.ATL. FANFULLA LODIGIANA,8 sf- 1,Torun,2023-03-31,https://www.fidal.it/atleta/GUZZI-Mattia/dq2RkpWmbmM%3D,https://www.fidal.it/societa/N-ATL--FANFULLA-LODIGIANA/MI218
10.82,10.82,e,TONIOLO Simone,1979,SM40,A.S.D. RUN.DAGI,2 se- 1,Padova,2023-03-04,https://www.fidal.it/atleta/TONIOLO-Simone/eKiRkpahamQ%3D,https://www.fidal.it/societa/A-S-D--RUN-DAGI/PD212
10.96,10.96,e,GIOTTI Federico,1980,SM40,ATL. RUN FINALE LIGURE,5 se- 1,Torun,2023-03-30,https://www.fidal.it/atleta/GIOTTI-Federico/daiRkpmiaGU%3D,https://www.fidal.it/societa/ATL--RUN-FINALE-LIGURE/SV023
11.09,11.09,e,FUMAGALLI Cesare,2005,JM,G.S. VIRTUS CALCO,5 se- 2,Bergamo,2023-01-29,https://www.fidal.it/atleta/FUMAGALLI-Cesare/dquRlJSoa2s%3D,https://www.fidal.it/societa/G-S--VIRTUS-CALCO/CO294
11.09,11.09,e,PEREGO Luca,1979,SM40,G.S. VIRTUS CALCO,3 se- 1,Padova,2023-03-04,https://www.fidal.it/atleta/PEREGO-Luca/dquRlJWjbWg%3D,https://www.fidal.it/societa/G-S--VIRTUS-CALCO/CO294
11.11,11.11,e,ZULIANI Davide,2004,JM,SSD NISSOLINO SPORT SRL ASU,6 se- 1,Ancona,2023-01-15,https://www.fidal.it/atleta/ZULIANI-Davide/f6qRkpWha2g%3D,https://www.fidal.it/societa/SSD-NISSOLINO-SPORT-SRL-ASU/RM363
11.14,11.14,e,MANA Cristiano,1980,SM40,A.S.D. ATL. FOSSANO '75,2 su- 1,Ancona,2023-03-10,https://www.fidal.it/atleta/MANA-Cristiano/dKyRlJqga2Y%3D,https://www.fidal.it/societa/A-S-D--ATL--FOSSANO-75/CN001
11.15,11.15,e,CAMPANI Tommaso,2005,JM,ATL. REGGIO ASD,5 se- 2,Ancona,2023-01-15,https://www.fidal.it/atleta/CAMPANI-Tommaso/erGRkpemaGM%3D,https://www.fidal.it/societa/ATL--REGGIO-ASD/RE128
11.19,11.19,e,GAROFALO Giuseppe,1982,SM40,A.S PODISTICA TARAS,3 su- 1,Ancona,2023-03-10,https://www.fidal.it/atleta/GAROFALO-Giuseppe/hKmRkpenbGw%3D,https://www.fidal.it/societa/A-S-PODISTICA-TARAS/TA408
11.2,11.20,e,LAUDADIO Nicola,1984,SM35,SOC. ATL. VOLTERRA,1 su- 1,Ancona,2023-03-10,https://www.fidal.it/atleta/LAUDADIO-Nicola/hKiSmZKmbGQ%3D,https://www.fidal.it/societa/SOC--ATL--VOLTERRA/PI074
11.41,11.41,e,SERENI LUCARELLI Federico,2005,JM,ATLETICA IL COLLE ASD,6 se- 2,Ancona,2023-01-15,https://www.fidal.it/atleta/SERENI-LUCARELLI-Federico/fqmRkpWhcGQ%3D,https://www.fidal.it/societa/ATLETICA-IL-COLLE-ASD/PG079
11.5,11.50,e,SONGA Marco,2004,JM,ATL. RICCARDI MILANO 1946,3 fi- 1,Casalmaggiore,2023-01-15,https://www.fidal.it/atleta/SONGA-Marco/dq2RmZmoa2M%3D,https://www.fidal.it/societa/ATL--RICCARDI-MILANO-1946/MI080
11.57,11.57,e,POLVERINO Nicolo,2005,JM,MODENA ATLETICA  ASD,4 ba- 3,Parma,2023-01-21,https://www.fidal.it/atleta/POLVERINO-Nicolo/eqyRkpalcWc%3D,https://www.fidal.it/societa/MODENA-ATLETICA-ASD/MO497
11.58,11.58,e,LONGO Marco,1974,SM45,A.S.D. TEAM TREVISO,4 se- 1,Padova,2023-03-04,https://www.fidal.it/atleta/LONGO-Marco/eKyRk5Ofbmc%3D,https://www.fidal.it/societa/A-S-D--TEAM-TREVISO/TV398
11.59,11.59,e,GUZZI Mattia,1983,SM40,N.ATL. FANFULLA LODIGIANA,6 su- 1,Ancona,2023-03-11,https://www.fidal.it/atleta/GUZZI-Mattia/dq2RkpWmbmM%3D,https://www.fidal.it/societa/N-ATL--FANFULLA-LODIGIANA/MI218
11.8,11.80,e,ZANETTI Paolo,1977,SM45,A.S.D. ATLETICA CINQUE CERCHI,5 se- 1,Padova,2023-03-04,https://www.fidal.it/atleta/ZANETTI-Paolo/eq2RkpOlcGM%3D,https://www.fidal.it/societa/A-S-D--ATLETICA-CINQUE-CERCHI/PC461
11.8,11.80,e,BINI Alessandro,1981,SM40,TOSCANA ATLETICA JOLLY,4 su- 1,Ancona,2023-03-10,https://www.fidal.it/atleta/BINI-Alessandro/faiRkpumaWo%3D,https://www.fidal.it/societa/TOSCANA-ATLETICA-JOLLY/FI018
11.94,11.94,e,ALFORNO Enrico,2004,JM,A.S.D.ATLETICA CARMAGNOLA,5 ba- 1,Bra,2023-01-28,https://www.fidal.it/atleta/ALFORNO-Enrico/dKyRlZKmcWU%3D,https://www.fidal.it/societa/A-S-D-ATLETICA-CARMAGNOLA/CN012
12.02,12.02,e,GUZZI Mattia,1983,SM40,N.ATL. FANFULLA LODIGIANA,1 su- 1,Casalmaggiore,2023-01-29,https://www.fidal.it/atleta/GUZZI-Mattia/dq2RkpWmbmM%3D,https://www.fidal.it/societa/N-ATL--FANFULLA-LODIGIANA/MI218
12.03,12.03,e,BECERICA Amedeo,1977,SM45,ROAD RUNNERS CLUB MILANO,3 su- 1,Ancona,2023-03-10,https://www.fidal.it/atleta/BECERICA-Amedeo/gaiRkpKkamM%3D,https://www.fidal.it/societa/ROAD-RUNNERS-CLUB-MILANO/MI265
13.12,13.12,e,MOLINARI Matteo,1985,SM35,SOCIETA' VICTORIA,2 su- 1,Ancona,2023-03-10,https://www.fidal.it/atleta/MOLINARI-Matteo/eqiRk5iocGk%3D,https://www.fidal.it/societa/SOCIETA-VICTORIA/BO184
13.9,13.90,e,PEREGO Luca,1979,SM40,G.S. VIRTUS CALCO,2 su- 1,Casalmaggiore,2023-01-29,https://www.fidal.it/atleta/PEREGO-Luca/dquRlJWjbWg%3D,https://www.fidal.it/societa/G-S--VIRTUS-CALCO/CO294
14.43,14.43,e,PIEMONTESE Daniele mario,1982,SM40,I PODISTI DI CAPITANATA,7 su- 1,Ancona,2023-03-11,https://www.fidal.it/atleta/PIEMONTESE-Daniele-mario/hKuRkpagamo%3D,https://www.fidal.it/societa/I-PODISTI-DI-CAPITANATA/FG280
14.7,14.70,e,SPEGGIORIN Pietro,2004,JM,ATL.VICENTINA,5 se- 2,Padova,2023-02-12,https://www.fidal.it/atleta/SPEGGIORIN-Pietro/eK6Rk5Smamg%3D,https://www.fidal.it/societa/ATL-VICENTINA/VI626
7.65,7.65,e,TOGNI Matteo,2006,JM,BERGAMO STARS ATLETICA,1 fi- 1,Ancona,2024-02-04,https://www.fidal.it/atleta/TOGNI-Matteo/dqmRmZSoa2c%3D,https://www.fidal.it/societa/BERGAMO-STARS-ATLETICA/BG795
7.8,7.80,e,TOGNI Matteo,2006,JM,BERGAMO STARS ATLETICA,1 sf- 3,Ancona,2024-02-04,https://www.fidal.it/atleta/TOGNI-Matteo/dqmRmZSoa2c%3D,https://www.fidal.it/societa/BERGAMO-STARS-ATLETICA/BG795
7.95,7.95,e,TRIOLO Tommaso,2005,JM,G.S. FIAMME ORO PADOVA,1 fi- 1,Padova,2024-01-14,https://www.fidal.it/atleta/TRIOLO-Tommaso/eKqRkpaocWk%3D,https://www.fidal.it/societa/G-S--FIAMME-ORO-PADOVA/PD131
7.97,7.97,e,TRIOLO Tommaso,2005,JM,G.S. FIAMME ORO PADOVA,1 fi- 1,Modena,2024-01-20,https://www.fidal.it/atleta/TRIOLO-Tommaso/eKqRkpaocWk%3D,https://www.fidal.it/societa/G-S--FIAMME-ORO-PADOVA/PD131
7.98,7.98,e,TRIOLO Tommaso,2005,JM,G.S. FIAMME ORO PADOVA,1 ba- 4,Modena,2024-01-20,https://www.fidal.it/atleta/TRIOLO-Tommaso/eKqRkpaocWk%3D,https://www.fidal.it/societa/G-S--FIAMME-ORO-PADOVA/PD131
7.98,7.98,e,TOGNI Matteo,2006,JM,BERGAMO STARS ATLETICA,1 ba- 3,Ancona,2024-02-04,https://www.fidal.it/atleta/TOGNI-Matteo/dqmRmZSoa2c%3D,https://www.fidal.it/societa/BERGAMO-STARS-ATLETICA/BG795
8.01,8.01,e,TRIOLO Tommaso,2005,JM,G.S. FIAMME ORO PADOVA,2 fi- 1,Ancona,2024-02-04,https://www.fidal.it/atleta/TRIOLO-Tommaso/eKqRkpaocWk%3D,https://www.fidal.it/societa/G-S--FIAMME-ORO-PADOVA/PD131
8.04,8.04,e,GHEDINA Alberico,2007,AM,ATLETICA MENEGHINA,1 fi- 1,Parma,2024-12-21,https://www.fidal.it/atleta/GHEDINA-Alberico/eKmRlJagbGc%3D,https://www.fidal.it/societa/ATLETICA-MENEGHINA/MI770
8.07,8.07,e,ZUCCON Giovanni,2005,JM,TREVISATLETICA,2 fi- 1,Padova,2024-01-14,https://www.fidal.it/atleta/ZUCCON-Giovanni/eKyRk5Khb2c%3D,https://www.fidal.it/societa/TREVISATLETICA/TV354
8.1,8.10,e,PAOLONI Sebastiano,2005,JM,ATL. INSIEME VERONA,3 fi- 1,Ancona,2024-02-04,https://www.fidal.it/atleta/PAOLONI-Sebastiano/eKAAARk5imb2g%3D,https://www.fidal.it/societa/ATL--INSIEME-VERONA/VR761
8.11,8.11,e,GHEDINA Alberico,2007,AM,ATLETICA MENEGHINA,1 ba- 1,Parma,2024-12-21,https://www.fidal.it/atleta/GHEDINA-Alberico/eKmRlJagbGc%3D,https://www.fidal.it/societa/ATLETICA-MENEGHINA/MI770
8.12,8.12,e,ZUCCON Giovanni,2005,JM,TREVISATLETICA,2 fi- 1,Modena,2024-01-20,https://www.fidal.it/atleta/ZUCCON-Giovanni/eKyRk5Khb2c%3D,https://www.fidal.it/societa/TREVISATLETICA/TV354
8.12,8.12,e,ALGERI Thomas,2005,JM,ATL. REGGIO ASD,2 fi- 1,Parma,2024-12-21,https://www.fidal.it/atleta/ALGERI-Thomas/erGRkpWfams%3D,https://www.fidal.it/societa/ATL--REGGIO-ASD/RE128
8.13,8.13,e,FOCARDI Davide,2005,JM,ATLETICA PERUGIA TEAM SSD A RL,2 sf- 3,Ancona,2024-02-04,https://www.fidal.it/atleta/FOCARDI-Davide/fqmRkpSlbmQ%3D,https://www.fidal.it/societa/ATLETICA-PERUGIA-TEAM-SSD-A-RL/PG109
8.14,8.14,e,FOCARDI Davide,2005,JM,ATLETICA PERUGIA TEAM SSD A RL,4 fi- 1,Ancona,2024-02-04,https://www.fidal.it/atleta/FOCARDI-Davide/fqmRkpSlbmQ%3D,https://www.fidal.it/societa/ATLETICA-PERUGIA-TEAM-SSD-A-RL/PG109
8.15,8.15,e,DI TERLIZZI Pasquale,2005,JM,G.S. AVIS BARLETTA A.S.D.,1 fi- 1,Ancona,2024-01-13,https://www.fidal.it/atleta/DI-TERLIZZI-Pasquale/hKmRkpqmbGM%3D,https://www.fidal.it/societa/G-S--AVIS-BARLETTA-A-S-D-/BA754
8.15,8.15,e,PAOLONI Sebastiano,2005,JM,ATL. INSIEME VERONA,1 sf- 1,Ancona,2024-02-04,https://www.fidal.it/atleta/PAOLONI-Sebastiano/eKAAARk5imb2g%3D,https://www.fidal.it/societa/ATL--INSIEME-VERONA/VR761
8.15,8.15,e,ZUCCON Giovanni,2005,JM,TREVISATLETICA,3 fi- 1,Parma,2024-12-21,https://www.fidal.it/atleta/ZUCCON-Giovanni/eKyRk5Khb2c%3D,https://www.fidal.it/societa/TREVISATLETICA/TV354
8.16,8.16,e,TRIOLO Tommaso,2005,JM,G.S. FIAMME ORO PADOVA,2 sf- 1,Ancona,2024-02-04,https://www.fidal.it/atleta/TRIOLO-Tommaso/eKqRkpaocWk%3D,https://www.fidal.it/societa/G-S--FIAMME-ORO-PADOVA/PD131
8.18,8.18,e,ZUCCON Giovanni,2005,JM,TREVISATLETICA,1 ba- 1,Padova,2024-01-14,https://www.fidal.it/atleta/ZUCCON-Giovanni/eKyRk5Khb2c%3D,https://www.fidal.it/societa/TREVISATLETICA/TV354
8.18,8.18,e,TROVO' Simone,2005,JM,SAFATLETICA PIEMONTE ASD,1 sf- 2,Ancona,2024-02-04,https://www.fidal.it/atleta/TROVO-Simone/dK6RlpOmbWk%3D,https://www.fidal.it/societa/SAFATLETICA-PIEMONTE-ASD/TO226
8.18,8.18,e,STALLONE Marco,2006,JM,ATLETICA MALIGNANI LIBERTAS UD,3 sf- 1,Ancona,2024-02-04,https://www.fidal.it/atleta/STALLONE-Marco/eayRk5eiaGc%3D,https://www.fidal.it/societa/ATLETICA-MALIGNANI-LIBERTAS-UD/UD030
8.19,8.19,e,FOCARDI Davide,2005,JM,ATLETICA PERUGIA TEAM SSD A RL,2 ba- 3,Ancona,2024-02-04,https://www.fidal.it/atleta/FOCARDI-Davide/fqmRkpSlbmQ%3D,https://www.fidal.it/societa/ATLETICA-PERUGIA-TEAM-SSD-A-RL/PG109
8.19,8.19,e,DI TERLIZZI Pasquale,2005,JM,G.S. AVIS BARLETTA A.S.D.,2 sf- 2,Ancona,2024-02-04,https://www.fidal.it/atleta/DI-TERLIZZI-Pasquale/hKmRkpqmbGM%3D,https://www.fidal.it/societa/G-S--AVIS-BARLETTA-A-S-D-/BA754
8.19,8.19,e,GOUEM Adam,2006,JM,EDERA ATL. FORLI,5 fi- 1,Ancona,2024-02-04,https://www.fidal.it/atleta/GOUEM-Adam/equRkpSkbGk%3D,https://www.fidal.it/societa/EDERA-ATL--FORLI/FC038
8.21,8.21,e,TROVO' Simone,2005,JM,SAFATLETICA PIEMONTE ASD,1 fi- 1,Bra,2024-01-27,https://www.fidal.it/atleta/TROVO-Simone/dK6RlpOmbWk%3D,https://www.fidal.it/societa/SAFATLETICA-PIEMONTE-ASD/TO226
8.21,8.21,e,DI TERLIZZI Pasquale,2005,JM,G.S. AVIS BARLETTA A.S.D.,3 ba- 3,Ancona,2024-02-04,https://www.fidal.it/atleta/DI-TERLIZZI-Pasquale/hKmRkpqmbGM%3D,https://www.fidal.it/societa/G-S--AVIS-BARLETTA-A-S-D-/BA754
8.22,8.22,e,TRIOLO Tommaso,2005,JM,G.S. FIAMME ORO PADOVA,2 ba- 1,Padova,2024-01-14,https://www.fidal.it/atleta/TRIOLO-Tommaso/eKqRkpaocWk%3D,https://www.fidal.it/societa/G-S--FIAMME-ORO-PADOVA/PD131
8.22,8.22,e,PAOLONI Sebastiano,2005,JM,ATL. INSIEME VERONA,3 fi- 1,Modena,2024-01-20,https://www.fidal.it/atleta/PAOLONI-Sebastiano/eKAAARk5imb2g%3D,https://www.fidal.it/societa/ATL--INSIEME-VERONA/VR761
8.22,8.22,e,STALLONE Marco,2006,JM,ATLETICA MALIGNANI LIBERTAS UD,6 fi- 1,Ancona,2024-02-04,https://www.fidal.it/atleta/STALLONE-Marco/eayRk5eiaGc%3D,https://www.fidal.it/societa/ATLETICA-MALIGNANI-LIBERTAS-UD/UD030
8.23,8.23,e,LANZINI Daniele,2005,JM,CENTRO OLIMPIA PIATEDA,1 su- 1,Saronno,2024-01-28,https://www.fidal.it/atleta/LANZINI-Daniele/drGRkpOncGk%3D,https://www.fidal.it/societa/CENTRO-OLIMPIA-PIATEDA/SO585
8.24,8.24,e,TROVO' Simone,2005,JM,SAFATLETICA PIEMONTE ASD,1 ba- 4,Ancona,2024-02-04,https://www.fidal.it/atleta/TROVO-Simone/dK6RlpOmbWk%3D,https://www.fidal.it/societa/SAFATLETICA-PIEMONTE-ASD/TO226
8.25,8.25,e,GOUEM Adam,2006,JM,EDERA ATL. FORLI,4 ba- 3,Ancona,2024-02-04,https://www.fidal.it/atleta/GOUEM-Adam/equRkpSkbGk%3D,https://www.fidal.it/societa/EDERA-ATL--FORLI/FC038
8.25,8.25,e,GOUEM Adam,2006,JM,EDERA ATL. FORLI,4 sf- 1,Ancona,2024-02-04,https://www.fidal.it/atleta/GOUEM-Adam/equRkpSkbGk%3D,https://www.fidal.it/societa/EDERA-ATL--FORLI/FC038
8.25,8.25,e,ALGERI Thomas,2005,JM,ATL. REGGIO ASD,1 ba- 2,Parma,2024-12-21,https://www.fidal.it/atleta/ALGERI-Thomas/erGRkpWfams%3D,https://www.fidal.it/societa/ATL--REGGIO-ASD/RE128
8.26,8.26,e,PAOLONI Sebastiano,2005,JM,ATL. INSIEME VERONA,1 ba- 5,Ancona,2024-02-04,https://www.fidal.it/atleta/PAOLONI-Sebastiano/eKAAARk5imb2g%3D,https://www.fidal.it/societa/ATL--INSIEME-VERONA/VR761
8.26,8.26,e,ZUCCON Giovanni,2005,JM,TREVISATLETICA,3 sf- 2,Ancona,2024-02-04,https://www.fidal.it/atleta/ZUCCON-Giovanni/eKyRk5Khb2c%3D,https://www.fidal.it/societa/TREVISATLETICA/TV354
8.27,8.27,e,VOTA Giacomo antonio ange,2005,JM,SISPORT SSD,1 ba- 1,Bra,2024-01-27,https://www.fidal.it/atleta/VOTA-Giacomo-antonio-ange/dK6RlpqgbmU%3D,https://www.fidal.it/societa/SISPORT-SSD/TO002
8.27,8.27,e,VOTA Giacomo antonio ange,2005,JM,SISPORT SSD,2 ba- 5,Ancona,2024-02-04,https://www.fidal.it/atleta/VOTA-Giacomo-antonio-ange/dK6RlpqgbmU%3D,https://www.fidal.it/societa/SISPORT-SSD/TO002
8.27,8.27,e,MORE Gabriel euro,2005,JM,ASD INTERFLUMINA E' PIU' POMI',4 sf- 2,Ancona,2024-02-04,https://www.fidal.it/atleta/MORE-Gabriel-euro/dqyRl5OgcWU%3D,https://www.fidal.it/societa/ASD-INTERFLUMINA-E-PIU-POMI-/CR150
8.27,8.27,e,CINCINELLI Riccardo,2005,JM,ATLETICA FIRENZE MARATHON S.S.,1 fi- 1,Firenze,2024-02-10,https://www.fidal.it/atleta/CINCINELLI-Riccardo/famRkpSla2g%3D,https://www.fidal.it/societa/ATLETICA-FIRENZE-MARATHON-S-S-/FI002
8.28,8.28,e,BOLOGNESI Paolo,2006,JM,EDERA ATL. FORLI,1 fi- 1,Ancona,2024-01-06,https://www.fidal.it/atleta/BOLOGNESI-Paolo/equRkpOjcGM%3D,https://www.fidal.it/societa/EDERA-ATL--FORLI/FC038
8.28,8.28,e,DI TERLIZZI Pasquale,2005,JM,G.S. AVIS BARLETTA A.S.D.,1 ba- 1,Ancona,2024-01-13,https://www.fidal.it/atleta/DI-TERLIZZI-Pasquale/hKmRkpqmbGM%3D,https://www.fidal.it/societa/G-S--AVIS-BARLETTA-A-S-D-/BA754
8.28,8.28,e,STALLONE Marco,2006,JM,ATLETICA MALIGNANI LIBERTAS UD,1 fi- 1,Udine,2024-01-20,https://www.fidal.it/atleta/STALLONE-Marco/eayRk5eiaGc%3D,https://www.fidal.it/societa/ATLETICA-MALIGNANI-LIBERTAS-UD/UD030
8.28,8.28,e,ARRIGONI Michele,2006,JM,ATL. BERGAMO 1959 ORIOCENTER,1 ba- 2,Bergamo,2024-01-21,https://www.fidal.it/atleta/ARRIGONI-Michele/dqmRmJuhamw%3D,https://www.fidal.it/societa/ATL--BERGAMO-1959-ORIOCENTER/BG003
8.29,8.29,e,TROVO' Simone,2005,JM,SAFATLETICA PIEMONTE ASD,2 ba- 1,Bra,2024-01-27,https://www.fidal.it/atleta/TROVO-Simone/dK6RlpOmbWk%3D,https://www.fidal.it/societa/SAFATLETICA-PIEMONTE-ASD/TO226
8.29,8.29,e,VOTA Giacomo antonio ange,2005,JM,SISPORT SSD,2 fi- 1,Bra,2024-01-27,https://www.fidal.it/atleta/VOTA-Giacomo-antonio-ange/dK6RlpqgbmU%3D,https://www.fidal.it/societa/SISPORT-SSD/TO002
8.3,8.30,e,CINCINELLI Riccardo,2005,JM,ATLETICA FIRENZE MARATHON S.S.,2 fi- 1,Ancona,2024-01-06,https://www.fidal.it/atleta/CINCINELLI-Riccardo/famRkpSla2g%3D,https://www.fidal.it/societa/ATLETICA-FIRENZE-MARATHON-S-S-/FI002
8.31,8.31,e,ZUCCON Giovanni,2005,JM,TREVISATLETICA,1 ba- 1,Modena,2024-01-20,https://www.fidal.it/atleta/ZUCCON-Giovanni/eKyRk5Khb2c%3D,https://www.fidal.it/societa/TREVISATLETICA/TV354
8.31,8.31,e,PAOLONI Sebastiano,2005,JM,ATL. INSIEME VERONA,1 ba- 3,Modena,2024-01-20,https://www.fidal.it/atleta/PAOLONI-Sebastiano/eKAAARk5imb2g%3D,https://www.fidal.it/societa/ATL--INSIEME-VERONA/VR761
8.31,8.31,e,STALLONE Marco,2006,JM,ATLETICA MALIGNANI LIBERTAS UD,1 fi- 1,Padova,2024-01-27,https://www.fidal.it/atleta/STALLONE-Marco/eayRk5eiaGc%3D,https://www.fidal.it/societa/ATLETICA-MALIGNANI-LIBERTAS-UD/UD030
8.31,8.31,e,CINCINELLI Riccardo,2005,JM,ATLETICA FIRENZE MARATHON S.S.,5 sf- 1,Ancona,2024-02-04,https://www.fidal.it/atleta/CINCINELLI-Riccardo/famRkpSla2g%3D,https://www.fidal.it/societa/ATLETICA-FIRENZE-MARATHON-S-S-/FI002
8.31,8.31,e,TROVO' Simone,2005,JM,SAFATLETICA PIEMONTE ASD,7 fi- 1,Ancona,2024-02-04,https://www.fidal.it/atleta/TROVO-Simone/dK6RlpOmbWk%3D,https://www.fidal.it/societa/SAFATLETICA-PIEMONTE-ASD/TO226
8.31,8.31,e,CINCINELLI Riccardo,2005,JM,ATLETICA FIRENZE MARATHON S.S.,1 ba- 1,Firenze,2024-02-10,https://www.fidal.it/atleta/CINCINELLI-Riccardo/famRkpSla2g%3D,https://www.fidal.it/societa/ATLETICA-FIRENZE-MARATHON-S-S-/FI002
8.32,8.32,e,STALLONE Marco,2006,JM,ATLETICA MALIGNANI LIBERTAS UD,1 ba- 1,Udine,2024-01-20,https://www.fidal.it/atleta/STALLONE-Marco/eayRk5eiaGc%3D,https://www.fidal.it/societa/ATLETICA-MALIGNANI-LIBERTAS-UD/UD030
8.32,8.32,e,TRIOLO Tommaso,2005,JM,G.S. FIAMME ORO PADOVA,1 ba- 1,Ancona,2024-02-04,https://www.fidal.it/atleta/TRIOLO-Tommaso/eKqRkpaocWk%3D,https://www.fidal.it/societa/G-S--FIAMME-ORO-PADOVA/PD131
8.32,8.32,e,VIGLIANI Marcoaurelio,2006,JM,ATLETICA ARCOBALENO SAVONA,3 sf- 3,Ancona,2024-02-04,https://www.fidal.it/atleta/VIGLIANI-Marcoaurelio/dayRkpSfbGs%3D,https://www.fidal.it/societa/ATLETICA-ARCOBALENO-SAVONA/SV070
8.32,8.32,e,ZUCCON Giovanni,2005,JM,TREVISATLETICA,2 ba- 1,Parma,2024-12-21,https://www.fidal.it/atleta/ZUCCON-Giovanni/eKyRk5Khb2c%3D,https://www.fidal.it/societa/TREVISATLETICA/TV354
8.33,8.33,e,RIZZI Filippo,2006,JM,ATLETICA MALIGNANI LIBERTAS UD,2 fi- 1,Udine,2024-01-20,https://www.fidal.it/atleta/RIZZI-Filippo/eayRlJOfb2c%3D,https://www.fidal.it/societa/ATLETICA-MALIGNANI-LIBERTAS-UD/UD030
8.33,8.33,e,LANZINI Daniele,2005,JM,CENTRO OLIMPIA PIATEDA,1 su- 1,Saronno,2024-01-28,https://www.fidal.it/atleta/LANZINI-Daniele/drGRkpOncGk%3D,https://www.fidal.it/societa/CENTRO-OLIMPIA-PIATEDA/SO585
8.33,8.33,e,BOLIS Stefano,2005,JM,PRO SESTO ATL. CERNUSCO,5 sf- 2,Ancona,2024-02-04,https://www.fidal.it/atleta/BOLIS-Stefano/dq2Rl5igbmc%3D,https://www.fidal.it/societa/PRO-SESTO-ATL--CERNUSCO/MI089
8.34,8.34,e,CORRADIN Pietro,2005,JM,C.U.S. PADOVA,2 fi- 1,Padova,2024-01-27,https://www.fidal.it/atleta/CORRADIN-Pietro/eKqRk5KfaWw%3D,https://www.fidal.it/societa/C-U-S--PADOVA/PD143
8.34,8.34,e,VOTA Giacomo antonio ange,2005,JM,SISPORT SSD,4 sf- 3,Ancona,2024-02-04,https://www.fidal.it/atleta/VOTA-Giacomo-antonio-ange/dK6RlpqgbmU%3D,https://www.fidal.it/societa/SISPORT-SSD/TO002
8.35,8.35,e,BOLOGNESI Paolo,2006,JM,EDERA ATL. FORLI,2 fi- 1,Ancona,2024-01-13,https://www.fidal.it/atleta/BOLOGNESI-Paolo/equRkpOjcGM%3D,https://www.fidal.it/societa/EDERA-ATL--FORLI/FC038
8.35,8.35,e,MORE Gabriel euro,2005,JM,ASD INTERFLUMINA E' PIU' POMI',1 fi- 1,Bergamo,2024-01-21,https://www.fidal.it/atleta/MORE-Gabriel-euro/dqyRl5OgcWU%3D,https://www.fidal.it/societa/ASD-INTERFLUMINA-E-PIU-POMI-/CR150
8.35,8.35,e,MORE Gabriel euro,2005,JM,ASD INTERFLUMINA E' PIU' POMI',2 ba- 2,Bergamo,2024-01-21,https://www.fidal.it/atleta/MORE-Gabriel-euro/dqyRl5OgcWU%3D,https://www.fidal.it/societa/ASD-INTERFLUMINA-E-PIU-POMI-/CR150
8.36,8.36,e,MORE Gabriel euro,2005,JM,ASD INTERFLUMINA E' PIU' POMI',1 ba- 1,Modena,2024-01-13,https://www.fidal.it/atleta/MORE-Gabriel-euro/dqyRl5OgcWU%3D,https://www.fidal.it/societa/ASD-INTERFLUMINA-E-PIU-POMI-/CR150
8.36,8.36,e,GOUEM Adam,2006,JM,EDERA ATL. FORLI,2 ba- 1,Ancona,2024-01-13,https://www.fidal.it/atleta/GOUEM-Adam/equRkpSkbGk%3D,https://www.fidal.it/societa/EDERA-ATL--FORLI/FC038
8.36,8.36,e,GOUEM Adam,2006,JM,EDERA ATL. FORLI,3 fi- 1,Ancona,2024-01-13,https://www.fidal.it/atleta/GOUEM-Adam/equRkpSkbGk%3D,https://www.fidal.it/societa/EDERA-ATL--FORLI/FC038
8.36,8.36,e,GOUEM Adam,2006,JM,EDERA ATL. FORLI,4 fi- 1,Modena,2024-01-20,https://www.fidal.it/atleta/GOUEM-Adam/equRkpSkbGk%3D,https://www.fidal.it/societa/EDERA-ATL--FORLI/FC038
8.36,8.36,e,MORE Gabriel euro,2005,JM,ASD INTERFLUMINA E' PIU' POMI',1 ba- 2,Ancona,2024-02-04,https://www.fidal.it/atleta/MORE-Gabriel-euro/dqyRl5OgcWU%3D,https://www.fidal.it/societa/ASD-INTERFLUMINA-E-PIU-POMI-/CR150
8.36,8.36,e,BOLIS Stefano,2005,JM,PRO SESTO ATL. CERNUSCO,2 ba- 4,Ancona,2024-02-04,https://www.fidal.it/atleta/BOLIS-Stefano/dq2Rl5igbmc%3D,https://www.fidal.it/societa/PRO-SESTO-ATL--CERNUSCO/MI089
8.36,8.36,e,DI TERLIZZI Pasquale,2005,JM,G.S. AVIS BARLETTA A.S.D.,8 fi- 1,Ancona,2024-02-04,https://www.fidal.it/atleta/DI-TERLIZZI-Pasquale/hKmRkpqmbGM%3D,https://www.fidal.it/societa/G-S--AVIS-BARLETTA-A-S-D-/BA754
8.37,8.37,e,ZAPPALA' Giacomo,2006,JM,FIAMME GIALLE G. SIMONI,3 ba- 1,Ancona,2024-01-13,https://www.fidal.it/atleta/ZAPPALA-Giacomo/f6yRlZigbGQ%3D,https://www.fidal.it/societa/FIAMME-GIALLE-G--SIMONI/RM057
8.37,8.37,e,ARRIGONI Michele,2006,JM,ATL. BERGAMO 1959 ORIOCENTER,1 fi- 1,Bergamo,2024-01-14,https://www.fidal.it/atleta/ARRIGONI-Michele/dqmRmJuhamw%3D,https://www.fidal.it/societa/ATL--BERGAMO-1959-ORIOCENTER/BG003
8.37,8.37,e,CORRADIN Pietro,2005,JM,C.U.S. PADOVA,1 ba- 1,Padova,2024-01-27,https://www.fidal.it/atleta/CORRADIN-Pietro/eKqRk5KfaWw%3D,https://www.fidal.it/societa/C-U-S--PADOVA/PD143
8.37,8.37,e,DI NOLA Salvatore,2006,JM,SSD NISSOLINO SPORT SRL ASU,6 sf- 2,Ancona,2024-02-04,https://www.fidal.it/atleta/DI-NOLA-Salvatore/f6qRkpSoaGs%3D,https://www.fidal.it/societa/SSD-NISSOLINO-SPORT-SRL-ASU/RM363
8.37,8.37,e,FRANZE' Tommaso,2005,JM,ATLETICA P.A.R. CANEGRATE,1 se- 1,Padova,2024-03-03,https://www.fidal.it/atleta/FRANZE-Tommaso/dq2RmJijb2o%3D,https://www.fidal.it/societa/ATLETICA-P-A-R--CANEGRATE/MI161
8.38,8.38,e,ENOTARPI Simone,2005,JM,ASD MAURINA OLIO CARLI,5 fi- 1,Modena,2024-01-20,https://www.fidal.it/atleta/ENOTARPI-Simone/daqRkpSmb2U%3D,https://www.fidal.it/societa/ASD-MAURINA-OLIO-CARLI/IM029
8.38,8.38,e,CINCINELLI Riccardo,2005,JM,ATLETICA FIRENZE MARATHON S.S.,2 ba- 2,Ancona,2024-02-04,https://www.fidal.it/atleta/CINCINELLI-Riccardo/famRkpSla2g%3D,https://www.fidal.it/societa/ATLETICA-FIRENZE-MARATHON-S-S-/FI002
8.38,8.38,e,RIZZI Filippo,2006,JM,ATLETICA MALIGNANI LIBERTAS UD,5 sf- 3,Ancona,2024-02-04,https://www.fidal.it/atleta/RIZZI-Filippo/eayRlJOfb2c%3D,https://www.fidal.it/societa/ATLETICA-MALIGNANI-LIBERTAS-UD/UD030
8.38,8.38,e,FRANZE' Tommaso,2005,JM,ATLETICA P.A.R. CANEGRATE,1 su- 1,Bergamo,2024-02-11,https://www.fidal.it/atleta/FRANZE-Tommaso/dq2RmJijb2o%3D,https://www.fidal.it/societa/ATLETICA-P-A-R--CANEGRATE/MI161
8.39,8.39,e,BOLOGNESI Paolo,2006,JM,EDERA ATL. FORLI,1 ba- 2,Modena,2024-01-20,https://www.fidal.it/atleta/BOLOGNESI-Paolo/equRkpOjcGM%3D,https://www.fidal.it/societa/EDERA-ATL--FORLI/FC038
8.39,8.39,e,MATTOLINI Francesco,2005,JM,ATLETICA LIVORNO,1 ba- 1,Firenze,2024-01-27,https://www.fidal.it/atleta/MATTOLINI-Francesco/fayRkpiia2M%3D,https://www.fidal.it/societa/ATLETICA-LIVORNO/LI036
8.39,8.39,e,BOLOGNESI Paolo,2006,JM,EDERA ATL. FORLI,3 ba- 4,Ancona,2024-02-04,https://www.fidal.it/atleta/BOLOGNESI-Paolo/equRkpOjcGM%3D,https://www.fidal.it/societa/EDERA-ATL--FORLI/FC038
8.39,8.39,e,DI NOLA Salvatore,2006,JM,SSD NISSOLINO SPORT SRL ASU,4 ba- 4,Ancona,2024-02-04,https://www.fidal.it/atleta/DI-NOLA-Salvatore/f6qRkpSoaGs%3D,https://www.fidal.it/societa/SSD-NISSOLINO-SPORT-SRL-ASU/RM363
8.39,8.39,e,LUBELLO Kevin,2006,JM,C.S.S. LEONARDO DA VINCI,7 sf- 2,Ancona,2024-02-04,https://www.fidal.it/atleta/LUBELLO-Kevin/iaiRk5efcGs%3D,https://www.fidal.it/societa/C-S-S--LEONARDO-DA-VINCI/BZ071
8.39,8.39,e,SORDI Tommaso,2006,JM,POLISPORTIVA I'GIGLIO,2 fi- 1,Firenze,2024-02-10,https://www.fidal.it/atleta/SORDI-Tommaso/faqRkpqhbGQ%3D,https://www.fidal.it/societa/POLISPORTIVA-I-GIGLIO/FI407
8.39,8.39,e,LUBELLO Kevin,2006,JM,C.S.S. LEONARDO DA VINCI,2 se- 1,Padova,2024-03-03,https://www.fidal.it/atleta/LUBELLO-Kevin/iaiRk5efcGs%3D,https://www.fidal.it/societa/C-S-S--LEONARDO-DA-VINCI/BZ071
8.4,8.40,e,GOUEM Adam,2006,JM,EDERA ATL. FORLI,2 ba- 2,Modena,2024-01-20,https://www.fidal.it/atleta/GOUEM-Adam/equRkpSkbGk%3D,https://www.fidal.it/societa/EDERA-ATL--FORLI/FC038
8.4,8.40,e,ARRIGONI Michele,2006,JM,ATL. BERGAMO 1959 ORIOCENTER,2 fi- 1,Bergamo,2024-01-21,https://www.fidal.it/atleta/ARRIGONI-Michele/dqmRmJuhamw%3D,https://www.fidal.it/societa/ATL--BERGAMO-1959-ORIOCENTER/BG003
8.4,8.40,e,RIZZI Filippo,2006,JM,ATLETICA MALIGNANI LIBERTAS UD,3 fi- 1,Padova,2024-01-27,https://www.fidal.it/atleta/RIZZI-Filippo/eayRlJOfb2c%3D,https://www.fidal.it/societa/ATLETICA-MALIGNANI-LIBERTAS-UD/UD030
8.4,8.40,e,CORRADIN Pietro,2005,JM,C.U.S. PADOVA,2 ba- 1,Ancona,2024-02-04,https://www.fidal.it/atleta/CORRADIN-Pietro/eKqRk5KfaWw%3D,https://www.fidal.it/societa/C-U-S--PADOVA/PD143
8.41,8.41,e,ENOTARPI Simone,2005,JM,ASD MAURINA OLIO CARLI,2 ba- 3,Modena,2024-01-20,https://www.fidal.it/atleta/ENOTARPI-Simone/daqRkpSmb2U%3D,https://www.fidal.it/societa/ASD-MAURINA-OLIO-CARLI/IM029
8.41,8.41,e,ROLDO Demis,1985,SM35,ANA ATL.FELTRE,1 su- 1,Ancona,2024-02-24,https://www.fidal.it/atleta/ROLDO-Demis/eKmRlJKhcGw%3D,https://www.fidal.it/societa/ANA-ATL-FELTRE/BL012
8.43,8.43,e,CORRADIN Pietro,2005,JM,C.U.S. PADOVA,6 sf- 1,Ancona,2024-02-04,https://www.fidal.it/atleta/CORRADIN-Pietro/eKqRk5KfaWw%3D,https://www.fidal.it/societa/C-U-S--PADOVA/PD143
8.44,8.44,e,STALLONE Marco,2006,JM,ATLETICA MALIGNANI LIBERTAS UD,2 ba- 1,Padova,2024-01-27,https://www.fidal.it/atleta/STALLONE-Marco/eayRk5eiaGc%3D,https://www.fidal.it/societa/ATLETICA-MALIGNANI-LIBERTAS-UD/UD030
8.44,8.44,e,STALLONE Marco,2006,JM,ATLETICA MALIGNANI LIBERTAS UD,5 ba- 3,Ancona,2024-02-04,https://www.fidal.it/atleta/STALLONE-Marco/eayRk5eiaGc%3D,https://www.fidal.it/societa/ATLETICA-MALIGNANI-LIBERTAS-UD/UD030
8.45,8.45,e,ARRIGONI Michele,2006,JM,ATL. BERGAMO 1959 ORIOCENTER,1 su- 1,Bergamo,2024-01-07,https://www.fidal.it/atleta/ARRIGONI-Michele/dqmRmJuhamw%3D,https://www.fidal.it/societa/ATL--BERGAMO-1959-ORIOCENTER/BG003
8.45,8.45,e,CORRADIN Pietro,2005,JM,C.U.S. PADOVA,3 ba- 1,Padova,2024-01-14,https://www.fidal.it/atleta/CORRADIN-Pietro/eKqRk5KfaWw%3D,https://www.fidal.it/societa/C-U-S--PADOVA/PD143
8.45,8.45,e,DALMAZIO Leonardo,2005,JM,SSD NISSOLINO SPORT SRL ASU,1 fi- 1,Ancona,2024-01-27,https://www.fidal.it/atleta/DALMAZIO-Leonardo/f6qRkpWhbmQ%3D,https://www.fidal.it/societa/SSD-NISSOLINO-SPORT-SRL-ASU/RM363
8.46,8.46,e,CINCINELLI Riccardo,2005,JM,ATLETICA FIRENZE MARATHON S.S.,1 ba- 1,Ancona,2024-01-06,https://www.fidal.it/atleta/CINCINELLI-Riccardo/famRkpSla2g%3D,https://www.fidal.it/societa/ATLETICA-FIRENZE-MARATHON-S-S-/FI002
8.46,8.46,e,VOTA Giacomo antonio ange,2005,JM,SISPORT SSD,1 ba- 1,Aosta,2024-01-14,https://www.fidal.it/atleta/VOTA-Giacomo-antonio-ange/dK6RlpqgbmU%3D,https://www.fidal.it/societa/SISPORT-SSD/TO002
8.46,8.46,e,VIGLIANI Marcoaurelio,2006,JM,ATLETICA ARCOBALENO SAVONA,3 ba- 1,Ancona,2024-02-04,https://www.fidal.it/atleta/VIGLIANI-Marcoaurelio/dayRkpSfbGs%3D,https://www.fidal.it/societa/ATLETICA-ARCOBALENO-SAVONA/SV070
8.46,8.46,e,ZUCCON Giovanni,2005,JM,TREVISATLETICA,3 ba- 2,Ancona,2024-02-04,https://www.fidal.it/atleta/ZUCCON-Giovanni/eKyRk5Khb2c%3D,https://www.fidal.it/societa/TREVISATLETICA/TV354
8.47,8.47,e,MORE Gabriel euro,2005,JM,ASD INTERFLUMINA E' PIU' POMI',1 fi- 1,Modena,2024-01-13,https://www.fidal.it/atleta/MORE-Gabriel-euro/dqyRl5OgcWU%3D,https://www.fidal.it/societa/ASD-INTERFLUMINA-E-PIU-POMI-/CR150
8.47,8.47,e,DALMAZIO Leonardo,2005,JM,SSD NISSOLINO SPORT SRL ASU,6 sf- 3,Ancona,2024-02-04,https://www.fidal.it/atleta/DALMAZIO-Leonardo/f6qRkpWhbmQ%3D,https://www.fidal.it/societa/SSD-NISSOLINO-SPORT-SRL-ASU/RM363
8.47,8.47,e,BELLINI Federico,2006,JM,TOSCANA ATLETICA JOLLY,7 sf- 1,Ancona,2024-02-04,https://www.fidal.it/atleta/BELLINI-Federico/faqRk5SmbGg%3D,https://www.fidal.it/societa/TOSCANA-ATLETICA-JOLLY/FI018
8.48,8.48,e,BOLOGNESI Paolo,2006,JM,EDERA ATL. FORLI,1 ba- 2,Ancona,2024-01-06,https://www.fidal.it/atleta/BOLOGNESI-Paolo/equRkpOjcGM%3D,https://www.fidal.it/societa/EDERA-ATL--FORLI/FC038
8.48,8.48,e,BOLIS Stefano,2005,JM,PRO SESTO ATL. CERNUSCO,1 su- 1,Saronno,2024-01-14,https://www.fidal.it/atleta/BOLIS-Stefano/dq2Rl5igbmc%3D,https://www.fidal.it/societa/PRO-SESTO-ATL--CERNUSCO/MI089
8.48,8.48,e,BOLIS Stefano,2005,JM,PRO SESTO ATL. CERNUSCO,3 ba- 2,Bergamo,2024-01-21,https://www.fidal.it/atleta/BOLIS-Stefano/dq2Rl5igbmc%3D,https://www.fidal.it/societa/PRO-SESTO-ATL--CERNUSCO/MI089
8.48,8.48,e,ENOTARPI Simone,2005,JM,ASD MAURINA OLIO CARLI,8 sf- 1,Ancona,2024-02-04,https://www.fidal.it/atleta/ENOTARPI-Simone/daqRkpSmb2U%3D,https://www.fidal.it/societa/ASD-MAURINA-OLIO-CARLI/IM029
8.48,8.48,e,SORDI Tommaso,2006,JM,POLISPORTIVA I'GIGLIO,2 ba- 1,Firenze,2024-02-10,https://www.fidal.it/atleta/SORDI-Tommaso/faqRkpqhbGQ%3D,https://www.fidal.it/societa/POLISPORTIVA-I-GIGLIO/FI407
8.49,8.49,e,CORRADIN Pietro,2005,JM,C.U.S. PADOVA,3 fi- 1,Padova,2024-01-14,https://www.fidal.it/atleta/CORRADIN-Pietro/eKqRk5KfaWw%3D,https://www.fidal.it/societa/C-U-S--PADOVA/PD143
8.49,8.49,e,GIACOSA Marco,2006,JM,ASD MAURINA OLIO CARLI,1 fi- 1,Parma,2024-01-27,https://www.fidal.it/atleta/GIACOSA-Marco/daqRkpKocWg%3D,https://www.fidal.it/societa/ASD-MAURINA-OLIO-CARLI/IM029
8.49,8.49,e,RIZZI Filippo,2006,JM,ATLETICA MALIGNANI LIBERTAS UD,3 ba- 1,Padova,2024-01-27,https://www.fidal.it/atleta/RIZZI-Filippo/eayRlJOfb2c%3D,https://www.fidal.it/societa/ATLETICA-MALIGNANI-LIBERTAS-UD/UD030
8.49,8.49,e,RIZZI Filippo,2006,JM,ATLETICA MALIGNANI LIBERTAS UD,4 ba- 1,Ancona,2024-02-04,https://www.fidal.it/atleta/RIZZI-Filippo/eayRlJOfb2c%3D,https://www.fidal.it/societa/ATLETICA-MALIGNANI-LIBERTAS-UD/UD030
8.49,8.49,e,ENOTARPI Simone,2005,JM,ASD MAURINA OLIO CARLI,5 ba- 4,Ancona,2024-02-04,https://www.fidal.it/atleta/ENOTARPI-Simone/daqRkpSmb2U%3D,https://www.fidal.it/societa/ASD-MAURINA-OLIO-CARLI/IM029
8.49,8.49,e,FRANZE' Tommaso,2005,JM,ATLETICA P.A.R. CANEGRATE,1 su- 1,Bergamo,2024-02-11,https://www.fidal.it/atleta/FRANZE-Tommaso/dq2RmJijb2o%3D,https://www.fidal.it/societa/ATLETICA-P-A-R--CANEGRATE/MI161
8.5,8.50,e,BOLOGNESI Paolo,2006,JM,EDERA ATL. FORLI,6 fi- 1,Modena,2024-01-20,https://www.fidal.it/atleta/BOLOGNESI-Paolo/equRkpOjcGM%3D,https://www.fidal.it/societa/EDERA-ATL--FORLI/FC038
8.5,8.50,e,BOLIS Stefano,2005,JM,PRO SESTO ATL. CERNUSCO,3 fi- 1,Bergamo,2024-01-21,https://www.fidal.it/atleta/BOLIS-Stefano/dq2Rl5igbmc%3D,https://www.fidal.it/societa/PRO-SESTO-ATL--CERNUSCO/MI089
8.51,8.51,e,ZANETTI Luca vittorio,2005,JM,ATL. O.S.A. SARONNO LIB.,1 se- 2,Saronno,2024-01-07,https://www.fidal.it/atleta/ZANETTI-Luca-vittorio/drKRkpqhaWQ%3D,https://www.fidal.it/societa/ATL--O-S-A--SARONNO-LIB-/VA119
8.51,8.51,e,VOTA Giacomo antonio ange,2005,JM,SISPORT SSD,1 fi- 1,Aosta,2024-01-14,https://www.fidal.it/atleta/VOTA-Giacomo-antonio-ange/dK6RlpqgbmU%3D,https://www.fidal.it/societa/SISPORT-SSD/TO002
8.51,8.51,e,GIACOSA Marco,2006,JM,ASD MAURINA OLIO CARLI,1 ba- 1,Parma,2024-01-27,https://www.fidal.it/atleta/GIACOSA-Marco/daqRkpKocWg%3D,https://www.fidal.it/societa/ASD-MAURINA-OLIO-CARLI/IM029
8.51,8.51,e,BELLINI Federico,2006,JM,TOSCANA ATLETICA JOLLY,3 ba- 5,Ancona,2024-02-04,https://www.fidal.it/atleta/BELLINI-Federico/faqRk5SmbGg%3D,https://www.fidal.it/societa/TOSCANA-ATLETICA-JOLLY/FI018
8.51,8.51,e,LUBELLO Kevin,2006,JM,C.S.S. LEONARDO DA VINCI,5 ba- 1,Ancona,2024-02-04,https://www.fidal.it/atleta/LUBELLO-Kevin/iaiRk5efcGs%3D,https://www.fidal.it/societa/C-S-S--LEONARDO-DA-VINCI/BZ071
8.51,8.51,e,ROLDO Demis,1985,SM35,ANA ATL.FELTRE,2 se- 1,Padova,2024-03-09,https://www.fidal.it/atleta/ROLDO-Demis/eKmRlJKhcGw%3D,https://www.fidal.it/societa/ANA-ATL-FELTRE/BL012
8.52,8.52,e,RIZZI Filippo,2006,JM,ATLETICA MALIGNANI LIBERTAS UD,2 ba- 1,Udine,2024-01-20,https://www.fidal.it/atleta/RIZZI-Filippo/eayRlJOfb2c%3D,https://www.fidal.it/societa/ATLETICA-MALIGNANI-LIBERTAS-UD/UD030
8.53,8.53,e,ZAPPALA' Giacomo,2006,JM,FIAMME GIALLE G. SIMONI,3 fi- 1,Ancona,2024-01-06,https://www.fidal.it/atleta/ZAPPALA-Giacomo/f6yRlZigbGQ%3D,https://www.fidal.it/societa/FIAMME-GIALLE-G--SIMONI/RM057
8.53,8.53,e,ZAPPALA' Giacomo,2006,JM,FIAMME GIALLE G. SIMONI,4 fi- 1,Ancona,2024-01-13,https://www.fidal.it/atleta/ZAPPALA-Giacomo/f6yRlZigbGQ%3D,https://www.fidal.it/societa/FIAMME-GIALLE-G--SIMONI/RM057
8.53,8.53,e,ZANELLA Andrea,2006,JM,U.S. QUERCIA DAO CONAD,4 fi- 1,Padova,2024-01-14,https://www.fidal.it/atleta/ZANELLA-Andrea/d6iRlJKlcGk%3D,https://www.fidal.it/societa/U-S--QUERCIA-DAO-CONAD/TN109
8.54,8.54,e,ARRIGONI Michele,2006,JM,ATL. BERGAMO 1959 ORIOCENTER,1 ba- 2,Bergamo,2024-01-14,https://www.fidal.it/atleta/ARRIGONI-Michele/dqmRmJuhamw%3D,https://www.fidal.it/societa/ATL--BERGAMO-1959-ORIOCENTER/BG003
8.54,8.54,e,RIZZI Filippo,2006,JM,ATLETICA MALIGNANI LIBERTAS UD,1 ba- 2,Padova,2024-01-14,https://www.fidal.it/atleta/RIZZI-Filippo/eayRlJOfb2c%3D,https://www.fidal.it/societa/ATLETICA-MALIGNANI-LIBERTAS-UD/UD030
8.54,8.54,e,LUBELLO Kevin,2006,JM,C.S.S. LEONARDO DA VINCI,1 fi- 3,Padova,2024-01-14,https://www.fidal.it/atleta/LUBELLO-Kevin/iaiRk5efcGs%3D,https://www.fidal.it/societa/C-S-S--LEONARDO-DA-VINCI/BZ071
8.54,8.54,e,MAGGIONI Matteo,2006,JM,ATL. LECCO-COLOMBO COSTRUZ.,2 fi- 1,Bergamo,2024-01-14,https://www.fidal.it/atleta/MAGGIONI-Matteo/dquRk5ahamM%3D,https://www.fidal.it/societa/ATL--LECCO-COLOMBO-COSTRUZ-/CO208
8.54,8.54,e,DALMAZIO Leonardo,2005,JM,SSD NISSOLINO SPORT SRL ASU,1 ba- 1,Ancona,2024-01-27,https://www.fidal.it/atleta/DALMAZIO-Leonardo/f6qRkpWhbmQ%3D,https://www.fidal.it/societa/SSD-NISSOLINO-SPORT-SRL-ASU/RM363
8.54,8.54,e,DALMAZIO Leonardo,2005,JM,SSD NISSOLINO SPORT SRL ASU,4 ba- 5,Ancona,2024-02-04,https://www.fidal.it/atleta/DALMAZIO-Leonardo/f6qRkpWhbmQ%3D,https://www.fidal.it/societa/SSD-NISSOLINO-SPORT-SRL-ASU/RM363
8.54,8.54,e,MAGGIONI Matteo,2006,JM,ATL. LECCO-COLOMBO COSTRUZ.,3 se- 1,Padova,2024-03-03,https://www.fidal.it/atleta/MAGGIONI-Matteo/dquRk5ahamM%3D,https://www.fidal.it/societa/ATL--LECCO-COLOMBO-COSTRUZ-/CO208
8.55,8.55,e,ZAPPALA' Giacomo,2006,JM,FIAMME GIALLE G. SIMONI,2 ba- 1,Ancona,2024-01-06,https://www.fidal.it/atleta/ZAPPALA-Giacomo/f6yRlZigbGQ%3D,https://www.fidal.it/societa/FIAMME-GIALLE-G--SIMONI/RM057
8.55,8.55,e,MAGGIONI Matteo,2006,JM,ATL. LECCO-COLOMBO COSTRUZ.,1 se- 4,Bergamo,2024-01-28,https://www.fidal.it/atleta/MAGGIONI-Matteo/dquRk5ahamM%3D,https://www.fidal.it/societa/ATL--LECCO-COLOMBO-COSTRUZ-/CO208
8.55,8.55,e,MATTOLINI Francesco,2005,JM,ATLETICA LIVORNO,1 se- 1,Padova,2024-02-04,https://www.fidal.it/atleta/MATTOLINI-Francesco/fayRkpiia2M%3D,https://www.fidal.it/societa/ATLETICA-LIVORNO/LI036
8.55,8.55,e,GIACOSA Marco,2006,JM,ASD MAURINA OLIO CARLI,7 sf- 3,Ancona,2024-02-04,https://www.fidal.it/atleta/GIACOSA-Marco/daqRkpKocWg%3D,https://www.fidal.it/societa/ASD-MAURINA-OLIO-CARLI/IM029
8.56,8.56,e,VIGLIANI Marcoaurelio,2006,JM,ATLETICA ARCOBALENO SAVONA,1 fi- 1,Casalmaggiore,2024-01-21,https://www.fidal.it/atleta/VIGLIANI-Marcoaurelio/dayRkpSfbGs%3D,https://www.fidal.it/societa/ATLETICA-ARCOBALENO-SAVONA/SV070
8.56,8.56,e,SORDI Tommaso,2006,JM,POLISPORTIVA I'GIGLIO,1 fi- 1,Firenze,2024-01-27,https://www.fidal.it/atleta/SORDI-Tommaso/faqRkpqhbGQ%3D,https://www.fidal.it/societa/POLISPORTIVA-I-GIGLIO/FI407
8.56,8.56,e,TESTA Nicola,2005,JM,ATL.VICENTINA,4 ba- 2,Ancona,2024-02-04,https://www.fidal.it/atleta/TESTA-Nicola/eK6Rk5Oka2M%3D,https://www.fidal.it/societa/ATL-VICENTINA/VI626
8.56,8.56,e,MAGGIONI Matteo,2006,JM,ATL. LECCO-COLOMBO COSTRUZ.,2 su- 1,Bergamo,2024-02-11,https://www.fidal.it/atleta/MAGGIONI-Matteo/dquRk5ahamM%3D,https://www.fidal.it/societa/ATL--LECCO-COLOMBO-COSTRUZ-/CO208
8.57,8.57,e,ARRIGONI Michele,2006,JM,ATL. BERGAMO 1959 ORIOCENTER,1 su- 1,Bergamo,2024-01-07,https://www.fidal.it/atleta/ARRIGONI-Michele/dqmRmJuhamw%3D,https://www.fidal.it/societa/ATL--BERGAMO-1959-ORIOCENTER/BG003
8.57,8.57,e,ZANELLA Andrea,2006,JM,U.S. QUERCIA DAO CONAD,1 ba- 3,Padova,2024-01-14,https://www.fidal.it/atleta/ZANELLA-Andrea/d6iRlJKlcGk%3D,https://www.fidal.it/societa/U-S--QUERCIA-DAO-CONAD/TN109
8.57,8.57,e,GHIDONI Enrico,2005,JM,S.G.LA PATRIA 1879 CARPI,1 fi- 2,Modena,2024-01-20,https://www.fidal.it/atleta/GHIDONI-Enrico/eqyRkpShbGw%3D,https://www.fidal.it/societa/S-G-LA-PATRIA-1879-CARPI/MO057
8.57,8.57,e,GIACOSA Marco,2006,JM,ASD MAURINA OLIO CARLI,5 ba- 5,Ancona,2024-02-04,https://www.fidal.it/atleta/GIACOSA-Marco/daqRkpKocWg%3D,https://www.fidal.it/societa/ASD-MAURINA-OLIO-CARLI/IM029
8.57,8.57,e,COSTA Matteo gianfranco,2006,JM,ATL. GALLARATESE,3 su- 1,Bergamo,2024-02-11,https://www.fidal.it/atleta/COSTA-Matteo-gianfranco/drKRk5ehb2Q%3D,https://www.fidal.it/societa/ATL--GALLARATESE/VA731
8.57,8.57,e,MATTOLINI Francesco,2005,JM,ATLETICA LIVORNO,4 se- 1,Padova,2024-03-03,https://www.fidal.it/atleta/MATTOLINI-Francesco/fayRkpiia2M%3D,https://www.fidal.it/societa/ATLETICA-LIVORNO/LI036
8.58,8.58,e,GOUEM Adam,2006,JM,EDERA ATL. FORLI,2 ba- 2,Ancona,2024-01-06,https://www.fidal.it/atleta/GOUEM-Adam/equRkpSkbGk%3D,https://www.fidal.it/societa/EDERA-ATL--FORLI/FC038
8.58,8.58,e,BELLINI Federico,2006,JM,TOSCANA ATLETICA JOLLY,2 fi- 2,Modena,2024-01-20,https://www.fidal.it/atleta/BELLINI-Federico/faqRk5SmbGg%3D,https://www.fidal.it/societa/TOSCANA-ATLETICA-JOLLY/FI018
8.58,8.58,e,GRACEFFA Mauro,2006,JM,FIAMME GIALLE G. SIMONI,2 fi- 1,Ancona,2024-01-27,https://www.fidal.it/atleta/GRACEFFA-Mauro/f6yRk5WhbWw%3D,https://www.fidal.it/societa/FIAMME-GIALLE-G--SIMONI/RM057
8.58,8.58,e,ZANELLA Andrea,2006,JM,U.S. QUERCIA DAO CONAD,4 ba- 1,Padova,2024-01-27,https://www.fidal.it/atleta/ZANELLA-Andrea/d6iRlJKlcGk%3D,https://www.fidal.it/societa/U-S--QUERCIA-DAO-CONAD/TN109
8.59,8.59,e,RIZZI Filippo,2006,JM,ATLETICA MALIGNANI LIBERTAS UD,5 fi- 1,Padova,2024-01-14,https://www.fidal.it/atleta/RIZZI-Filippo/eayRlJOfb2c%3D,https://www.fidal.it/societa/ATLETICA-MALIGNANI-LIBERTAS-UD/UD030
8.59,8.59,e,COLLURA Dario,2006,JM,LIBERTAS ATLETICA FORLI',3 fi- 2,Modena,2024-01-20,https://www.fidal.it/atleta/COLLURA-Dario/equRkpOfamk%3D,https://www.fidal.it/societa/LIBERTAS-ATLETICA-FORLI-/FC542
8.59,8.59,e,MATTOLINI Francesco,2005,JM,ATLETICA LIVORNO,1 se- 1,Firenze,2024-02-18,https://www.fidal.it/atleta/MATTOLINI-Francesco/fayRkpiia2M%3D,https://www.fidal.it/societa/ATLETICA-LIVORNO/LI036
8.6,8.60,e,FRANZE' Tommaso,2005,JM,ATLETICA P.A.R. CANEGRATE,4 ba- 1,Padova,2024-01-14,https://www.fidal.it/atleta/FRANZE-Tommaso/dq2RmJijb2o%3D,https://www.fidal.it/societa/ATLETICA-P-A-R--CANEGRATE/MI161
8.6,8.60,e,COSTA Matteo gianfranco,2006,JM,ATL. GALLARATESE,2 su- 1,Bergamo,2024-02-11,https://www.fidal.it/atleta/COSTA-Matteo-gianfranco/drKRk5ehb2Q%3D,https://www.fidal.it/societa/ATL--GALLARATESE/VA731
8.6,8.60,e,MAGGIONI Matteo,2006,JM,ATL. LECCO-COLOMBO COSTRUZ.,3 su- 1,Bergamo,2024-02-11,https://www.fidal.it/atleta/MAGGIONI-Matteo/dquRk5ahamM%3D,https://www.fidal.it/societa/ATL--LECCO-COLOMBO-COSTRUZ-/CO208
8.62,8.62,e,BOLIS Stefano,2005,JM,PRO SESTO ATL. CERNUSCO,1 su- 1,Saronno,2024-01-14,https://www.fidal.it/atleta/BOLIS-Stefano/dq2Rl5igbmc%3D,https://www.fidal.it/societa/PRO-SESTO-ATL--CERNUSCO/MI089
8.62,8.62,e,BELLINI Federico,2006,JM,TOSCANA ATLETICA JOLLY,3 ba- 3,Modena,2024-01-20,https://www.fidal.it/atleta/BELLINI-Federico/faqRk5SmbGg%3D,https://www.fidal.it/societa/TOSCANA-ATLETICA-JOLLY/FI018
8.63,8.63,e,COSTA Matteo gianfranco,2006,JM,ATL. GALLARATESE,1 se- 1,Saronno,2024-01-07,https://www.fidal.it/atleta/COSTA-Matteo-gianfranco/drKRk5ehb2Q%3D,https://www.fidal.it/societa/ATL--GALLARATESE/VA731
8.63,8.63,e,ZANETTI Luca vittorio,2005,JM,ATL. O.S.A. SARONNO LIB.,1 se- 3,Saronno,2024-01-07,https://www.fidal.it/atleta/ZANETTI-Luca-vittorio/drKRkpqhaWQ%3D,https://www.fidal.it/societa/ATL--O-S-A--SARONNO-LIB-/VA119
8.63,8.63,e,CAPUTO Donato,2005,JM,ASD ARCA ATL.AVERSA A.AVERSANO,1 fi- 1,Rieti,2024-01-13,https://www.fidal.it/atleta/CAPUTO-Donato/gKuRkpOkcWY%3D,https://www.fidal.it/societa/ASD-ARCA-ATL-AVERSA-A-AVERSANO/CE033
8.63,8.63,e,BELLINI Federico,2006,JM,TOSCANA ATLETICA JOLLY,2 ba- 1,Firenze,2024-01-27,https://www.fidal.it/atleta/BELLINI-Federico/faqRk5SmbGg%3D,https://www.fidal.it/societa/TOSCANA-ATLETICA-JOLLY/FI018
8.63,8.63,e,LOTTICI Ludovico,2006,JM,ATL. BUZZETTI,4 fi- 1,Parma,2024-12-21,https://www.fidal.it/atleta/LOTTICI-Ludovico/eq6RkpmibGo%3D,https://www.fidal.it/societa/ATL--BUZZETTI/PR439
8.64,8.64,e,CANDILIO Davis,2005,JM,SSD NISSOLINO SPORT SRL ASU,3 fi- 1,Ancona,2024-01-27,https://www.fidal.it/atleta/CANDILIO-Davis/f6qRkpehcGU%3D,https://www.fidal.it/societa/SSD-NISSOLINO-SPORT-SRL-ASU/RM363
8.64,8.64,e,VICINANZA Lorenzo,2006,JM,ASD NISSOLINO INTESATLETICA,1 fi- 1,Rieti,2024-01-28,https://www.fidal.it/atleta/VICINANZA-Lorenzo/f6qRkpanb2Q%3D,https://www.fidal.it/societa/ASD-NISSOLINO-INTESATLETICA/LT260
8.64,8.64,e,TOMMASI Fabio,2005,JM,ATLETICA RIVIERA DEL BRENTA,5 ba- 2,Ancona,2024-02-04,https://www.fidal.it/atleta/TOMMASI-Fabio/eK2Rk5Sga2Y%3D,https://www.fidal.it/societa/ATLETICA-RIVIERA-DEL-BRENTA/VE473
8.65,8.65,e,COSTA Matteo gianfranco,2006,JM,ATL. GALLARATESE,2 se- 2,Saronno,2024-01-07,https://www.fidal.it/atleta/COSTA-Matteo-gianfranco/drKRk5ehb2Q%3D,https://www.fidal.it/societa/ATL--GALLARATESE/VA731
8.65,8.65,e,BOLIS Stefano,2005,JM,PRO SESTO ATL. CERNUSCO,2 su- 1,Bergamo,2024-01-07,https://www.fidal.it/atleta/BOLIS-Stefano/dq2Rl5igbmc%3D,https://www.fidal.it/societa/PRO-SESTO-ATL--CERNUSCO/MI089
8.65,8.65,e,MONFRINI Francesco,2005,JM,CUS PRO PATRIA MILANO,1 se- 3,Padova,2024-03-03,https://www.fidal.it/atleta/MONFRINI-Francesco/dqyRlpqmbmw%3D,https://www.fidal.it/societa/CUS-PRO-PATRIA-MILANO/MI077
8.66,8.66,e,BOLIS Stefano,2005,JM,PRO SESTO ATL. CERNUSCO,2 su- 1,Bergamo,2024-01-07,https://www.fidal.it/atleta/BOLIS-Stefano/dq2Rl5igbmc%3D,https://www.fidal.it/societa/PRO-SESTO-ATL--CERNUSCO/MI089
8.66,8.66,e,DALMAZIO Leonardo,2005,JM,SSD NISSOLINO SPORT SRL ASU,4 ba- 1,Ancona,2024-01-13,https://www.fidal.it/atleta/DALMAZIO-Leonardo/f6qRkpWhbmQ%3D,https://www.fidal.it/societa/SSD-NISSOLINO-SPORT-SRL-ASU/RM363
8.66,8.66,e,MAGNANI Paolo,2006,JM,ATL. REGGIO ASD,2 se- 1,Padova,2024-02-04,https://www.fidal.it/atleta/MAGNANI-Paolo/erGRkpanamw%3D,https://www.fidal.it/societa/ATL--REGGIO-ASD/RE128
8.66,8.66,e,TESTA Nicola,2005,JM,ATL.VICENTINA,8 sf- 2,Ancona,2024-02-04,https://www.fidal.it/atleta/TESTA-Nicola/eK6Rk5Oka2M%3D,https://www.fidal.it/societa/ATL-VICENTINA/VI626
8.67,8.67,e,ENOTARPI Simone,2005,JM,ASD MAURINA OLIO CARLI,2 ba- 1,Modena,2024-01-13,https://www.fidal.it/atleta/ENOTARPI-Simone/daqRkpSmb2U%3D,https://www.fidal.it/societa/ASD-MAURINA-OLIO-CARLI/IM029
8.67,8.67,e,RICOZZI Emanuele,2006,JM,ATL.STUD. RIETI ANDREA MILARDI,2 ba- 1,Ancona,2024-01-27,https://www.fidal.it/atleta/RICOZZI-Emanuele/f62RkpembGc%3D,https://www.fidal.it/societa/ATL-STUD--RIETI-ANDREA-MILARDI/RI223
8.67,8.67,e,GHIDONI Enrico,2005,JM,S.G.LA PATRIA 1879 CARPI,6 ba- 3,Ancona,2024-02-04,https://www.fidal.it/atleta/GHIDONI-Enrico/eqyRkpShbGw%3D,https://www.fidal.it/societa/S-G-LA-PATRIA-1879-CARPI/MO057
8.67,8.67,e,RENATI Davide,2006,JM,CREMONA SPORTIVA ATL. ARVEDI,5 fi- 1,Parma,2024-12-21,https://www.fidal.it/atleta/RENATI-Davide/dqyRlpukcGc%3D,https://www.fidal.it/societa/CREMONA-SPORTIVA-ATL--ARVEDI/CR041
8.68,8.68,e,COLLURA Dario,2006,JM,LIBERTAS ATLETICA FORLI',1 ba- 2,Ancona,2024-01-13,https://www.fidal.it/atleta/COLLURA-Dario/equRkpOfamk%3D,https://www.fidal.it/societa/LIBERTAS-ATLETICA-FORLI-/FC542
8.68,8.68,e,BOLOGNESI Paolo,2006,JM,EDERA ATL. FORLI,5 ba- 1,Ancona,2024-01-13,https://www.fidal.it/atleta/BOLOGNESI-Paolo/equRkpOjcGM%3D,https://www.fidal.it/societa/EDERA-ATL--FORLI/FC038
8.68,8.68,e,MAGGIONI Matteo,2006,JM,ATL. LECCO-COLOMBO COSTRUZ.,2 ba- 2,Bergamo,2024-01-14,https://www.fidal.it/atleta/MAGGIONI-Matteo/dquRk5ahamM%3D,https://www.fidal.it/societa/ATL--LECCO-COLOMBO-COSTRUZ-/CO208
8.68,8.68,e,TOMMASI Fabio,2005,JM,ATLETICA RIVIERA DEL BRENTA,1 ba- 2,Padova,2024-01-27,https://www.fidal.it/atleta/TOMMASI-Fabio/eK2Rk5Sga2Y%3D,https://www.fidal.it/societa/ATLETICA-RIVIERA-DEL-BRENTA/VE473
8.68,8.68,e,EBERHART Claudius,2005,JM,C.U.S. VERONA SEZ. ATLETICA,3 se- 1,Padova,2024-02-04,https://www.fidal.it/atleta/EBERHART-Claudius/eKAAARk5ajaGg%3D,https://www.fidal.it/societa/C-U-S--VERONA-SEZ--ATLETICA/VR825
8.68,8.68,e,SPALLINO Cristiano,2006,JM,A.S. DIL. MILONE,6 ba- 4,Ancona,2024-02-04,https://www.fidal.it/atleta/SPALLINO-Cristiano/h7GRkpOlb2w%3D,https://www.fidal.it/societa/A-S--DIL--MILONE/SR128
8.69,8.69,e,GIACOSA Marco,2006,JM,ASD MAURINA OLIO CARLI,2 ba- 1,Modena,2024-01-20,https://www.fidal.it/atleta/GIACOSA-Marco/daqRkpKocWg%3D,https://www.fidal.it/societa/ASD-MAURINA-OLIO-CARLI/IM029
8.69,8.69,e,GIACOSA Marco,2006,JM,ASD MAURINA OLIO CARLI,4 fi- 2,Modena,2024-01-20,https://www.fidal.it/atleta/GIACOSA-Marco/daqRkpKocWg%3D,https://www.fidal.it/societa/ASD-MAURINA-OLIO-CARLI/IM029
8.69,8.69,e,SORDI Tommaso,2006,JM,POLISPORTIVA I'GIGLIO,1 ba- 2,Firenze,2024-01-27,https://www.fidal.it/atleta/SORDI-Tommaso/faqRkpqhbGQ%3D,https://www.fidal.it/societa/POLISPORTIVA-I-GIGLIO/FI407
8.69,8.69,e,TOMMASI Fabio,2005,JM,ATLETICA RIVIERA DEL BRENTA,4 fi- 1,Padova,2024-01-27,https://www.fidal.it/atleta/TOMMASI-Fabio/eK2Rk5Sga2Y%3D,https://www.fidal.it/societa/ATLETICA-RIVIERA-DEL-BRENTA/VE473
8.69,8.69,e,COLLURA Dario,2006,JM,LIBERTAS ATLETICA FORLI',6 ba- 5,Ancona,2024-02-04,https://www.fidal.it/atleta/COLLURA-Dario/equRkpOfamk%3D,https://www.fidal.it/societa/LIBERTAS-ATLETICA-FORLI-/FC542
8.69,8.69,e,COSTA Matteo gianfranco,2006,JM,ATL. GALLARATESE,7 ba- 4,Ancona,2024-02-04,https://www.fidal.it/atleta/COSTA-Matteo-gianfranco/drKRk5ehb2Q%3D,https://www.fidal.it/societa/ATL--GALLARATESE/VA731
8.7,8.70,e,BELLINI Federico,2006,JM,TOSCANA ATLETICA JOLLY,2 fi- 1,Firenze,2024-01-27,https://www.fidal.it/atleta/BELLINI-Federico/faqRk5SmbGg%3D,https://www.fidal.it/societa/TOSCANA-ATLETICA-JOLLY/FI018
8.71,8.71,e,SCOPEL Simone,2006,JM,ANA ATL.FELTRE,2 ba- 3,Padova,2024-01-14,https://www.fidal.it/atleta/SCOPEL-Simone/eKmRlJeocGU%3D,https://www.fidal.it/societa/ANA-ATL-FELTRE/BL012
8.71,8.71,e,ZANELLA Andrea,2006,JM,U.S. QUERCIA DAO CONAD,7 ba- 3,Ancona,2024-02-04,https://www.fidal.it/atleta/ZANELLA-Andrea/d6iRlJKlcGk%3D,https://www.fidal.it/societa/U-S--QUERCIA-DAO-CONAD/TN109
8.72,8.72,e,TOMMASI Fabio,2005,JM,ATLETICA RIVIERA DEL BRENTA,6 fi- 1,Padova,2024-01-14,https://www.fidal.it/atleta/TOMMASI-Fabio/eK2Rk5Sga2Y%3D,https://www.fidal.it/societa/ATLETICA-RIVIERA-DEL-BRENTA/VE473
8.72,8.72,e,SCOPEL Simone,2006,JM,ANA ATL.FELTRE,5 fi- 1,Padova,2024-01-27,https://www.fidal.it/atleta/SCOPEL-Simone/eKmRlJeocGU%3D,https://www.fidal.it/societa/ANA-ATL-FELTRE/BL012
8.73,8.73,e,FRANCINI Diego,2005,JM,TOSCANA ATLETICA JOLLY,5 fi- 2,Modena,2024-01-20,https://www.fidal.it/atleta/FRANCINI-Diego/faqRkpmmbWQ%3D,https://www.fidal.it/societa/TOSCANA-ATLETICA-JOLLY/FI018
8.73,8.73,e,SCOPEL Simone,2006,JM,ANA ATL.FELTRE,2 ba- 2,Padova,2024-01-27,https://www.fidal.it/atleta/SCOPEL-Simone/eKmRlJeocGU%3D,https://www.fidal.it/societa/ANA-ATL-FELTRE/BL012
8.73,8.73,e,RENATI Davide,2006,JM,CREMONA SPORTIVA ATL. ARVEDI,3 ba- 1,Parma,2024-12-21,https://www.fidal.it/atleta/RENATI-Davide/dqyRlpukcGc%3D,https://www.fidal.it/societa/CREMONA-SPORTIVA-ATL--ARVEDI/CR041
8.74,8.74,e,RICOZZI Emanuele,2006,JM,ATL.STUD. RIETI ANDREA MILARDI,2 fi- 1,Rieti,2024-01-13,https://www.fidal.it/atleta/RICOZZI-Emanuele/f62RkpembGc%3D,https://www.fidal.it/societa/ATL-STUD--RIETI-ANDREA-MILARDI/RI223
8.74,8.74,e,COLLURA Dario,2006,JM,LIBERTAS ATLETICA FORLI',5 fi- 1,Ancona,2024-01-13,https://www.fidal.it/atleta/COLLURA-Dario/equRkpOfamk%3D,https://www.fidal.it/societa/LIBERTAS-ATLETICA-FORLI-/FC542
8.74,8.74,e,MONFRINI Francesco,2005,JM,CUS PRO PATRIA MILANO,3 ba- 2,Bergamo,2024-01-14,https://www.fidal.it/atleta/MONFRINI-Francesco/dqyRlpqmbmw%3D,https://www.fidal.it/societa/CUS-PRO-PATRIA-MILANO/MI077
8.74,8.74,e,TOMMASI Fabio,2005,JM,ATLETICA RIVIERA DEL BRENTA,5 ba- 1,Padova,2024-01-14,https://www.fidal.it/atleta/TOMMASI-Fabio/eK2Rk5Sga2Y%3D,https://www.fidal.it/societa/ATLETICA-RIVIERA-DEL-BRENTA/VE473
8.74,8.74,e,COLLURA Dario,2006,JM,LIBERTAS ATLETICA FORLI',3 ba- 1,Modena,2024-01-20,https://www.fidal.it/atleta/COLLURA-Dario/equRkpOfamk%3D,https://www.fidal.it/societa/LIBERTAS-ATLETICA-FORLI-/FC542
8.74,8.74,e,ROLDO Demis,1985,SM35,ANA ATL.FELTRE,1 su- 1,Padova,2024-01-21,https://www.fidal.it/atleta/ROLDO-Demis/eKmRlJKhcGw%3D,https://www.fidal.it/societa/ANA-ATL-FELTRE/BL012
8.74,8.74,e,CANDILIO Davis,2005,JM,SSD NISSOLINO SPORT SRL ASU,3 ba- 1,Ancona,2024-01-27,https://www.fidal.it/atleta/CANDILIO-Davis/f6qRkpehcGU%3D,https://www.fidal.it/societa/SSD-NISSOLINO-SPORT-SRL-ASU/RM363
8.75,8.75,e,CAPUTO Donato,2005,JM,ASD ARCA ATL.AVERSA A.AVERSANO,4 fi- 1,Ancona,2024-01-06,https://www.fidal.it/atleta/CAPUTO-Donato/gKuRkpOkcWY%3D,https://www.fidal.it/societa/ASD-ARCA-ATL-AVERSA-A-AVERSANO/CE033
8.75,8.75,e,RICOZZI Emanuele,2006,JM,ATL.STUD. RIETI ANDREA MILARDI,1 ba- 1,Rieti,2024-01-21,https://www.fidal.it/atleta/RICOZZI-Emanuele/f62RkpembGc%3D,https://www.fidal.it/societa/ATL-STUD--RIETI-ANDREA-MILARDI/RI223
8.75,8.75,e,COSTA Matteo gianfranco,2006,JM,ATL. GALLARATESE,4 fi- 1,Bergamo,2024-01-21,https://www.fidal.it/atleta/COSTA-Matteo-gianfranco/drKRk5ehb2Q%3D,https://www.fidal.it/societa/ATL--GALLARATESE/VA731
8.75,8.75,e,EBERHART Claudius,2005,JM,C.U.S. VERONA SEZ. ATLETICA,1 fi- 2,Padova,2024-01-27,https://www.fidal.it/atleta/EBERHART-Claudius/eKAAARk5ajaGg%3D,https://www.fidal.it/societa/C-U-S--VERONA-SEZ--ATLETICA/VR825
8.75,8.75,e,MONFRINI Francesco,2005,JM,CUS PRO PATRIA MILANO,2 se- 4,Bergamo,2024-01-28,https://www.fidal.it/atleta/MONFRINI-Francesco/dqyRlpqmbmw%3D,https://www.fidal.it/societa/CUS-PRO-PATRIA-MILANO/MI077
8.75,8.75,e,RENATI Davide,2006,JM,CREMONA SPORTIVA ATL. ARVEDI,7 ba- 5,Ancona,2024-02-04,https://www.fidal.it/atleta/RENATI-Davide/dqyRlpukcGc%3D,https://www.fidal.it/societa/CREMONA-SPORTIVA-ATL--ARVEDI/CR041
8.76,8.76,e,FRANCINI Diego,2005,JM,TOSCANA ATLETICA JOLLY,3 ba- 1,Modena,2024-01-13,https://www.fidal.it/atleta/FRANCINI-Diego/faqRkpmmbWQ%3D,https://www.fidal.it/societa/TOSCANA-ATLETICA-JOLLY/FI018
8.76,8.76,e,RICOZZI Emanuele,2006,JM,ATL.STUD. RIETI ANDREA MILARDI,1 fi- 1,Rieti,2024-01-20,https://www.fidal.it/atleta/RICOZZI-Emanuele/f62RkpembGc%3D,https://www.fidal.it/societa/ATL-STUD--RIETI-ANDREA-MILARDI/RI223
8.76,8.76,e,SCOPEL Simone,2006,JM,ANA ATL.FELTRE,3 ba- 1,Udine,2024-01-20,https://www.fidal.it/atleta/SCOPEL-Simone/eKmRlJeocGU%3D,https://www.fidal.it/societa/ANA-ATL-FELTRE/BL012
8.76,8.76,e,FRANCINI Diego,2005,JM,TOSCANA ATLETICA JOLLY,3 ba- 1,Firenze,2024-01-27,https://www.fidal.it/atleta/FRANCINI-Diego/faqRkpmmbWQ%3D,https://www.fidal.it/societa/TOSCANA-ATLETICA-JOLLY/FI018
8.76,8.76,e,RICOZZI Emanuele,2006,JM,ATL.STUD. RIETI ANDREA MILARDI,6 ba- 1,Ancona,2024-02-04,https://www.fidal.it/atleta/RICOZZI-Emanuele/f62RkpembGc%3D,https://www.fidal.it/societa/ATL-STUD--RIETI-ANDREA-MILARDI/RI223
8.76,8.76,e,EBERHART Claudius,2005,JM,C.U.S. VERONA SEZ. ATLETICA,5 se- 1,Padova,2024-03-03,https://www.fidal.it/atleta/EBERHART-Claudius/eKAAARk5ajaGg%3D,https://www.fidal.it/societa/C-U-S--VERONA-SEZ--ATLETICA/VR825
8.77,8.77,e,GHIDONI Enrico,2005,JM,S.G.LA PATRIA 1879 CARPI,3 ba- 1,Ancona,2024-01-06,https://www.fidal.it/atleta/GHIDONI-Enrico/eqyRkpShbGw%3D,https://www.fidal.it/societa/S-G-LA-PATRIA-1879-CARPI/MO057
8.77,8.77,e,COSTA Matteo gianfranco,2006,JM,ATL. GALLARATESE,3 se- 4,Bergamo,2024-01-28,https://www.fidal.it/atleta/COSTA-Matteo-gianfranco/drKRk5ehb2Q%3D,https://www.fidal.it/societa/ATL--GALLARATESE/VA731
8.78,8.78,e,MAGGIONI Matteo,2006,JM,ATL. LECCO-COLOMBO COSTRUZ.,1 se- 2,Saronno,2024-01-07,https://www.fidal.it/atleta/MAGGIONI-Matteo/dquRk5ahamM%3D,https://www.fidal.it/societa/ATL--LECCO-COLOMBO-COSTRUZ-/CO208
8.78,8.78,e,SCOPEL Simone,2006,JM,ANA ATL.FELTRE,7 fi- 1,Padova,2024-01-14,https://www.fidal.it/atleta/SCOPEL-Simone/eKmRlJeocGU%3D,https://www.fidal.it/societa/ANA-ATL-FELTRE/BL012
8.78,8.78,e,GHIDONI Enrico,2005,JM,S.G.LA PATRIA 1879 CARPI,2 ba- 4,Modena,2024-01-20,https://www.fidal.it/atleta/GHIDONI-Enrico/eqyRkpShbGw%3D,https://www.fidal.it/societa/S-G-LA-PATRIA-1879-CARPI/MO057
8.78,8.78,e,SPALLINO Cristiano,2006,JM,A.S. DIL. MILONE,4 ba- 1,Ancona,2024-01-27,https://www.fidal.it/atleta/SPALLINO-Cristiano/h7GRkpOlb2w%3D,https://www.fidal.it/societa/A-S--DIL--MILONE/SR128
8.78,8.78,e,GRACEFFA Mauro,2006,JM,FIAMME GIALLE G. SIMONI,8 ba- 4,Ancona,2024-02-04,https://www.fidal.it/atleta/GRACEFFA-Mauro/f6yRk5WhbWw%3D,https://www.fidal.it/societa/FIAMME-GIALLE-G--SIMONI/RM057
8.79,8.79,e,RENATI Davide,2006,JM,CREMONA SPORTIVA ATL. ARVEDI,3 fi- 1,Bergamo,2024-01-14,https://www.fidal.it/atleta/RENATI-Davide/dqyRlpukcGc%3D,https://www.fidal.it/societa/CREMONA-SPORTIVA-ATL--ARVEDI/CR041
8.79,8.79,e,VIGLIANI Marcoaurelio,2006,JM,ATLETICA ARCOBALENO SAVONA,1 ba- 1,Casalmaggiore,2024-01-21,https://www.fidal.it/atleta/VIGLIANI-Marcoaurelio/dayRkpSfbGs%3D,https://www.fidal.it/societa/ATLETICA-ARCOBALENO-SAVONA/SV070
8.8,8.80,e,GOUEM Adam,2006,JM,EDERA ATL. FORLI,5 fi- 1,Ancona,2024-01-06,https://www.fidal.it/atleta/GOUEM-Adam/equRkpSkbGk%3D,https://www.fidal.it/societa/EDERA-ATL--FORLI/FC038
8.8,8.80,e,RENATI Davide,2006,JM,CREMONA SPORTIVA ATL. ARVEDI,3 su- 1,Bergamo,2024-01-07,https://www.fidal.it/atleta/RENATI-Davide/dqyRlpukcGc%3D,https://www.fidal.it/societa/CREMONA-SPORTIVA-ATL--ARVEDI/CR041
8.8,8.80,e,FRANCINI Diego,2005,JM,TOSCANA ATLETICA JOLLY,3 ba- 4,Modena,2024-01-20,https://www.fidal.it/atleta/FRANCINI-Diego/faqRkpmmbWQ%3D,https://www.fidal.it/societa/TOSCANA-ATLETICA-JOLLY/FI018
8.8,8.80,e,FRANCINI Diego,2005,JM,TOSCANA ATLETICA JOLLY,3 fi- 1,Firenze,2024-01-27,https://www.fidal.it/atleta/FRANCINI-Diego/faqRkpmmbWQ%3D,https://www.fidal.it/societa/TOSCANA-ATLETICA-JOLLY/FI018
8.81,8.81,e,CUTAIA Marco,2006,JM,A.S.D. PONTEVECCHIO BOLOGNA,6 fi- 1,Ancona,2024-01-06,https://www.fidal.it/atleta/CUTAIA-Marco/eqmRkpafaWs%3D,https://www.fidal.it/societa/A-S-D--PONTEVECCHIO-BOLOGNA/BO506
8.81,8.81,e,GRACEFFA Mauro,2006,JM,FIAMME GIALLE G. SIMONI,2 ba- 2,Ancona,2024-01-13,https://www.fidal.it/atleta/GRACEFFA-Mauro/f6yRk5WhbWw%3D,https://www.fidal.it/societa/FIAMME-GIALLE-G--SIMONI/RM057
8.81,8.81,e,BONAMANO Matteo,2006,JM,TIRRENO ATLETICA CIVITAVECCHIA,3 fi- 1,Rieti,2024-01-13,https://www.fidal.it/atleta/BONAMANO-Matteo/f6yRk5qob2g%3D,https://www.fidal.it/societa/TIRRENO-ATLETICA-CIVITAVECCHIA/RM068
8.81,8.81,e,SOLINAS Mario,2005,JM,A.S.D. ICHNOS SASSARI,1 su- 1,Iglesias,2024-01-28,https://www.fidal.it/atleta/SOLINAS-Mario/iKyRkpmlcWU%3D,https://www.fidal.it/societa/A-S-D--ICHNOS-SASSARI/SS220
8.81,8.81,e,ZOGNO Nicola,2006,JM,ASSINDUSTRIA SPORT,4 se- 1,Padova,2024-02-04,https://www.fidal.it/atleta/ZOGNO-Nicola/eKqRkpelbmY%3D,https://www.fidal.it/societa/ASSINDUSTRIA-SPORT/PD140
8.82,8.82,e,GHIDONI Enrico,2005,JM,S.G.LA PATRIA 1879 CARPI,7 fi- 1,Ancona,2024-01-06,https://www.fidal.it/atleta/GHIDONI-Enrico/eqyRkpShbGw%3D,https://www.fidal.it/societa/S-G-LA-PATRIA-1879-CARPI/MO057
8.82,8.82,e,RENATI Davide,2006,JM,CREMONA SPORTIVA ATL. ARVEDI,1 ba- 1,Bergamo,2024-01-14,https://www.fidal.it/atleta/RENATI-Davide/dqyRlpukcGc%3D,https://www.fidal.it/societa/CREMONA-SPORTIVA-ATL--ARVEDI/CR041
8.83,8.83,e,COLLURA Dario,2006,JM,LIBERTAS ATLETICA FORLI',8 fi- 1,Ancona,2024-01-06,https://www.fidal.it/atleta/COLLURA-Dario/equRkpOfamk%3D,https://www.fidal.it/societa/LIBERTAS-ATLETICA-FORLI-/FC542
8.83,8.83,e,RENATI Davide,2006,JM,CREMONA SPORTIVA ATL. ARVEDI,3 su- 1,Bergamo,2024-01-07,https://www.fidal.it/atleta/RENATI-Davide/dqyRlpukcGc%3D,https://www.fidal.it/societa/CREMONA-SPORTIVA-ATL--ARVEDI/CR041
8.83,8.83,e,MAGNANI Paolo,2006,JM,ATL. REGGIO ASD,6 fi- 2,Modena,2024-01-20,https://www.fidal.it/atleta/MAGNANI-Paolo/erGRkpanamw%3D,https://www.fidal.it/societa/ATL--REGGIO-ASD/RE128
8.83,8.83,e,LOTTICI Ludovico,2006,JM,ATL. BUZZETTI,1 ba- 1,Modena,2024-02-10,https://www.fidal.it/atleta/LOTTICI-Ludovico/eq6RkpmibGo%3D,https://www.fidal.it/societa/ATL--BUZZETTI/PR439
8.83,8.83,e,STOPPATO Lorenzo,2006,JM,ASSINDUSTRIA SPORT,1 fi- 1,Padova,2024-02-10,https://www.fidal.it/atleta/STOPPATO-Lorenzo/eKqRkpqkbGw%3D,https://www.fidal.it/societa/ASSINDUSTRIA-SPORT/PD140
8.83,8.83,e,LOTTICI Ludovico,2006,JM,ATL. BUZZETTI,4 ba- 1,Parma,2024-12-21,https://www.fidal.it/atleta/LOTTICI-Ludovico/eq6RkpmibGo%3D,https://www.fidal.it/societa/ATL--BUZZETTI/PR439
8.84,8.84,e,COSTA Matteo gianfranco,2006,JM,ATL. GALLARATESE,4 ba- 2,Bergamo,2024-01-21,https://www.fidal.it/atleta/COSTA-Matteo-gianfranco/drKRk5ehb2Q%3D,https://www.fidal.it/societa/ATL--GALLARATESE/VA731
8.84,8.84,e,BOSCHETTI Cristian,2006,JM,ATL. MONDOVI'-ACQUA S.BERNARDO,4 se- 4,Bergamo,2024-01-28,https://www.fidal.it/atleta/BOSCHETTI-Cristian/dKyRlZKmcGg%3D,https://www.fidal.it/societa/ATL--MONDOVI-ACQUA-S-BERNARDO/CN005
8.84,8.84,e,CAVINATO Luca antonio,2006,JM,G.S. FIAMME ORO PADOVA,5 se- 1,Padova,2024-02-04,https://www.fidal.it/atleta/CAVINATO-Luca-antonio/eKqRkpqjaGY%3D,https://www.fidal.it/societa/G-S--FIAMME-ORO-PADOVA/PD131
8.84,8.84,e,LUNGHI Giorgio,2005,JM,TEAM-A LOMBARDIA,1 se- 2,Padova,2024-03-03,https://www.fidal.it/atleta/LUNGHI-Giorgio/dq2RlpakaWg%3D,https://www.fidal.it/societa/TEAM-A-LOMBARDIA/MI774
8.85,8.85,e,CAVINATO Luca antonio,2006,JM,G.S. FIAMME ORO PADOVA,2 fi- 2,Padova,2024-01-27,https://www.fidal.it/atleta/CAVINATO-Luca-antonio/eKqRkpqjaGY%3D,https://www.fidal.it/societa/G-S--FIAMME-ORO-PADOVA/PD131
8.85,8.85,e,GRACEFFA Mauro,2006,JM,FIAMME GIALLE G. SIMONI,5 ba- 1,Ancona,2024-01-27,https://www.fidal.it/atleta/GRACEFFA-Mauro/f6yRk5WhbWw%3D,https://www.fidal.it/societa/FIAMME-GIALLE-G--SIMONI/RM057
8.85,8.85,e,VICINANZA Lorenzo,2006,JM,ASD NISSOLINO INTESATLETICA,1 ba- 1,Rieti,2024-01-28,https://www.fidal.it/atleta/VICINANZA-Lorenzo/f6qRkpanb2Q%3D,https://www.fidal.it/societa/ASD-NISSOLINO-INTESATLETICA/LT260
8.85,8.85,e,BONAMANO Matteo,2006,JM,TIRRENO ATLETICA CIVITAVECCHIA,1 ba- 1,Rieti,2024-01-28,https://www.fidal.it/atleta/BONAMANO-Matteo/f6yRk5qob2g%3D,https://www.fidal.it/societa/TIRRENO-ATLETICA-CIVITAVECCHIA/RM068
8.86,8.86,e,COLLURA Dario,2006,JM,LIBERTAS ATLETICA FORLI',3 ba- 2,Ancona,2024-01-06,https://www.fidal.it/atleta/COLLURA-Dario/equRkpOfamk%3D,https://www.fidal.it/societa/LIBERTAS-ATLETICA-FORLI-/FC542
8.86,8.86,e,NOVARA Gabriele,2006,JM,ATLETICA ASTI 2.2 A.S.D.,3 fi- 1,Bra,2024-01-27,https://www.fidal.it/atleta/NOVARA-Gabriele/dKuRk5ijcWs%3D,https://www.fidal.it/societa/ATLETICA-ASTI-2-2-A-S-D-/AT019
8.86,8.86,e,LOTTICI Ludovico,2006,JM,ATL. BUZZETTI,1 fi- 1,Modena,2024-02-10,https://www.fidal.it/atleta/LOTTICI-Ludovico/eq6RkpmibGo%3D,https://www.fidal.it/societa/ATL--BUZZETTI/PR439
8.86,8.86,e,ZOGNO Nicola,2006,JM,ASSINDUSTRIA SPORT,6 se- 1,Padova,2024-03-03,https://www.fidal.it/atleta/ZOGNO-Nicola/eKqRkpelbmY%3D,https://www.fidal.it/societa/ASSINDUSTRIA-SPORT/PD140
8.88,8.88,e,SCOPEL Simone,2006,JM,ANA ATL.FELTRE,3 fi- 1,Udine,2024-01-20,https://www.fidal.it/atleta/SCOPEL-Simone/eKmRlJeocGU%3D,https://www.fidal.it/societa/ANA-ATL-FELTRE/BL012
8.88,8.88,e,DENARO Markel,2006,JM,C.U.S. VERONA SEZ. ATLETICA,6 se- 1,Padova,2024-02-04,https://www.fidal.it/atleta/DENARO-Markel/eKAAARlJOkcGk%3D,https://www.fidal.it/societa/C-U-S--VERONA-SEZ--ATLETICA/VR825
8.88,8.88,e,CAVINATO Luca antonio,2006,JM,G.S. FIAMME ORO PADOVA,2 fi- 1,Padova,2024-02-10,https://www.fidal.it/atleta/CAVINATO-Luca-antonio/eKqRkpqjaGY%3D,https://www.fidal.it/societa/G-S--FIAMME-ORO-PADOVA/PD131
8.88,8.88,e,CITTERIO Paolo,1975,SM45,FORTI E LIBERI MONZA 1878 ASD,2 fi- 1,Torun,2024-03-22,https://www.fidal.it/atleta/CITTERIO-Paolo/dq2RkpOmcWs%3D,https://www.fidal.it/societa/FORTI-E-LIBERI-MONZA-1878-ASD/MI903
8.9,8.90,e,RICOZZI Emanuele,2006,JM,ATL.STUD. RIETI ANDREA MILARDI,1 ba- 1,Rieti,2024-01-13,https://www.fidal.it/atleta/RICOZZI-Emanuele/f62RkpembGc%3D,https://www.fidal.it/societa/ATL-STUD--RIETI-ANDREA-MILARDI/RI223
8.9,8.90,e,MAGNANI Paolo,2006,JM,ATL. REGGIO ASD,1 ba- 2,Modena,2024-01-13,https://www.fidal.it/atleta/MAGNANI-Paolo/erGRkpanamw%3D,https://www.fidal.it/societa/ATL--REGGIO-ASD/RE128
8.9,8.90,e,RITI Eduard denis,2006,JM,ATHLETIC CLUB FIREX BELLUNO,5 ba- 2,Padova,2024-01-27,https://www.fidal.it/atleta/RITI-Eduard-denis/eKmRlJmib2o%3D,https://www.fidal.it/societa/ATHLETIC-CLUB-FIREX-BELLUNO/BL009
8.9,8.90,e,SERRA Nicola,2006,JM,CENTRO ATLETICA PIOMBINO,1 se- 2,Firenze,2024-02-18,https://www.fidal.it/atleta/SERRA-Nicola/fayRkpWjbWo%3D,https://www.fidal.it/societa/CENTRO-ATLETICA-PIOMBINO/LI038
8.9,8.90,e,CITTERIO Paolo,1975,SM45,FORTI E LIBERI MONZA 1878 ASD,1 se- 1,Padova,2024-03-09,https://www.fidal.it/atleta/CITTERIO-Paolo/dq2RkpOmcWs%3D,https://www.fidal.it/societa/FORTI-E-LIBERI-MONZA-1878-ASD/MI903
8.9,8.90,e,TONONI Lorenzo,2006,JM,ATL. CARPENEDOLO,2 ba- 2,Parma,2024-12-21,https://www.fidal.it/atleta/TONONI-Lorenzo/dqqRmJema2c%3D,https://www.fidal.it/societa/ATL--CARPENEDOLO/BS278
8.91,8.91,e,CAPUTO Donato,2005,JM,ASD ARCA ATL.AVERSA A.AVERSANO,2 ba- 1,Rieti,2024-01-13,https://www.fidal.it/atleta/CAPUTO-Donato/gKuRkpOkcWY%3D,https://www.fidal.it/societa/ASD-ARCA-ATL-AVERSA-A-AVERSANO/CE033
8.91,8.91,e,CANDILIO Davis,2005,JM,SSD NISSOLINO SPORT SRL ASU,1 se- 2,Ancona,2024-01-14,https://www.fidal.it/atleta/CANDILIO-Davis/f6qRkpehcGU%3D,https://www.fidal.it/societa/SSD-NISSOLINO-SPORT-SRL-ASU/RM363
8.91,8.91,e,BORTOLUZZI Andrea,2005,JM,ATL-ETICA SAN VENDEMIANO,3 fi- 2,Padova,2024-01-27,https://www.fidal.it/atleta/BORTOLUZZI-Andrea/eKyRk5KfbmY%3D,https://www.fidal.it/societa/ATL-ETICA-SAN-VENDEMIANO/TV406
8.91,8.91,e,RACIOPPI Simone,2006,JM,ATL. GALLARATESE,2 su- 1,Saronno,2024-01-28,https://www.fidal.it/atleta/RACIOPPI-Simone/drKRk5ejcWU%3D,https://www.fidal.it/societa/ATL--GALLARATESE/VA731
8.92,8.92,e,CAPUTO Donato,2005,JM,ASD ARCA ATL.AVERSA A.AVERSANO,8 ba- 3,Ancona,2024-02-04,https://www.fidal.it/atleta/CAPUTO-Donato/gKuRkpOkcWY%3D,https://www.fidal.it/societa/ASD-ARCA-ATL-AVERSA-A-AVERSANO/CE033
8.92,8.92,e,MAGNANI Paolo,2006,JM,ATL. REGGIO ASD,2 se- 1,Firenze,2024-02-18,https://www.fidal.it/atleta/MAGNANI-Paolo/erGRkpanamw%3D,https://www.fidal.it/societa/ATL--REGGIO-ASD/RE128
8.93,8.93,e,LUNGHI Giorgio,2005,JM,TEAM-A LOMBARDIA,3 se- 2,Saronno,2024-01-07,https://www.fidal.it/atleta/LUNGHI-Giorgio/dq2RlpakaWg%3D,https://www.fidal.it/societa/TEAM-A-LOMBARDIA/MI774
8.93,8.93,e,MAGNANI Paolo,2006,JM,ATL. REGGIO ASD,4 ba- 3,Modena,2024-01-20,https://www.fidal.it/atleta/MAGNANI-Paolo/erGRkpanamw%3D,https://www.fidal.it/societa/ATL--REGGIO-ASD/RE128
8.93,8.93,e,RACIOPPI Simone,2006,JM,ATL. GALLARATESE,1 ba- 1,Bergamo,2024-01-21,https://www.fidal.it/atleta/RACIOPPI-Simone/drKRk5ejcWU%3D,https://www.fidal.it/societa/ATL--GALLARATESE/VA731
8.93,8.93,e,RICOZZI Emanuele,2006,JM,ATL.STUD. RIETI ANDREA MILARDI,4 fi- 1,Ancona,2024-01-27,https://www.fidal.it/atleta/RICOZZI-Emanuele/f62RkpembGc%3D,https://www.fidal.it/societa/ATL-STUD--RIETI-ANDREA-MILARDI/RI223
8.94,8.94,e,CAPUTO Donato,2005,JM,ASD ARCA ATL.AVERSA A.AVERSANO,2 ba- 1,Rieti,2024-01-21,https://www.fidal.it/atleta/CAPUTO-Donato/gKuRkpOkcWY%3D,https://www.fidal.it/societa/ASD-ARCA-ATL-AVERSA-A-AVERSANO/CE033
8.94,8.94,e,RUGGERI Luca,2006,JM,CUS INSUBRIA VARESE COMO,2 se- 2,Padova,2024-03-03,https://www.fidal.it/atleta/RUGGERI-Luca/drKRk5eobWc%3D,https://www.fidal.it/societa/CUS-INSUBRIA-VARESE-COMO/VA123
8.94,8.94,e,CITTERIO Paolo,1975,SM45,FORTI E LIBERI MONZA 1878 ASD,4 ba- 2,Torun,2024-03-22,https://www.fidal.it/atleta/CITTERIO-Paolo/dq2RkpOmcWs%3D,https://www.fidal.it/societa/FORTI-E-LIBERI-MONZA-1878-ASD/MI903
8.95,8.95,e,GORINI Simone,2005,JM,OLIMPUS SAN MARINO ATLETICA,5 fi- 1,Ancona,2024-01-27,https://www.fidal.it/atleta/GORINI-Simone/iqiRkpKoaGU%3D,https://www.fidal.it/societa/OLIMPUS-SAN-MARINO-ATLETICA/SM278
8.95,8.95,e,RITI Eduard denis,2006,JM,ATHLETIC CLUB FIREX BELLUNO,6 fi- 1,Padova,2024-01-27,https://www.fidal.it/atleta/RITI-Eduard-denis/eKmRlJmib2o%3D,https://www.fidal.it/societa/ATHLETIC-CLUB-FIREX-BELLUNO/BL009
8.95,8.95,e,ELLERO Pierluigi,2006,JM,G.S. FIAMME ORO PADOVA,7 se- 1,Padova,2024-02-04,https://www.fidal.it/atleta/ELLERO-Pierluigi/eKqRkpugaWU%3D,https://www.fidal.it/societa/G-S--FIAMME-ORO-PADOVA/PD131
8.95,8.95,e,DE NONI Michele,2006,JM,ATLETICA SILCA CONEGLIANO,3 ba- 2,Parma,2024-12-21,https://www.fidal.it/atleta/DE-NONI-Michele/eKyRk5qjb2w%3D,https://www.fidal.it/societa/ATLETICA-SILCA-CONEGLIANO/TV341
8.96,8.96,e,GALIGANI Daniel,2005,JM,A.S. ATLETICA VIRTUS LUCCA,5 ba- 3,Modena,2024-01-20,https://www.fidal.it/atleta/GALIGANI-Daniel/fa2RkpWhcWM%3D,https://www.fidal.it/societa/A-S--ATLETICA-VIRTUS-LUCCA/LU100
8.96,8.96,e,RACIOPPI Simone,2006,JM,ATL. GALLARATESE,2 su- 1,Saronno,2024-01-28,https://www.fidal.it/atleta/RACIOPPI-Simone/drKRk5ejcWU%3D,https://www.fidal.it/societa/ATL--GALLARATESE/VA731
8.96,8.96,e,CAVINATO Luca antonio,2006,JM,G.S. FIAMME ORO PADOVA,1 ba- 1,Padova,2024-02-10,https://www.fidal.it/atleta/CAVINATO-Luca-antonio/eKqRkpqjaGY%3D,https://www.fidal.it/societa/G-S--FIAMME-ORO-PADOVA/PD131
8.96,8.96,e,RISTORI Mattia,2006,JM,CENTRO ATLETICA PIOMBINO,3 se- 1,Firenze,2024-02-18,https://www.fidal.it/atleta/RISTORI-Mattia/fayRkpWncWo%3D,https://www.fidal.it/societa/CENTRO-ATLETICA-PIOMBINO/LI038
8.96,8.96,e,CITTERIO Paolo,1975,SM45,FORTI E LIBERI MONZA 1878 ASD,1 su- 1,Ancona,2024-02-24,https://www.fidal.it/atleta/CITTERIO-Paolo/dq2RkpOmcWs%3D,https://www.fidal.it/societa/FORTI-E-LIBERI-MONZA-1878-ASD/MI903
8.97,8.97,e,CAPUTO Donato,2005,JM,ASD ARCA ATL.AVERSA A.AVERSANO,4 ba- 1,Ancona,2024-01-06,https://www.fidal.it/atleta/CAPUTO-Donato/gKuRkpOkcWY%3D,https://www.fidal.it/societa/ASD-ARCA-ATL-AVERSA-A-AVERSANO/CE033
8.97,8.97,e,LUNGHI Giorgio,2005,JM,TEAM-A LOMBARDIA,5 se- 4,Bergamo,2024-01-28,https://www.fidal.it/atleta/LUNGHI-Giorgio/dq2RlpakaWg%3D,https://www.fidal.it/societa/TEAM-A-LOMBARDIA/MI774
8.98,8.98,e,GRACEFFA Mauro,2006,JM,FIAMME GIALLE G. SIMONI,4 ba- 1,Modena,2024-01-20,https://www.fidal.it/atleta/GRACEFFA-Mauro/f6yRk5WhbWw%3D,https://www.fidal.it/societa/FIAMME-GIALLE-G--SIMONI/RM057
8.99,8.99,e,GIACOMINI Mauro,2006,JM,CUS INSUBRIA VARESE COMO,4 se- 2,Saronno,2024-01-07,https://www.fidal.it/atleta/GIACOMINI-Mauro/drKRk5Sjb2c%3D,https://www.fidal.it/societa/CUS-INSUBRIA-VARESE-COMO/VA123
8.99,8.99,e,BOSCHETTI Cristian,2006,JM,ATL. MONDOVI'-ACQUA S.BERNARDO,1 fi- 2,Padova,2024-01-14,https://www.fidal.it/atleta/BOSCHETTI-Cristian/dKyRlZKmcGg%3D,https://www.fidal.it/societa/ATL--MONDOVI-ACQUA-S-BERNARDO/CN005
8.99,8.99,e,ELLERO Pierluigi,2006,JM,G.S. FIAMME ORO PADOVA,2 fi- 2,Padova,2024-01-14,https://www.fidal.it/atleta/ELLERO-Pierluigi/eKqRkpugaWU%3D,https://www.fidal.it/societa/G-S--FIAMME-ORO-PADOVA/PD131
8.99,8.99,e,ELLERO Pierluigi,2006,JM,G.S. FIAMME ORO PADOVA,3 ba- 3,Padova,2024-01-14,https://www.fidal.it/atleta/ELLERO-Pierluigi/eKqRkpugaWU%3D,https://www.fidal.it/societa/G-S--FIAMME-ORO-PADOVA/PD131
8.99,8.99,e,BUSCARINU Francesco,2006,JM,A.S.D. ICHNOS SASSARI,1 su- 1,Iglesias,2024-01-21,https://www.fidal.it/atleta/BUSCARINU-Francesco/iKyRkpikcGw%3D,https://www.fidal.it/societa/A-S-D--ICHNOS-SASSARI/SS220
8.99,8.99,e,ZOGNO Nicola,2006,JM,ASSINDUSTRIA SPORT,7 fi- 1,Padova,2024-01-27,https://www.fidal.it/atleta/ZOGNO-Nicola/eKqRkpelbmY%3D,https://www.fidal.it/societa/ASSINDUSTRIA-SPORT/PD140
8.99,8.99,e,PALMIERI Iacopo,1989,SM35,ATL. AVIS MACERATA,2 su- 1,Ancona,2024-02-24,https://www.fidal.it/atleta/PALMIERI-Iacopo/e6iRk5KncWo%3D,https://www.fidal.it/societa/ATL--AVIS-MACERATA/MC004
8.99,8.99,e,ELLERO Pierluigi,2006,JM,G.S. FIAMME ORO PADOVA,3 se- 2,Padova,2024-03-03,https://www.fidal.it/atleta/ELLERO-Pierluigi/eKqRkpugaWU%3D,https://www.fidal.it/societa/G-S--FIAMME-ORO-PADOVA/PD131
9.0,9.00,e,GHIDONI Enrico,2005,JM,S.G.LA PATRIA 1879 CARPI,4 ba- 1,Modena,2024-01-13,https://www.fidal.it/atleta/GHIDONI-Enrico/eqyRkpShbGw%3D,https://www.fidal.it/societa/S-G-LA-PATRIA-1879-CARPI/MO057
9.0,9.00,e,CUTAIA Marco,2006,JM,A.S.D. PONTEVECCHIO BOLOGNA,2 se- 2,Ancona,2024-01-14,https://www.fidal.it/atleta/CUTAIA-Marco/eqmRkpafaWs%3D,https://www.fidal.it/societa/A-S-D--PONTEVECCHIO-BOLOGNA/BO506
9.01,9.01,e,CUTAIA Marco,2006,JM,A.S.D. PONTEVECCHIO BOLOGNA,5 ba- 1,Ancona,2024-01-06,https://www.fidal.it/atleta/CUTAIA-Marco/eqmRkpafaWs%3D,https://www.fidal.it/societa/A-S-D--PONTEVECCHIO-BOLOGNA/BO506
9.01,9.01,e,MERLO Mattia,2006,JM,SISPORT SSD,3 ba- 1,Bra,2024-01-27,https://www.fidal.it/atleta/MERLO-Mattia/dK6Rl5SfamM%3D,https://www.fidal.it/societa/SISPORT-SSD/TO002
9.01,9.01,e,GORINI Simone,2005,JM,OLIMPUS SAN MARINO ATLETICA,6 ba- 1,Ancona,2024-01-27,https://www.fidal.it/atleta/GORINI-Simone/iqiRkpKoaGU%3D,https://www.fidal.it/societa/OLIMPUS-SAN-MARINO-ATLETICA/SM278
9.01,9.01,e,SPALLINO Cristiano,2006,JM,A.S. DIL. MILONE,6 fi- 1,Ancona,2024-01-27,https://www.fidal.it/atleta/SPALLINO-Cristiano/h7GRkpOlb2w%3D,https://www.fidal.it/societa/A-S--DIL--MILONE/SR128
9.01,9.01,e,VICINANZA Lorenzo,2006,JM,ASD NISSOLINO INTESATLETICA,7 ba- 1,Ancona,2024-02-04,https://www.fidal.it/atleta/VICINANZA-Lorenzo/f6qRkpanb2Q%3D,https://www.fidal.it/societa/ASD-NISSOLINO-INTESATLETICA/LT260
9.01,9.01,e,GABBRICCI Gabriele,2006,JM,CENTRO ATLETICA PIOMBINO,4 se- 1,Firenze,2024-02-18,https://www.fidal.it/atleta/GABBRICCI-Gabriele/fayRkpigaGQ%3D,https://www.fidal.it/societa/CENTRO-ATLETICA-PIOMBINO/LI038
9.02,9.02,e,MAGNANI Paolo,2006,JM,ATL. REGGIO ASD,2 fi- 1,Modena,2024-01-13,https://www.fidal.it/atleta/MAGNANI-Paolo/erGRkpanamw%3D,https://www.fidal.it/societa/ATL--REGGIO-ASD/RE128
9.02,9.02,e,BORTOLUZZI Andrea,2005,JM,ATL-ETICA SAN VENDEMIANO,1 ba- 3,Padova,2024-01-27,https://www.fidal.it/atleta/BORTOLUZZI-Andrea/eKyRk5KfbmY%3D,https://www.fidal.it/societa/ATL-ETICA-SAN-VENDEMIANO/TV406
9.02,9.02,e,ALINOVI Emanuele,2006,JM,C.U.S. PARMA,2 fi- 1,Parma,2024-01-27,https://www.fidal.it/atleta/ALINOVI-Emanuele/eq6RkpqnbGc%3D,https://www.fidal.it/societa/C-U-S--PARMA/PR068
9.02,9.02,e,ZOGNO Nicola,2006,JM,ASSINDUSTRIA SPORT,3 ba- 2,Padova,2024-01-27,https://www.fidal.it/atleta/ZOGNO-Nicola/eKqRkpelbmY%3D,https://www.fidal.it/societa/ASSINDUSTRIA-SPORT/PD140
9.02,9.02,e,GALIGANI Daniel,2005,JM,A.S. ATLETICA VIRTUS LUCCA,4 ba- 1,Firenze,2024-01-27,https://www.fidal.it/atleta/GALIGANI-Daniel/fa2RkpWhcWM%3D,https://www.fidal.it/societa/A-S--ATLETICA-VIRTUS-LUCCA/LU100
9.02,9.02,e,BAGGIO Mattia,2005,JM,ATL.VICENTINA,6 ba- 1,Padova,2024-01-27,https://www.fidal.it/atleta/BAGGIO-Mattia/eK6RkpejaWo%3D,https://www.fidal.it/societa/ATL-VICENTINA/VI626
9.02,9.02,e,BONAMANO Matteo,2006,JM,TIRRENO ATLETICA CIVITAVECCHIA,2 fi- 1,Rieti,2024-01-28,https://www.fidal.it/atleta/BONAMANO-Matteo/f6yRk5qob2g%3D,https://www.fidal.it/societa/TIRRENO-ATLETICA-CIVITAVECCHIA/RM068
9.03,9.03,e,SOLINAS Mario,2005,JM,A.S.D. ICHNOS SASSARI,1 su- 1,Iglesias,2024-01-14,https://www.fidal.it/atleta/SOLINAS-Mario/iKyRkpmlcWU%3D,https://www.fidal.it/societa/A-S-D--ICHNOS-SASSARI/SS220
9.03,9.03,e,RONCONI Luca,2006,JM,ATL. IMOLA SACMI AVIS,3 fi- 1,Parma,2024-01-27,https://www.fidal.it/atleta/RONCONI-Luca/eqAAARkpOla2s%3D,https://www.fidal.it/societa/ATL--IMOLA-SACMI-AVIS/BO014
9.04,9.04,e,NOVARA Gabriele,2006,JM,ATLETICA ASTI 2.2 A.S.D.,2 fi- 1,Aosta,2024-01-14,https://www.fidal.it/atleta/NOVARA-Gabriele/dKuRk5ijcWs%3D,https://www.fidal.it/societa/ATLETICA-ASTI-2-2-A-S-D-/AT019
9.04,9.04,e,EBERHART Claudius,2005,JM,C.U.S. VERONA SEZ. ATLETICA,3 fi- 2,Padova,2024-01-14,https://www.fidal.it/atleta/EBERHART-Claudius/eKAAARk5ajaGg%3D,https://www.fidal.it/societa/C-U-S--VERONA-SEZ--ATLETICA/VR825
9.04,9.04,e,DENARO Markel,2006,JM,C.U.S. VERONA SEZ. ATLETICA,4 ba- 3,Padova,2024-01-14,https://www.fidal.it/atleta/DENARO-Markel/eKAAARlJOkcGk%3D,https://www.fidal.it/societa/C-U-S--VERONA-SEZ--ATLETICA/VR825
9.04,9.04,e,VERNACE Luca pietro,2006,JM,ATLETICA MONZA,2 ba- 1,Bergamo,2024-01-21,https://www.fidal.it/atleta/VERNACE-Luca-pietro/dq2RmZuobWc%3D,https://www.fidal.it/societa/ATLETICA-MONZA/MI710
9.04,9.04,e,LOTTICI Ludovico,2006,JM,ATL. BUZZETTI,4 fi- 1,Parma,2024-01-27,https://www.fidal.it/atleta/LOTTICI-Ludovico/eq6RkpmibGo%3D,https://www.fidal.it/societa/ATL--BUZZETTI/PR439
9.04,9.04,e,GABBRICCI Gabriele,2006,JM,CENTRO ATLETICA PIOMBINO,4 fi- 1,Firenze,2024-01-27,https://www.fidal.it/atleta/GABBRICCI-Gabriele/fayRkpigaGQ%3D,https://www.fidal.it/societa/CENTRO-ATLETICA-PIOMBINO/LI038
9.05,9.05,e,SACCHETTI Luca,2006,JM,ATL. ENDAS  CESENA,4 ba- 2,Ancona,2024-01-06,https://www.fidal.it/atleta/SACCHETTI-Luca/equRkpSlbGk%3D,https://www.fidal.it/societa/ATL--ENDAS-CESENA/FC049
9.05,9.05,e,GIACOMINI Mauro,2006,JM,CUS INSUBRIA VARESE COMO,2 se- 1,Saronno,2024-01-07,https://www.fidal.it/atleta/GIACOMINI-Mauro/drKRk5Sjb2c%3D,https://www.fidal.it/societa/CUS-INSUBRIA-VARESE-COMO/VA123
9.05,9.05,e,STRADI Francesco,2006,JM,ATL. REGGIO ASD,4 ba- 4,Modena,2024-01-20,https://www.fidal.it/atleta/STRADI-Francesco/erGRkpWmb2Q%3D,https://www.fidal.it/societa/ATL--REGGIO-ASD/RE128
9.05,9.05,e,EBERHART Claudius,2005,JM,C.U.S. VERONA SEZ. ATLETICA,4 ba- 2,Padova,2024-01-27,https://www.fidal.it/atleta/EBERHART-Claudius/eKAAARk5ajaGg%3D,https://www.fidal.it/societa/C-U-S--VERONA-SEZ--ATLETICA/VR825
9.05,9.05,e,BAGGIO Mattia,2005,JM,ATL.VICENTINA,4 fi- 2,Padova,2024-01-27,https://www.fidal.it/atleta/BAGGIO-Mattia/eK6RkpejaWo%3D,https://www.fidal.it/societa/ATL-VICENTINA/VI626
9.06,9.06,e,GRACEFFA Mauro,2006,JM,FIAMME GIALLE G. SIMONI,6 ba- 1,Ancona,2024-01-06,https://www.fidal.it/atleta/GRACEFFA-Mauro/f6yRk5WhbWw%3D,https://www.fidal.it/societa/FIAMME-GIALLE-G--SIMONI/RM057
9.06,9.06,e,LUNGHI Giorgio,2005,JM,TEAM-A LOMBARDIA,2 se- 3,Saronno,2024-01-07,https://www.fidal.it/atleta/LUNGHI-Giorgio/dq2RlpakaWg%3D,https://www.fidal.it/societa/TEAM-A-LOMBARDIA/MI774
9.06,9.06,e,RITI Eduard denis,2006,JM,ATHLETIC CLUB FIREX BELLUNO,5 ba- 3,Padova,2024-01-14,https://www.fidal.it/atleta/RITI-Eduard-denis/eKmRlJmib2o%3D,https://www.fidal.it/societa/ATHLETIC-CLUB-FIREX-BELLUNO/BL009
9.07,9.07,e,VERNACE Luca pietro,2006,JM,ATLETICA MONZA,4 su- 1,Bergamo,2024-01-07,https://www.fidal.it/atleta/VERNACE-Luca-pietro/dq2RmZuobWc%3D,https://www.fidal.it/societa/ATLETICA-MONZA/MI710
9.07,9.07,e,MERLO Mattia,2006,JM,SISPORT SSD,1 fi- 1,Aosta,2024-01-21,https://www.fidal.it/atleta/MERLO-Mattia/dK6Rl5SfamM%3D,https://www.fidal.it/societa/SISPORT-SSD/TO002
9.07,9.07,e,BUSCARINU Francesco,2006,JM,A.S.D. ICHNOS SASSARI,1 su- 1,Iglesias,2024-01-21,https://www.fidal.it/atleta/BUSCARINU-Francesco/iKyRkpikcGw%3D,https://www.fidal.it/societa/A-S-D--ICHNOS-SASSARI/SS220
9.07,9.07,e,GALIGANI Daniel,2005,JM,A.S. ATLETICA VIRTUS LUCCA,5 fi- 1,Firenze,2024-01-27,https://www.fidal.it/atleta/GALIGANI-Daniel/fa2RkpWhcWM%3D,https://www.fidal.it/societa/A-S--ATLETICA-VIRTUS-LUCCA/LU100
9.07,9.07,e,DENARO Markel,2006,JM,C.U.S. VERONA SEZ. ATLETICA,4 se- 2,Padova,2024-03-03,https://www.fidal.it/atleta/DENARO-Markel/eKAAARlJOkcGk%3D,https://www.fidal.it/societa/C-U-S--VERONA-SEZ--ATLETICA/VR825
9.08,9.08,e,DENARO Markel,2006,JM,C.U.S. VERONA SEZ. ATLETICA,4 fi- 2,Padova,2024-01-14,https://www.fidal.it/atleta/DENARO-Markel/eKAAARlJOkcGk%3D,https://www.fidal.it/societa/C-U-S--VERONA-SEZ--ATLETICA/VR825
9.08,9.08,e,CAPUTO Donato,2005,JM,ASD ARCA ATL.AVERSA A.AVERSANO,2 fi- 1,Rieti,2024-01-20,https://www.fidal.it/atleta/CAPUTO-Donato/gKuRkpOkcWY%3D,https://www.fidal.it/societa/ASD-ARCA-ATL-AVERSA-A-AVERSANO/CE033
9.08,9.08,e,GIACOMINI Mauro,2006,JM,CUS INSUBRIA VARESE COMO,6 se- 4,Bergamo,2024-01-28,https://www.fidal.it/atleta/GIACOMINI-Mauro/drKRk5Sjb2c%3D,https://www.fidal.it/societa/CUS-INSUBRIA-VARESE-COMO/VA123
9.08,9.08,e,SERRA Nicola,2006,JM,CENTRO ATLETICA PIOMBINO,5 se- 2,Padova,2024-03-03,https://www.fidal.it/atleta/SERRA-Nicola/fayRkpWjbWo%3D,https://www.fidal.it/societa/CENTRO-ATLETICA-PIOMBINO/LI038
9.09,9.09,e,BONAMANO Matteo,2006,JM,TIRRENO ATLETICA CIVITAVECCHIA,3 ba- 1,Rieti,2024-01-13,https://www.fidal.it/atleta/BONAMANO-Matteo/f6yRk5qob2g%3D,https://www.fidal.it/societa/TIRRENO-ATLETICA-CIVITAVECCHIA/RM068
9.09,9.09,e,MERLO Mattia,2006,JM,SISPORT SSD,3 fi- 1,Aosta,2024-01-14,https://www.fidal.it/atleta/MERLO-Mattia/dK6Rl5SfamM%3D,https://www.fidal.it/societa/SISPORT-SSD/TO002
9.09,9.09,e,MERLO Mattia,2006,JM,SISPORT SSD,4 fi- 1,Bra,2024-01-27,https://www.fidal.it/atleta/MERLO-Mattia/dK6Rl5SfamM%3D,https://www.fidal.it/societa/SISPORT-SSD/TO002
9.09,9.09,e,GIGANTE Federico,2006,JM,ATL.AM. CISTERNINO ECOLSERVIZI,8 ba- 5,Ancona,2024-02-04,https://www.fidal.it/atleta/GIGANTE-Federico/hKqSmZWicWY%3D,https://www.fidal.it/societa/ATL-AM--CISTERNINO-ECOLSERVIZI/BR104
9.1,9.10,e,DUDINE Riccardo,2006,JM,TRIESTE ATLETICA,2 fi- 1,Udine,2024-01-13,https://www.fidal.it/atleta/DUDINE-Riccardo/eauRk5afa2Y%3D,https://www.fidal.it/societa/TRIESTE-ATLETICA/TS044
9.1,9.10,e,GHIDONI Enrico,2005,JM,S.G.LA PATRIA 1879 CARPI,3 fi- 1,Modena,2024-01-13,https://www.fidal.it/atleta/GHIDONI-Enrico/eqyRkpShbGw%3D,https://www.fidal.it/societa/S-G-LA-PATRIA-1879-CARPI/MO057
9.1,9.10,e,EBERHART Claudius,2005,JM,C.U.S. VERONA SEZ. ATLETICA,2 ba- 2,Padova,2024-01-14,https://www.fidal.it/atleta/EBERHART-Claudius/eKAAARk5ajaGg%3D,https://www.fidal.it/societa/C-U-S--VERONA-SEZ--ATLETICA/VR825
9.1,9.10,e,CAVINATO Luca antonio,2006,JM,G.S. FIAMME ORO PADOVA,2 fi- 3,Padova,2024-01-14,https://www.fidal.it/atleta/CAVINATO-Luca-antonio/eKqRkpqjaGY%3D,https://www.fidal.it/societa/G-S--FIAMME-ORO-PADOVA/PD131
9.1,9.10,e,STOPPATO Lorenzo,2006,JM,ASSINDUSTRIA SPORT,2 ba- 1,Padova,2024-02-10,https://www.fidal.it/atleta/STOPPATO-Lorenzo/eKqRkpqkbGw%3D,https://www.fidal.it/societa/ASSINDUSTRIA-SPORT/PD140
9.11,9.11,e,BOSCHETTI Cristian,2006,JM,ATL. MONDOVI'-ACQUA S.BERNARDO,3 ba- 2,Padova,2024-01-14,https://www.fidal.it/atleta/BOSCHETTI-Cristian/dKyRlZKmcGg%3D,https://www.fidal.it/societa/ATL--MONDOVI-ACQUA-S-BERNARDO/CN005
9.11,9.11,e,ZOGNO Nicola,2006,JM,ASSINDUSTRIA SPORT,6 ba- 3,Padova,2024-01-14,https://www.fidal.it/atleta/ZOGNO-Nicola/eKqRkpelbmY%3D,https://www.fidal.it/societa/ASSINDUSTRIA-SPORT/PD140
9.11,9.11,e,GABBRICCI Gabriele,2006,JM,CENTRO ATLETICA PIOMBINO,2 ba- 2,Firenze,2024-01-27,https://www.fidal.it/atleta/GABBRICCI-Gabriele/fayRkpigaGQ%3D,https://www.fidal.it/societa/CENTRO-ATLETICA-PIOMBINO/LI038
9.12,9.12,e,IANNE Marco,2006,JM,TEAM-A LOMBARDIA,2 se- 2,Saronno,2024-01-07,https://www.fidal.it/atleta/IANNE-Marco/dq2RmZalbGs%3D,https://www.fidal.it/societa/TEAM-A-LOMBARDIA/MI774
9.12,9.12,e,TONONI Lorenzo,2006,JM,ATL. CARPENEDOLO,6 fi- 1,Parma,2024-12-21,https://www.fidal.it/atleta/TONONI-Lorenzo/dqqRmJema2c%3D,https://www.fidal.it/societa/ATL--CARPENEDOLO/BS278
9.13,9.13,e,IANNE Marco,2006,JM,TEAM-A LOMBARDIA,5 se- 2,Saronno,2024-01-07,https://www.fidal.it/atleta/IANNE-Marco/dq2RmZalbGs%3D,https://www.fidal.it/societa/TEAM-A-LOMBARDIA/MI774
9.13,9.13,e,RONCONI Luca,2006,JM,ATL. IMOLA SACMI AVIS,2 ba- 1,Parma,2024-01-27,https://www.fidal.it/atleta/RONCONI-Luca/eqAAARkpOla2s%3D,https://www.fidal.it/societa/ATL--IMOLA-SACMI-AVIS/BO014
9.14,9.14,e,RUGGERI Luca,2006,JM,CUS INSUBRIA VARESE COMO,1 se- 1,Saronno,2024-01-07,https://www.fidal.it/atleta/RUGGERI-Luca/drKRk5eobWc%3D,https://www.fidal.it/societa/CUS-INSUBRIA-VARESE-COMO/VA123
9.14,9.14,e,NOVARA Gabriele,2006,JM,ATLETICA ASTI 2.2 A.S.D.,2 ba- 1,Aosta,2024-01-14,https://www.fidal.it/atleta/NOVARA-Gabriele/dKuRk5ijcWs%3D,https://www.fidal.it/societa/ATLETICA-ASTI-2-2-A-S-D-/AT019
9.14,9.14,e,BUSCARINU Francesco,2006,JM,A.S.D. ICHNOS SASSARI,2 su- 1,Iglesias,2024-01-14,https://www.fidal.it/atleta/BUSCARINU-Francesco/iKyRkpikcGw%3D,https://www.fidal.it/societa/A-S-D--ICHNOS-SASSARI/SS220
9.14,9.14,e,NOVARA Gabriele,2006,JM,ATLETICA ASTI 2.2 A.S.D.,6 se- 2,Padova,2024-03-03,https://www.fidal.it/atleta/NOVARA-Gabriele/dKuRk5ijcWs%3D,https://www.fidal.it/societa/ATLETICA-ASTI-2-2-A-S-D-/AT019
9.15,9.15,e,RACIOPPI Simone,2006,JM,ATL. GALLARATESE,2 su- 1,Saronno,2024-01-14,https://www.fidal.it/atleta/RACIOPPI-Simone/drKRk5ejcWU%3D,https://www.fidal.it/societa/ATL--GALLARATESE/VA731
9.15,9.15,e,VERNACE Luca pietro,2006,JM,ATLETICA MONZA,1 fi- 2,Bergamo,2024-01-21,https://www.fidal.it/atleta/VERNACE-Luca-pietro/dq2RmZuobWc%3D,https://www.fidal.it/societa/ATLETICA-MONZA/MI710
9.15,9.15,e,SECCHI Duccio,2006,JM,ATLETICA CASCINA,3 ba- 2,Firenze,2024-01-27,https://www.fidal.it/atleta/SECCHI-Duccio/faAAARkpWmaWo%3D,https://www.fidal.it/societa/ATLETICA-CASCINA/PI081
9.15,9.15,e,RISTORI Mattia,2006,JM,CENTRO ATLETICA PIOMBINO,4 ba- 2,Firenze,2024-01-27,https://www.fidal.it/atleta/RISTORI-Mattia/fayRkpWncWo%3D,https://www.fidal.it/societa/CENTRO-ATLETICA-PIOMBINO/LI038
9.16,9.16,e,TONONI Lorenzo,2006,JM,ATL. CARPENEDOLO,2 ba- 1,Bergamo,2024-01-14,https://www.fidal.it/atleta/TONONI-Lorenzo/dqqRmJema2c%3D,https://www.fidal.it/societa/ATL--CARPENEDOLO/BS278
9.16,9.16,e,CAVINATO Luca antonio,2006,JM,G.S. FIAMME ORO PADOVA,4 ba- 2,Padova,2024-01-14,https://www.fidal.it/atleta/CAVINATO-Luca-antonio/eKqRkpqjaGY%3D,https://www.fidal.it/societa/G-S--FIAMME-ORO-PADOVA/PD131
9.16,9.16,e,ZOGNO Nicola,2006,JM,ASSINDUSTRIA SPORT,5 fi- 2,Padova,2024-01-14,https://www.fidal.it/atleta/ZOGNO-Nicola/eKqRkpelbmY%3D,https://www.fidal.it/societa/ASSINDUSTRIA-SPORT/PD140
9.16,9.16,e,ZANZI Filippo,2005,JM,VARESE ATLETICA A.S.D.,3 ba- 1,Bergamo,2024-01-21,https://www.fidal.it/atleta/ZANZI-Filippo/drKRk5alaWc%3D,https://www.fidal.it/societa/VARESE-ATLETICA-A-S-D-/VA918
9.16,9.16,e,ALINOVI Emanuele,2006,JM,C.U.S. PARMA,3 ba- 1,Parma,2024-01-27,https://www.fidal.it/atleta/ALINOVI-Emanuele/eq6RkpqnbGc%3D,https://www.fidal.it/societa/C-U-S--PARMA/PR068
9.16,9.16,e,LOTTICI Ludovico,2006,JM,ATL. BUZZETTI,3 ba- 1,Parma,2024-01-27,https://www.fidal.it/atleta/LOTTICI-Ludovico/eq6RkpmibGo%3D,https://www.fidal.it/societa/ATL--BUZZETTI/PR439
9.16,9.16,e,MICHELOTTI Filippo,2005,JM,ATLETICA CASCINA,5 ba- 2,Firenze,2024-01-27,https://www.fidal.it/atleta/MICHELOTTI-Filippo/faAAARkpSgaGg%3D,https://www.fidal.it/societa/ATLETICA-CASCINA/PI081
9.16,9.16,e,ORTELLI Mario,1980,SM40,A.S PODISTICA TARAS,1 su- 1,Ancona,2024-02-24,https://www.fidal.it/atleta/ORTELLI-Mario/hKiRkpWoa2Y%3D,https://www.fidal.it/societa/A-S-PODISTICA-TARAS/TA408
9.17,9.17,e,LOTTICI Ludovico,2006,JM,ATL. BUZZETTI,4 fi- 1,Modena,2024-01-13,https://www.fidal.it/atleta/LOTTICI-Ludovico/eq6RkpmibGo%3D,https://www.fidal.it/societa/ATL--BUZZETTI/PR439
9.17,9.17,e,MERLO Mattia,2006,JM,SISPORT SSD,1 ba- 1,Aosta,2024-01-21,https://www.fidal.it/atleta/MERLO-Mattia/dK6Rl5SfamM%3D,https://www.fidal.it/societa/SISPORT-SSD/TO002
9.17,9.17,e,RACIOPPI Simone,2006,JM,ATL. GALLARATESE,5 fi- 1,Bergamo,2024-01-21,https://www.fidal.it/atleta/RACIOPPI-Simone/drKRk5ejcWU%3D,https://www.fidal.it/societa/ATL--GALLARATESE/VA731
9.17,9.17,e,ALINOVI Emanuele,2006,JM,C.U.S. PARMA,2 fi- 1,Modena,2024-02-10,https://www.fidal.it/atleta/ALINOVI-Emanuele/eq6RkpqnbGc%3D,https://www.fidal.it/societa/C-U-S--PARMA/PR068
9.17,9.17,e,ZAPPARATA Giuseppe,1983,SM40,ATHLETICA VATICANA A.S.D.,2 su- 1,Ancona,2024-02-24,https://www.fidal.it/atleta/ZAPPARATA-Giuseppe/h6iRk5mncGc%3D,https://www.fidal.it/societa/ATHLETICA-VATICANA-A-S-D-/RM390
9.18,9.18,e,MERLO Mattia,2006,JM,SISPORT SSD,3 ba- 1,Aosta,2024-01-14,https://www.fidal.it/atleta/MERLO-Mattia/dK6Rl5SfamM%3D,https://www.fidal.it/societa/SISPORT-SSD/TO002
9.18,9.18,e,STREMIZ Taras,1979,SM45,ATL.LONGARONE SINTECO,2 su- 1,Udine,2024-02-10,https://www.fidal.it/atleta/STREMIZ-Taras/eKiRk5iicWU%3D,https://www.fidal.it/societa/ATL-LONGARONE-SINTECO/BL001
9.18,9.18,e,COCORULLO Pietro,2006,JM,ACQUIRUNNERS,2 se- 3,Padova,2024-03-03,https://www.fidal.it/atleta/COCORULLO-Pietro/dKmRlJKob2w%3D,https://www.fidal.it/societa/ACQUIRUNNERS/AL028
9.18,9.18,e,STREMIZ Taras,1979,SM45,ATL.LONGARONE SINTECO,1 se- 2,Padova,2024-03-09,https://www.fidal.it/atleta/STREMIZ-Taras/eKiRk5iicWU%3D,https://www.fidal.it/societa/ATL-LONGARONE-SINTECO/BL001
9.19,9.19,e,MAGGIONI Matteo,2006,JM,ATL. LECCO-COLOMBO COSTRUZ.,6 se- 2,Saronno,2024-01-07,https://www.fidal.it/atleta/MAGGIONI-Matteo/dquRk5ahamM%3D,https://www.fidal.it/societa/ATL--LECCO-COLOMBO-COSTRUZ-/CO208
9.19,9.19,e,COPPARI Simone,2005,JM,ATL. AVIS MACERATA,3 ba- 2,Ancona,2024-01-13,https://www.fidal.it/atleta/COPPARI-Simone/e6uRkpWicWc%3D,https://www.fidal.it/societa/ATL--AVIS-MACERATA/MC004
9.19,9.19,e,NOVARA Gabriele,2006,JM,ATLETICA ASTI 2.2 A.S.D.,4 ba- 1,Bra,2024-01-27,https://www.fidal.it/atleta/NOVARA-Gabriele/dKuRk5ijcWs%3D,https://www.fidal.it/societa/ATLETICA-ASTI-2-2-A-S-D-/AT019
9.19,9.19,e,BUSCARINU Francesco,2006,JM,A.S.D. ICHNOS SASSARI,2 su- 1,Iglesias,2024-01-28,https://www.fidal.it/atleta/BUSCARINU-Francesco/iKyRkpikcGw%3D,https://www.fidal.it/societa/A-S-D--ICHNOS-SASSARI/SS220
9.19,9.19,e,STREMIZ Taras,1979,SM45,ATL.LONGARONE SINTECO,2 su- 1,Ancona,2024-02-24,https://www.fidal.it/atleta/STREMIZ-Taras/eKiRk5iicWU%3D,https://www.fidal.it/societa/ATL-LONGARONE-SINTECO/BL001
9.21,9.21,e,IANNE Marco,2006,JM,TEAM-A LOMBARDIA,1 se- 3,Bergamo,2024-01-28,https://www.fidal.it/atleta/IANNE-Marco/dq2RmZalbGs%3D,https://www.fidal.it/societa/TEAM-A-LOMBARDIA/MI774
9.22,9.22,e,ZANZI Filippo,2005,JM,VARESE ATLETICA A.S.D.,2 se- 1,Saronno,2024-01-07,https://www.fidal.it/atleta/ZANZI-Filippo/drKRk5alaWc%3D,https://www.fidal.it/societa/VARESE-ATLETICA-A-S-D-/VA918
9.22,9.22,e,DALMAZIO Leonardo,2005,JM,SSD NISSOLINO SPORT SRL ASU,6 fi- 1,Ancona,2024-01-13,https://www.fidal.it/atleta/DALMAZIO-Leonardo/f6qRkpWhbmQ%3D,https://www.fidal.it/societa/SSD-NISSOLINO-SPORT-SRL-ASU/RM363
9.22,9.22,e,ZANZI Filippo,2005,JM,VARESE ATLETICA A.S.D.,4 fi- 1,Bergamo,2024-01-14,https://www.fidal.it/atleta/ZANZI-Filippo/drKRk5alaWc%3D,https://www.fidal.it/societa/VARESE-ATLETICA-A-S-D-/VA918
9.22,9.22,e,LUBELLO Kevin,2006,JM,C.S.S. LEONARDO DA VINCI,5 ba- 2,Padova,2024-01-14,https://www.fidal.it/atleta/LUBELLO-Kevin/iaiRk5efcGs%3D,https://www.fidal.it/societa/C-S-S--LEONARDO-DA-VINCI/BZ071
9.22,9.22,e,ZANZI Filippo,2005,JM,VARESE ATLETICA A.S.D.,2 fi- 2,Bergamo,2024-01-21,https://www.fidal.it/atleta/ZANZI-Filippo/drKRk5alaWc%3D,https://www.fidal.it/societa/VARESE-ATLETICA-A-S-D-/VA918
9.22,9.22,e,ZACCARINI Enea,2006,JM,ATL. IMOLA SACMI AVIS,1 se- 2,Padova,2024-02-04,https://www.fidal.it/atleta/ZACCARINI-Enea/eqAAARkpSncWs%3D,https://www.fidal.it/societa/ATL--IMOLA-SACMI-AVIS/BO014
9.23,9.23,e,LAURETANI Fabrizio,1979,SM45,A.S.D EDUCARE CON IL MOVIMENTO,6 fi- 1,Torun,2024-03-22,https://www.fidal.it/atleta/LAURETANI-Fabrizio/fqiRkpOhcGY%3D,https://www.fidal.it/societa/A-S-D-EDUCARE-CON-IL-MOVIMENTO/PG089
9.24,9.24,e,FRANCINI Diego,2005,JM,TOSCANA ATLETICA JOLLY,5 fi- 1,Modena,2024-01-13,https://www.fidal.it/atleta/FRANCINI-Diego/faqRkpmmbWQ%3D,https://www.fidal.it/societa/TOSCANA-ATLETICA-JOLLY/FI018
9.24,9.24,e,COCORULLO Pietro,2006,JM,ACQUIRUNNERS,2 ba- 1,Aosta,2024-01-21,https://www.fidal.it/atleta/COCORULLO-Pietro/dKmRlJKob2w%3D,https://www.fidal.it/societa/ACQUIRUNNERS/AL028
9.24,9.24,e,CAVINATO Luca antonio,2006,JM,G.S. FIAMME ORO PADOVA,5 ba- 2,Padova,2024-01-27,https://www.fidal.it/atleta/CAVINATO-Luca-antonio/eKqRkpqjaGY%3D,https://www.fidal.it/societa/G-S--FIAMME-ORO-PADOVA/PD131
9.24,9.24,e,ZITO Cristian,2005,JM,ASD NISSOLINO INTESATLETICA,3 ba- 1,Rieti,2024-01-28,https://www.fidal.it/atleta/ZITO-Cristian/f6qRkpegbWk%3D,https://www.fidal.it/societa/ASD-NISSOLINO-INTESATLETICA/LT260
9.25,9.25,e,RUGGERI Luca,2006,JM,CUS INSUBRIA VARESE COMO,3 se- 1,Saronno,2024-01-07,https://www.fidal.it/atleta/RUGGERI-Luca/drKRk5eobWc%3D,https://www.fidal.it/societa/CUS-INSUBRIA-VARESE-COMO/VA123
9.25,9.25,e,ZANZI Filippo,2005,JM,VARESE ATLETICA A.S.D.,3 se- 3,Saronno,2024-01-07,https://www.fidal.it/atleta/ZANZI-Filippo/drKRk5alaWc%3D,https://www.fidal.it/societa/VARESE-ATLETICA-A-S-D-/VA918
9.25,9.25,e,ALINOVI Emanuele,2006,JM,C.U.S. PARMA,2 ba- 1,Modena,2024-02-10,https://www.fidal.it/atleta/ALINOVI-Emanuele/eq6RkpqnbGc%3D,https://www.fidal.it/societa/C-U-S--PARMA/PR068
9.27,9.27,e,MARTELLI Federico,2005,JM,ATL.LIBERTAS UNICUSANO LIVORNO,5 se- 1,Firenze,2024-02-18,https://www.fidal.it/atleta/MARTELLI-Federico/fayRkpSnaGM%3D,https://www.fidal.it/societa/ATL-LIBERTAS-UNICUSANO-LIVORNO/LI035
9.28,9.28,e,ZANZI Filippo,2005,JM,VARESE ATLETICA A.S.D.,4 ba- 2,Bergamo,2024-01-14,https://www.fidal.it/atleta/ZANZI-Filippo/drKRk5alaWc%3D,https://www.fidal.it/societa/VARESE-ATLETICA-A-S-D-/VA918
9.29,9.29,e,SACCHETTI Luca,2006,JM,ATL. ENDAS  CESENA,1 se- 1,Ancona,2024-01-14,https://www.fidal.it/atleta/SACCHETTI-Luca/equRkpSlbGk%3D,https://www.fidal.it/societa/ATL--ENDAS-CESENA/FC049
9.29,9.29,e,PATUMI Francesco,2006,JM,ATLETICA PERUGIA TEAM SSD A RL,3 se- 2,Ancona,2024-01-14,https://www.fidal.it/atleta/PATUMI-Francesco/fqmRkpSga2w%3D,https://www.fidal.it/societa/ATLETICA-PERUGIA-TEAM-SSD-A-RL/PG109
9.29,9.29,e,MONNI Emanuele,2005,JM,ATLETICA IL COLLE ASD,4 se- 2,Ancona,2024-01-14,https://www.fidal.it/atleta/MONNI-Emanuele/fqmRkpWmamw%3D,https://www.fidal.it/societa/ATLETICA-IL-COLLE-ASD/PG079
9.31,9.31,e,LOTTICI Ludovico,2006,JM,ATL. BUZZETTI,2 ba- 2,Modena,2024-01-13,https://www.fidal.it/atleta/LOTTICI-Ludovico/eq6RkpmibGo%3D,https://www.fidal.it/societa/ATL--BUZZETTI/PR439
9.31,9.31,e,LOTTICI Ludovico,2006,JM,ATL. BUZZETTI,3 ba- 2,Modena,2024-01-20,https://www.fidal.it/atleta/LOTTICI-Ludovico/eq6RkpmibGo%3D,https://www.fidal.it/societa/ATL--BUZZETTI/PR439
9.31,9.31,e,VERNACE Luca pietro,2006,JM,ATLETICA MONZA,2 se- 3,Bergamo,2024-01-28,https://www.fidal.it/atleta/VERNACE-Luca-pietro/dq2RmZuobWc%3D,https://www.fidal.it/societa/ATLETICA-MONZA/MI710
9.31,9.31,e,VERNACE Luca pietro,2006,JM,ATLETICA MONZA,7 se- 2,Padova,2024-03-03,https://www.fidal.it/atleta/VERNACE-Luca-pietro/dq2RmZuobWc%3D,https://www.fidal.it/societa/ATLETICA-MONZA/MI710
9.32,9.32,e,ZACCARINI Enea,2006,JM,ATL. IMOLA SACMI AVIS,7 fi- 1,Ancona,2024-01-27,https://www.fidal.it/atleta/ZACCARINI-Enea/eqAAARkpSncWs%3D,https://www.fidal.it/societa/ATL--IMOLA-SACMI-AVIS/BO014
9.34,9.34,e,BELVISI Andrea,2005,JM,SSD NISSOLINO SPORT SRL ASU,5 se- 2,Ancona,2024-01-14,https://www.fidal.it/atleta/BELVISI-Andrea/f6qRkpaicWc%3D,https://www.fidal.it/societa/SSD-NISSOLINO-SPORT-SRL-ASU/RM363
9.34,9.34,e,MOSCATELLI Pietro,2006,JM,VARESE ATLETICA A.S.D.,3 fi- 2,Bergamo,2024-01-21,https://www.fidal.it/atleta/MOSCATELLI-Pietro/drKRk5ugbGg%3D,https://www.fidal.it/societa/VARESE-ATLETICA-A-S-D-/VA918
9.34,9.34,e,LAURETANI Fabrizio,1979,SM45,A.S.D EDUCARE CON IL MOVIMENTO,3 su- 1,Ancona,2024-02-24,https://www.fidal.it/atleta/LAURETANI-Fabrizio/fqiRkpOhcGY%3D,https://www.fidal.it/societa/A-S-D-EDUCARE-CON-IL-MOVIMENTO/PG089
9.35,9.35,e,GORINI Simone,2005,JM,OLIMPUS SAN MARINO ATLETICA,4 ba- 2,Ancona,2024-01-13,https://www.fidal.it/atleta/GORINI-Simone/iqiRkpKoaGU%3D,https://www.fidal.it/societa/OLIMPUS-SAN-MARINO-ATLETICA/SM278
9.35,9.35,e,ZATTRA Matteo,2006,JM,ATL.VICENTINA,3 se- 3,Padova,2024-03-03,https://www.fidal.it/atleta/ZATTRA-Matteo/eK6Rk5OmcGU%3D,https://www.fidal.it/societa/ATL-VICENTINA/VI626
9.36,9.36,e,RACIOPPI Simone,2006,JM,ATL. GALLARATESE,2 su- 1,Saronno,2024-01-14,https://www.fidal.it/atleta/RACIOPPI-Simone/drKRk5ejcWU%3D,https://www.fidal.it/societa/ATL--GALLARATESE/VA731
9.36,9.36,e,BELVISI Andrea,2005,JM,SSD NISSOLINO SPORT SRL ASU,3 fi- 1,Rieti,2024-01-28,https://www.fidal.it/atleta/BELVISI-Andrea/f6qRkpaicWc%3D,https://www.fidal.it/societa/SSD-NISSOLINO-SPORT-SRL-ASU/RM363
9.36,9.36,e,ANTONINI Alessandro,2006,JM,CENTRO ATLETICA PIOMBINO,2 se- 2,Firenze,2024-02-18,https://www.fidal.it/atleta/ANTONINI-Alessandro/fayRkpilbmQ%3D,https://www.fidal.it/societa/CENTRO-ATLETICA-PIOMBINO/LI038
9.36,9.36,e,LAURETANI Fabrizio,1979,SM45,A.S.D EDUCARE CON IL MOVIMENTO,4 ba- 2,Torun,2024-03-22,https://www.fidal.it/atleta/LAURETANI-Fabrizio/fqiRkpOhcGY%3D,https://www.fidal.it/societa/A-S-D-EDUCARE-CON-IL-MOVIMENTO/PG089
9.38,9.38,e,ALINOVI Emanuele,2006,JM,C.U.S. PARMA,3 ba- 2,Modena,2024-01-13,https://www.fidal.it/atleta/ALINOVI-Emanuele/eq6RkpqnbGc%3D,https://www.fidal.it/societa/C-U-S--PARMA/PR068
9.38,9.38,e,RAIOLA Raffaele,2006,JM,A.S.D. ATL. AGROPOLI,2 se- 1,Ancona,2024-01-14,https://www.fidal.it/atleta/RAIOLA-Raffaele/gK2RkpigcGM%3D,https://www.fidal.it/societa/A-S-D--ATL--AGROPOLI/SA128
9.4,9.40,e,BELVISI Andrea,2005,JM,SSD NISSOLINO SPORT SRL ASU,4 se- 3,Padova,2024-03-03,https://www.fidal.it/atleta/BELVISI-Andrea/f6qRkpaicWc%3D,https://www.fidal.it/societa/SSD-NISSOLINO-SPORT-SRL-ASU/RM363
9.42,9.42,e,ZACCARINI Enea,2006,JM,ATL. IMOLA SACMI AVIS,7 ba- 1,Ancona,2024-01-27,https://www.fidal.it/atleta/ZACCARINI-Enea/eqAAARkpSncWs%3D,https://www.fidal.it/societa/ATL--IMOLA-SACMI-AVIS/BO014
9.42,9.42,e,BERETTA Davide,2006,JM,TEAM-A LOMBARDIA,3 se- 3,Bergamo,2024-01-28,https://www.fidal.it/atleta/BERETTA-Davide/dq2RmJikaGk%3D,https://www.fidal.it/societa/TEAM-A-LOMBARDIA/MI774
9.43,9.43,e,GORINI Simone,2005,JM,OLIMPUS SAN MARINO ATLETICA,5 ba- 2,Ancona,2024-01-06,https://www.fidal.it/atleta/GORINI-Simone/iqiRkpKoaGU%3D,https://www.fidal.it/societa/OLIMPUS-SAN-MARINO-ATLETICA/SM278
9.43,9.43,e,SOLINAS Mario,2005,JM,A.S.D. ICHNOS SASSARI,1 su- 1,Iglesias,2024-01-14,https://www.fidal.it/atleta/SOLINAS-Mario/iKyRkpmlcWU%3D,https://www.fidal.it/societa/A-S-D--ICHNOS-SASSARI/SS220
9.43,9.43,e,BUSCARINU Francesco,2006,JM,A.S.D. ICHNOS SASSARI,2 su- 1,Iglesias,2024-01-14,https://www.fidal.it/atleta/BUSCARINU-Francesco/iKyRkpikcGw%3D,https://www.fidal.it/societa/A-S-D--ICHNOS-SASSARI/SS220
9.44,9.44,e,BELVISI Andrea,2005,JM,SSD NISSOLINO SPORT SRL ASU,4 ba- 1,Rieti,2024-01-28,https://www.fidal.it/atleta/BELVISI-Andrea/f6qRkpaicWc%3D,https://www.fidal.it/societa/SSD-NISSOLINO-SPORT-SRL-ASU/RM363
9.45,9.45,e,DUDINE Riccardo,2006,JM,TRIESTE ATLETICA,2 ba- 1,Udine,2024-01-13,https://www.fidal.it/atleta/DUDINE-Riccardo/eauRk5afa2Y%3D,https://www.fidal.it/societa/TRIESTE-ATLETICA/TS044
9.45,9.45,e,CANUZZI Giuseppe,1986,SM35,ATLETICA GROSSETO BANCA TEMA,3 su- 1,Ancona,2024-02-24,https://www.fidal.it/atleta/CANUZZI-Giuseppe/faiRlJSobWY%3D,https://www.fidal.it/societa/ATLETICA-GROSSETO-BANCA-TEMA/GR065
9.47,9.47,e,ZACCARINI Enea,2006,JM,ATL. IMOLA SACMI AVIS,5 ba- 4,Modena,2024-01-20,https://www.fidal.it/atleta/ZACCARINI-Enea/eqAAARkpSncWs%3D,https://www.fidal.it/societa/ATL--IMOLA-SACMI-AVIS/BO014
9.48,9.48,e,COCORULLO Pietro,2006,JM,ACQUIRUNNERS,5 fi- 2,Padova,2024-01-27,https://www.fidal.it/atleta/COCORULLO-Pietro/dKmRlJKob2w%3D,https://www.fidal.it/societa/ACQUIRUNNERS/AL028
9.48,9.48,e,ALINOVI Emanuele,2006,JM,C.U.S. PARMA,4 ba- 2,Parma,2024-12-21,https://www.fidal.it/atleta/ALINOVI-Emanuele/eq6RkpqnbGc%3D,https://www.fidal.it/societa/C-U-S--PARMA/PR068
9.5,9.50,e,MOSCATELLI Pietro,2006,JM,VARESE ATLETICA A.S.D.,4 ba- 1,Bergamo,2024-01-21,https://www.fidal.it/atleta/MOSCATELLI-Pietro/drKRk5ugbGg%3D,https://www.fidal.it/societa/VARESE-ATLETICA-A-S-D-/VA918
9.5,9.50,e,PATUMI Francesco,2006,JM,ATLETICA PERUGIA TEAM SSD A RL,5 se- 3,Padova,2024-03-03,https://www.fidal.it/atleta/PATUMI-Francesco/fqmRkpSga2w%3D,https://www.fidal.it/societa/ATLETICA-PERUGIA-TEAM-SSD-A-RL/PG109
9.51,9.51,e,VERNACE Luca pietro,2006,JM,ATLETICA MONZA,4 su- 1,Bergamo,2024-01-07,https://www.fidal.it/atleta/VERNACE-Luca-pietro/dq2RmZuobWc%3D,https://www.fidal.it/societa/ATLETICA-MONZA/MI710
9.55,9.55,e,COCORULLO Pietro,2006,JM,ACQUIRUNNERS,4 fi- 1,Aosta,2024-01-14,https://www.fidal.it/atleta/COCORULLO-Pietro/dKmRlJKob2w%3D,https://www.fidal.it/societa/ACQUIRUNNERS/AL028
9.56,9.56,e,BERETTA Davide,2006,JM,TEAM-A LOMBARDIA,4 se- 3,Saronno,2024-01-07,https://www.fidal.it/atleta/BERETTA-Davide/dq2RmJikaGk%3D,https://www.fidal.it/societa/TEAM-A-LOMBARDIA/MI774
9.6,9.60,e,ENRICH Jonathan,2006,JM,A.S.D.SSV BRIXEN,3 su- 1,Innsbruck,2024-01-13,https://www.fidal.it/atleta/ENRICH-Jonathan/iaiRk5ehbGw%3D,https://www.fidal.it/societa/A-S-D-SSV-BRIXEN/BZ031
9.6,9.60,e,CAMERIN Giovanni,2006,JM,ATL.VICENTINA,6 ba- 2,Padova,2024-01-14,https://www.fidal.it/atleta/CAMERIN-Giovanni/eK6Rk5WlaGQ%3D,https://www.fidal.it/societa/ATL-VICENTINA/VI626
9.6,9.60,e,ORTELLI Mario,1980,SM40,A.S PODISTICA TARAS,1 su- 1,Ancona,2024-02-23,https://www.fidal.it/atleta/ORTELLI-Mario/hKiRkpWoa2Y%3D,https://www.fidal.it/societa/A-S-PODISTICA-TARAS/TA408
9.6,9.60,e,CITTERIO Paolo,1975,SM45,FORTI E LIBERI MONZA 1878 ASD,1 su- 1,Ancona,2024-02-23,https://www.fidal.it/atleta/CITTERIO-Paolo/dq2RkpOmcWs%3D,https://www.fidal.it/societa/FORTI-E-LIBERI-MONZA-1878-ASD/MI903
9.62,9.62,e,FANTI Matteo,2005,JM,G.S.SELF ATL. MONTANARI GRUZZA,5 fi- 1,Parma,2024-01-27,https://www.fidal.it/atleta/FANTI-Matteo/erGRkpafb2U%3D,https://www.fidal.it/societa/G-S-SELF-ATL--MONTANARI-GRUZZA/RE105
9.62,9.62,e,GRAIFF Mattia,2006,JM,C.S.S. LEONARDO DA VINCI,6 se- 3,Padova,2024-03-03,https://www.fidal.it/atleta/GRAIFF-Mattia/iaiRk5iiams%3D,https://www.fidal.it/societa/C-S-S--LEONARDO-DA-VINCI/BZ071
9.66,9.66,e,SPAGNOLI Filippo,2006,JM,ATL. RICCARDI MILANO 1946,7 ba- 1,San Gallo,2024-01-21,https://www.fidal.it/atleta/SPAGNOLI-Filippo/dq2RmpKfbmY%3D,https://www.fidal.it/societa/ATL--RICCARDI-MILANO-1946/MI080
9.69,9.69,e,COCORULLO Pietro,2006,JM,ACQUIRUNNERS,2 fi- 1,Aosta,2024-01-21,https://www.fidal.it/atleta/COCORULLO-Pietro/dKmRlJKob2w%3D,https://www.fidal.it/societa/ACQUIRUNNERS/AL028
9.7,9.70,e,COCORULLO Pietro,2006,JM,ACQUIRUNNERS,4 ba- 1,Aosta,2024-01-14,https://www.fidal.it/atleta/COCORULLO-Pietro/dKmRlJKob2w%3D,https://www.fidal.it/societa/ACQUIRUNNERS/AL028
9.71,9.71,e,GAGINO Lorenzo,2006,JM,ATLETICA ASTI 2.2 A.S.D.,5 ba- 1,Aosta,2024-01-14,https://www.fidal.it/atleta/GAGINO-Lorenzo/dKuRk5mna2k%3D,https://www.fidal.it/societa/ATLETICA-ASTI-2-2-A-S-D-/AT019
9.72,9.72,e,BENELLI Luca,2006,JM,ATL. REGGIO ASD,5 ba- 1,Modena,2024-01-20,https://www.fidal.it/atleta/BENELLI-Luca/erGRkpafamc%3D,https://www.fidal.it/societa/ATL--REGGIO-ASD/RE128
9.74,9.74,e,MOSCATELLI Pietro,2006,JM,VARESE ATLETICA A.S.D.,1 fi- 2,Bergamo,2024-01-14,https://www.fidal.it/atleta/MOSCATELLI-Pietro/drKRk5ugbGg%3D,https://www.fidal.it/societa/VARESE-ATLETICA-A-S-D-/VA918
9.76,9.76,e,DOZIO Niccolo,2006,JM,ATL. LECCO-COLOMBO COSTRUZ.,3 se- 1,Saronno,2024-01-07,https://www.fidal.it/atleta/DOZIO-Niccolo/dquRk5Ojbms%3D,https://www.fidal.it/societa/ATL--LECCO-COLOMBO-COSTRUZ-/CO208
9.78,9.78,e,MOSCATELLI Pietro,2006,JM,VARESE ATLETICA A.S.D.,3 ba- 1,Bergamo,2024-01-14,https://www.fidal.it/atleta/MOSCATELLI-Pietro/drKRk5ugbGg%3D,https://www.fidal.it/societa/VARESE-ATLETICA-A-S-D-/VA918
9.82,9.82,e,FANTI Matteo,2005,JM,G.S.SELF ATL. MONTANARI GRUZZA,4 ba- 2,Modena,2024-01-20,https://www.fidal.it/atleta/FANTI-Matteo/erGRkpafb2U%3D,https://www.fidal.it/societa/G-S-SELF-ATL--MONTANARI-GRUZZA/RE105
9.84,9.84,e,DOZIO Niccolo,2006,JM,ATL. LECCO-COLOMBO COSTRUZ.,4 se- 1,Saronno,2024-01-07,https://www.fidal.it/atleta/DOZIO-Niccolo/dquRk5Ojbms%3D,https://www.fidal.it/societa/ATL--LECCO-COLOMBO-COSTRUZ-/CO208
9.84,9.84,e,ZITO Cristian,2005,JM,ASD NISSOLINO INTESATLETICA,5 ba- 2,Ancona,2024-01-13,https://www.fidal.it/atleta/ZITO-Cristian/f6qRkpegbWk%3D,https://www.fidal.it/societa/ASD-NISSOLINO-INTESATLETICA/LT260
9.84,9.84,e,DOZIO Niccolo,2006,JM,ATL. LECCO-COLOMBO COSTRUZ.,5 ba- 2,Bergamo,2024-01-14,https://www.fidal.it/atleta/DOZIO-Niccolo/dquRk5Ojbms%3D,https://www.fidal.it/societa/ATL--LECCO-COLOMBO-COSTRUZ-/CO208
9.84,9.84,e,SORDI Tommaso,2006,JM,POLISPORTIVA I'GIGLIO,6 ba- 2,Ancona,2024-02-04,https://www.fidal.it/atleta/SORDI-Tommaso/faqRkpqhbGQ%3D,https://www.fidal.it/societa/POLISPORTIVA-I-GIGLIO/FI407
9.85,9.85,e,REMEDIA Davide,2006,JM,ATL. AVIS MACERATA,7 ba- 1,Ancona,2024-01-06,https://www.fidal.it/atleta/REMEDIA-Davide/fqmRkpekcGU%3D,https://www.fidal.it/societa/ATL--AVIS-MACERATA/MC004
9.85,9.85,e,TREVISAN Gabriele,2006,JM,ATL. GALLARATESE,4 se- 1,Saronno,2024-01-07,https://www.fidal.it/atleta/TREVISAN-Gabriele/drKRk5uocGw%3D,https://www.fidal.it/societa/ATL--GALLARATESE/VA731
9.85,9.85,e,SPAGNOLI Filippo,2006,JM,ATL. RICCARDI MILANO 1946,6 fi- 1,San Gallo,2024-01-21,https://www.fidal.it/atleta/SPAGNOLI-Filippo/dq2RmpKfbmY%3D,https://www.fidal.it/societa/ATL--RICCARDI-MILANO-1946/MI080
9.86,9.86,e,FANTI Matteo,2005,JM,G.S.SELF ATL. MONTANARI GRUZZA,5 ba- 1,Parma,2024-01-27,https://www.fidal.it/atleta/FANTI-Matteo/erGRkpafb2U%3D,https://www.fidal.it/societa/G-S-SELF-ATL--MONTANARI-GRUZZA/RE105
9.87,9.87,e,PATUMI Francesco,2006,JM,ATLETICA PERUGIA TEAM SSD A RL,6 ba- 2,Ancona,2024-01-06,https://www.fidal.it/atleta/PATUMI-Francesco/fqmRkpSga2w%3D,https://www.fidal.it/societa/ATLETICA-PERUGIA-TEAM-SSD-A-RL/PG109
9.88,9.88,e,COCORULLO Pietro,2006,JM,ACQUIRUNNERS,2 ba- 3,Padova,2024-01-27,https://www.fidal.it/atleta/COCORULLO-Pietro/dKmRlJKob2w%3D,https://www.fidal.it/societa/ACQUIRUNNERS/AL028
9.88,9.88,e,FIORINI Federico,1988,SM35,ATL.VICENTINA,1 su- 1,Ancona,2024-02-23,https://www.fidal.it/atleta/FIORINI-Federico/eKiRlJWoa2Q%3D,https://www.fidal.it/societa/ATL-VICENTINA/VI626
9.89,9.89,e,TREVISAN Gabriele,2006,JM,ATL. GALLARATESE,1 se- 2,Bergamo,2024-01-28,https://www.fidal.it/atleta/TREVISAN-Gabriele/drKRk5uocGw%3D,https://www.fidal.it/societa/ATL--GALLARATESE/VA731
9.89,9.89,e,MANCHOR Zaccaria,2006,JM,MILANO ATLETICA,2 se- 1,Bergamo,2024-01-28,https://www.fidal.it/atleta/MANCHOR-Zaccaria/dq2RmZOgb2U%3D,https://www.fidal.it/societa/MILANO-ATLETICA/MI798
9.93,9.93,e,CAMERIN Giovanni,2006,JM,ATL.VICENTINA,3 fi- 3,Padova,2024-01-14,https://www.fidal.it/atleta/CAMERIN-Giovanni/eK6Rk5WlaGQ%3D,https://www.fidal.it/societa/ATL-VICENTINA/VI626
9.96,9.96,e,FANTI Matteo,2005,JM,G.S.SELF ATL. MONTANARI GRUZZA,5 ba- 1,Modena,2024-01-13,https://www.fidal.it/atleta/FANTI-Matteo/erGRkpafb2U%3D,https://www.fidal.it/societa/G-S-SELF-ATL--MONTANARI-GRUZZA/RE105
9.96,9.96,e,TREVISAN Gabriele,2006,JM,ATL. GALLARATESE,5 ba- 1,Bergamo,2024-01-21,https://www.fidal.it/atleta/TREVISAN-Gabriele/drKRk5uocGw%3D,https://www.fidal.it/societa/ATL--GALLARATESE/VA731
9.99,9.99,e,TREVISAN Gabriele,2006,JM,ATL. GALLARATESE,4 fi- 2,Bergamo,2024-01-21,https://www.fidal.it/atleta/TREVISAN-Gabriele/drKRk5uocGw%3D,https://www.fidal.it/societa/ATL--GALLARATESE/VA731
10.01,10.01,e,LANTERI Marco,2006,JM,ATLETICA COGNE AOSTA,1 ba- 1,Aosta,2024-01-28,https://www.fidal.it/atleta/LANTERI-Marco/dKqRkpOoamw%3D,https://www.fidal.it/societa/ATLETICA-COGNE-AOSTA/AO001
10.01,10.01,e,PIVA Edoardo,2006,JM,ATLETICA BOVOLONE,2 se- 2,Padova,2024-02-04,https://www.fidal.it/atleta/PIVA-Edoardo/eKAAARk5ilbmY%3D,https://www.fidal.it/societa/ATLETICA-BOVOLONE/VR775
10.09,10.09,e,TREVISAN Gabriele,2006,JM,ATL. GALLARATESE,3 se- 2,Saronno,2024-01-07,https://www.fidal.it/atleta/TREVISAN-Gabriele/drKRk5uocGw%3D,https://www.fidal.it/societa/ATL--GALLARATESE/VA731
10.09,10.09,e,MELLONI Mattia,2006,JM,ATL. LECCO-COLOMBO COSTRUZ.,5 se- 1,Saronno,2024-01-07,https://www.fidal.it/atleta/MELLONI-Mattia/dquRk5ahamQ%3D,https://www.fidal.it/societa/ATL--LECCO-COLOMBO-COSTRUZ-/CO208
10.09,10.09,e,LANTERI Marco,2006,JM,ATLETICA COGNE AOSTA,3 ba- 1,Aosta,2024-01-21,https://www.fidal.it/atleta/LANTERI-Marco/dKqRkpOoamw%3D,https://www.fidal.it/societa/ATLETICA-COGNE-AOSTA/AO001
10.14,10.14,e,GRAIFF Mattia,2006,JM,C.S.S. LEONARDO DA VINCI,3 se- 2,Padova,2024-02-04,https://www.fidal.it/atleta/GRAIFF-Mattia/iaiRk5iiams%3D,https://www.fidal.it/societa/C-S-S--LEONARDO-DA-VINCI/BZ071
10.16,10.16,e,MELLONI Mattia,2006,JM,ATL. LECCO-COLOMBO COSTRUZ.,4 se- 2,Padova,2024-02-04,https://www.fidal.it/atleta/MELLONI-Mattia/dquRk5ahamQ%3D,https://www.fidal.it/societa/ATL--LECCO-COLOMBO-COSTRUZ-/CO208
10.17,10.17,e,PIVA Edoardo,2006,JM,ATLETICA BOVOLONE,4 fi- 3,Padova,2024-01-14,https://www.fidal.it/atleta/PIVA-Edoardo/eKAAARk5ilbmY%3D,https://www.fidal.it/societa/ATLETICA-BOVOLONE/VR775
10.19,10.19,e,PIVA Edoardo,2006,JM,ATLETICA BOVOLONE,6 fi- 2,Padova,2024-01-27,https://www.fidal.it/atleta/PIVA-Edoardo/eKAAARk5ilbmY%3D,https://www.fidal.it/societa/ATLETICA-BOVOLONE/VR775
10.2,10.20,e,MELLONI Mattia,2006,JM,ATL. LECCO-COLOMBO COSTRUZ.,5 se- 1,Saronno,2024-01-07,https://www.fidal.it/atleta/MELLONI-Mattia/dquRk5ahamQ%3D,https://www.fidal.it/societa/ATL--LECCO-COLOMBO-COSTRUZ-/CO208
10.22,10.22,e,MELLONI Mattia,2006,JM,ATL. LECCO-COLOMBO COSTRUZ.,6 ba- 2,Bergamo,2024-01-14,https://www.fidal.it/atleta/MELLONI-Mattia/dquRk5ahamQ%3D,https://www.fidal.it/societa/ATL--LECCO-COLOMBO-COSTRUZ-/CO208
10.23,10.23,e,MELLONI Mattia,2006,JM,ATL. LECCO-COLOMBO COSTRUZ.,2 fi- 2,Bergamo,2024-01-14,https://www.fidal.it/atleta/MELLONI-Mattia/dquRk5ahamQ%3D,https://www.fidal.it/societa/ATL--LECCO-COLOMBO-COSTRUZ-/CO208
10.23,10.23,e,PIVA Edoardo,2006,JM,ATLETICA BOVOLONE,7 ba- 2,Padova,2024-01-14,https://www.fidal.it/atleta/PIVA-Edoardo/eKAAARk5ilbmY%3D,https://www.fidal.it/societa/ATLETICA-BOVOLONE/VR775
10.29,10.29,e,REPPELE Tommaso,2006,JM,C.U.S. VERONA SEZ. ATLETICA,5 se- 2,Padova,2024-02-04,https://www.fidal.it/atleta/REPPELE-Tommaso/eKAAARk5ajaGU%3D,https://www.fidal.it/societa/C-U-S--VERONA-SEZ--ATLETICA/VR825
10.31,10.31,e,MATTOLINI Francesco,2005,JM,ATLETICA LIVORNO,6 fi- 1,Firenze,2024-01-27,https://www.fidal.it/atleta/MATTOLINI-Francesco/fayRkpiia2M%3D,https://www.fidal.it/societa/ATLETICA-LIVORNO/LI036
10.35,10.35,e,LANTERI Marco,2006,JM,ATLETICA COGNE AOSTA,1 fi- 1,Aosta,2024-01-28,https://www.fidal.it/atleta/LANTERI-Marco/dKqRkpOoamw%3D,https://www.fidal.it/societa/ATLETICA-COGNE-AOSTA/AO001
10.38,10.38,e,BUSCHI Francesco,2006,JM,TEAM ATLETICO-MERCURIO NOVARA,5 fi- 1,Bra,2024-01-27,https://www.fidal.it/atleta/BUSCHI-Francesco/dK2RlJSfaGQ%3D,https://www.fidal.it/societa/TEAM-ATLETICO-MERCURIO-NOVARA/NO020
10.41,10.41,e,PIVA Edoardo,2006,JM,ATLETICA BOVOLONE,3 ba- 3,Padova,2024-01-27,https://www.fidal.it/atleta/PIVA-Edoardo/eKAAARk5ilbmY%3D,https://www.fidal.it/societa/ATLETICA-BOVOLONE/VR775
10.42,10.42,e,DOZIO Niccolo,2006,JM,ATL. LECCO-COLOMBO COSTRUZ.,3 fi- 2,Bergamo,2024-01-14,https://www.fidal.it/atleta/DOZIO-Niccolo/dquRk5Ojbms%3D,https://www.fidal.it/societa/ATL--LECCO-COLOMBO-COSTRUZ-/CO208
10.43,10.43,e,LANTERI Marco,2006,JM,ATLETICA COGNE AOSTA,3 fi- 1,Aosta,2024-01-21,https://www.fidal.it/atleta/LANTERI-Marco/dKqRkpOoamw%3D,https://www.fidal.it/societa/ATLETICA-COGNE-AOSTA/AO001
10.55,10.55,e,REPPELE Tommaso,2006,JM,C.U.S. VERONA SEZ. ATLETICA,4 ba- 3,Padova,2024-01-27,https://www.fidal.it/atleta/REPPELE-Tommaso/eKAAARk5ajaGU%3D,https://www.fidal.it/societa/C-U-S--VERONA-SEZ--ATLETICA/VR825
10.55,10.55,e,PIZZOLI Giacomo,2006,JM,ATLETICA BOVOLONE,6 se- 2,Padova,2024-02-04,https://www.fidal.it/atleta/PIZZOLI-Giacomo/eKAAARk5OgcWM%3D,https://www.fidal.it/societa/ATLETICA-BOVOLONE/VR775
10.73,10.73,e,REPPELE Tommaso,2006,JM,C.U.S. VERONA SEZ. ATLETICA,7 fi- 2,Padova,2024-01-27,https://www.fidal.it/atleta/REPPELE-Tommaso/eKAAARk5ajaGU%3D,https://www.fidal.it/societa/C-U-S--VERONA-SEZ--ATLETICA/VR825
10.94,10.94,e,GAROFALO Giuseppe,1982,SM40,A.S PODISTICA TARAS,2 su- 1,Ancona,2024-02-23,https://www.fidal.it/atleta/GAROFALO-Giuseppe/hKmRkpenbGw%3D,https://www.fidal.it/societa/A-S-PODISTICA-TARAS/TA408
11.0,11.00,e,POLLINI Claudio,1989,SM35,ATL. PAVESE,2 su- 1,Ancona,2024-02-23,https://www.fidal.it/atleta/POLLINI-Claudio/dqAAARl5Kgb2s%3D,https://www.fidal.it/societa/ATL--PAVESE/PV599
11.03,11.03,e,BINI Alessandro,1981,SM40,TOSCANA ATLETICA JOLLY,3 su- 1,Ancona,2024-02-23,https://www.fidal.it/atleta/BINI-Alessandro/faiRkpumaWo%3D,https://www.fidal.it/societa/TOSCANA-ATLETICA-JOLLY/FI018
11.05,11.05,e,FUMAGALLI Cesare,2005,JM,G.S. VIRTUS CALCO,4 ba- 1,Bergamo,2024-01-14,https://www.fidal.it/atleta/FUMAGALLI-Cesare/dquRlJSoa2s%3D,https://www.fidal.it/societa/G-S--VIRTUS-CALCO/CO294
11.05,11.05,e,FUMAGALLI Cesare,2005,JM,G.S. VIRTUS CALCO,4 fi- 2,Bergamo,2024-01-14,https://www.fidal.it/atleta/FUMAGALLI-Cesare/dquRlJSoa2s%3D,https://www.fidal.it/societa/G-S--VIRTUS-CALCO/CO294
11.05,11.05,e,PANZERI Tommaso,2006,JM,G.S. VIRTUS CALCO,2 se- 2,Bergamo,2024-01-28,https://www.fidal.it/atleta/PANZERI-Tommaso/dquRk5moaGk%3D,https://www.fidal.it/societa/G-S--VIRTUS-CALCO/CO294
11.06,11.06,e,PANZERI Tommaso,2006,JM,G.S. VIRTUS CALCO,5 ba- 1,Bergamo,2024-01-14,https://www.fidal.it/atleta/PANZERI-Tommaso/dquRk5moaGk%3D,https://www.fidal.it/societa/G-S--VIRTUS-CALCO/CO294
11.08,11.08,e,FUMAGALLI Cesare,2005,JM,G.S. VIRTUS CALCO,3 se- 2,Bergamo,2024-01-28,https://www.fidal.it/atleta/FUMAGALLI-Cesare/dquRlJSoa2s%3D,https://www.fidal.it/societa/G-S--VIRTUS-CALCO/CO294
11.11,11.11,e,BUSCHI Francesco,2006,JM,TEAM ATLETICO-MERCURIO NOVARA,5 ba- 1,Bra,2024-01-27,https://www.fidal.it/atleta/BUSCHI-Francesco/dK2RlJSfaGQ%3D,https://www.fidal.it/societa/TEAM-ATLETICO-MERCURIO-NOVARA/NO020
11.19,11.19,e,ASHRAF SAMIR HEGAZY SHAHI Karim,2006,JM,G.S. VIRTUS CALCO,4 se- 2,Bergamo,2024-01-28,https://www.fidal.it/atleta/ASHRAF-SAMIR-HEGAZY-SHAHI-Karim/dquRlJana2c%3D,https://www.fidal.it/societa/G-S--VIRTUS-CALCO/CO294
11.25,11.25,e,FUMAGALLI Cesare,2005,JM,G.S. VIRTUS CALCO,5 se- 3,Saronno,2024-01-07,https://www.fidal.it/atleta/FUMAGALLI-Cesare/dquRlJSoa2s%3D,https://www.fidal.it/societa/G-S--VIRTUS-CALCO/CO294
11.39,11.39,e,CRIPPA Vittorio,2006,JM,G.S. VIRTUS CALCO,3 se- 1,Bergamo,2024-01-28,https://www.fidal.it/atleta/CRIPPA-Vittorio/dquRk5Ojbmk%3D,https://www.fidal.it/societa/G-S--VIRTUS-CALCO/CO294
11.42,11.42,e,PANZERI Tommaso,2006,JM,G.S. VIRTUS CALCO,5 fi- 2,Bergamo,2024-01-14,https://www.fidal.it/atleta/PANZERI-Tommaso/dquRk5moaGk%3D,https://www.fidal.it/societa/G-S--VIRTUS-CALCO/CO294
11.52,11.52,e,PANZERI Tommaso,2006,JM,G.S. VIRTUS CALCO,4 se- 2,Saronno,2024-01-07,https://www.fidal.it/atleta/PANZERI-Tommaso/dquRk5moaGk%3D,https://www.fidal.it/societa/G-S--VIRTUS-CALCO/CO294
11.53,11.53,e,FIORELLA Alessandro,2005,JM,ATLETICA IL COLLE ASD,3 se- 1,Ancona,2024-01-14,https://www.fidal.it/atleta/FIORELLA-Alessandro/fqmRkpWhb2k%3D,https://www.fidal.it/societa/ATLETICA-IL-COLLE-ASD/PG079
11.55,11.55,e,SERENI LUCARELLI Federico,2005,JM,ATLETICA IL COLLE ASD,4 se- 1,Ancona,2024-01-14,https://www.fidal.it/atleta/SERENI-LUCARELLI-Federico/fqmRkpWhcGQ%3D,https://www.fidal.it/societa/ATLETICA-IL-COLLE-ASD/PG079
11.6,11.60,e,POLLINI Claudio,1989,SM35,ATL. PAVESE,1 su- 1,Casalmaggiore,2024-01-28,https://www.fidal.it/atleta/POLLINI-Claudio/dqAAARl5Kgb2s%3D,https://www.fidal.it/societa/ATL--PAVESE/PV599
11.84,11.84,e,COPPARI Simone,2005,JM,ATL. AVIS MACERATA,7 fi- 1,Ancona,2024-01-13,https://www.fidal.it/atleta/COPPARI-Simone/e6uRkpWicWc%3D,https://www.fidal.it/societa/ATL--AVIS-MACERATA/MC004
11.91,11.91,e,ASHRAF SAMIR HEGAZY SHAHI Karim,2006,JM,G.S. VIRTUS CALCO,5 se- 2,Saronno,2024-01-07,https://www.fidal.it/atleta/ASHRAF-SAMIR-HEGAZY-SHAHI-Karim/dquRlJana2c%3D,https://www.fidal.it/societa/G-S--VIRTUS-CALCO/CO294
12.41,12.41,e,ZANETTI Paolo,1977,SM45,A.S.D. ATLETICA CINQUE CERCHI,2 su- 1,Ancona,2024-02-23,https://www.fidal.it/atleta/ZANETTI-Paolo/eq2RkpOlcGM%3D,https://www.fidal.it/societa/A-S-D--ATLETICA-CINQUE-CERCHI/PC461
12.42,12.42,e,MELPIGNANO Alfonso,1979,SM45,OSTUNI RUNNER'S,3 su- 1,Ancona,2024-02-23,https://www.fidal.it/atleta/MELPIGNANO-Alfonso/hKqSmZSlbmQ%3D,https://www.fidal.it/societa/OSTUNI-RUNNER-S/BR158
12.73,12.73,e,TODESCATO Alberto,1984,SM40,ATL.VICENTINA,3 se- 1,Padova,2024-03-09,https://www.fidal.it/atleta/TODESCATO-Alberto/eK6RkpqncGg%3D,https://www.fidal.it/societa/ATL-VICENTINA/VI626
12.97,12.97,e,SCORZAFAVE Umberto,1983,SM40,ASD CORRICASTROVILLARI,4 su- 1,Ancona,2024-02-23,https://www.fidal.it/atleta/SCORZAFAVE-Umberto/hqmRkpOhb2Q%3D,https://www.fidal.it/societa/ASD-CORRICASTROVILLARI/CS386
14.19,14.19,e,CECCARELLI Dario carlo,1976,SM45,DAINI CARATE BRIANZA,5 se- 2,Padova,2024-03-09,https://www.fidal.it/atleta/CECCARELLI-Dario-carlo/dq2RmJqhbmg%3D,https://www.fidal.it/societa/DAINI-CARATE-BRIANZA/MI095
14.24,14.24,e,PIEMONTESE Daniele mario,1982,SM40,I PODISTI DI CAPITANATA,5 su- 1,Ancona,2024-02-23,https://www.fidal.it/atleta/PIEMONTESE-Daniele-mario/hKuRkpagamo%3D,https://www.fidal.it/societa/I-PODISTI-DI-CAPITANATA/FG280
14.3,14.30,e,PIEMONTESE Daniele mario,1982,SM40,I PODISTI DI CAPITANATA,3 su- 1,Ancona,2024-02-24,https://www.fidal.it/atleta/PIEMONTESE-Daniele-mario/hKuRkpagamo%3D,https://www.fidal.it/societa/I-PODISTI-DI-CAPITANATA/FG280
7.88,7.88,e,ESCALONA Kyan daniel duffy,2007,JM,A.S.D. KRONOS ROMA,1 ba- 1,Modena,2025-02-08,https://www.fidal.it/atleta/ESCALONA-Kyan-daniel-duffy/f6yRlZelamw%3D,https://www.fidal.it/societa/A-S-D--KRONOS-ROMA/RM071
7.88,7.88,e,ESCALONA Kyan daniel duffy,2007,JM,A.S.D. KRONOS ROMA,1 fi- 1,Modena,2025-02-08,https://www.fidal.it/atleta/ESCALONA-Kyan-daniel-duffy/f6yRlZelamw%3D,https://www.fidal.it/societa/A-S-D--KRONOS-ROMA/RM071
7.91,7.91,e,ESCALONA Kyan daniel duffy,2007,JM,A.S.D. KRONOS ROMA,1 ba- 2,Ancona,2025-02-02,https://www.fidal.it/atleta/ESCALONA-Kyan-daniel-duffy/f6yRlZelamw%3D,https://www.fidal.it/societa/A-S-D--KRONOS-ROMA/RM071
7.92,7.92,e,GHEDINA Alberico,2007,JM,ATLETICA MENEGHINA,1 fi- 1,Ancona,2025-02-02,https://www.fidal.it/atleta/GHEDINA-Alberico/eKmRlJagbGc%3D,https://www.fidal.it/societa/ATLETICA-MENEGHINA/MI770
7.99,7.99,e,LUBELLO Kevin,2006,JM,LAGARINA CRUS TEAM,1 se- 1,Padova,2025-02-02,https://www.fidal.it/atleta/LUBELLO-Kevin/iaiRk5efcGs%3D,https://www.fidal.it/societa/LAGARINA-CRUS-TEAM/TN131
8.0,8.00,e,ESCALONA Kyan daniel duffy,2007,JM,A.S.D. KRONOS ROMA,2 fi- 1,Ancona,2025-02-02,https://www.fidal.it/atleta/ESCALONA-Kyan-daniel-duffy/f6yRlZelamw%3D,https://www.fidal.it/societa/A-S-D--KRONOS-ROMA/RM071
8.02,8.02,e,LUBELLO Kevin,2006,JM,LAGARINA CRUS TEAM,1 fi- 1,Ancona,2025-01-25,https://www.fidal.it/atleta/LUBELLO-Kevin/iaiRk5efcGs%3D,https://www.fidal.it/societa/LAGARINA-CRUS-TEAM/TN131
8.03,8.03,e,GHEDINA Alberico,2007,JM,ATLETICA MENEGHINA,1 ba- 3,Ancona,2025-02-02,https://www.fidal.it/atleta/GHEDINA-Alberico/eKmRlJagbGc%3D,https://www.fidal.it/societa/ATLETICA-MENEGHINA/MI770
8.03,8.03,e,MANZI Giulio,2007,JM,ASD VIRTUS SEZ. ATL. EMILSIDER,1 ba- 4,Ancona,2025-02-02,https://www.fidal.it/atleta/MANZI-Giulio/eqmRkpekaGQ%3D,https://www.fidal.it/societa/ASD-VIRTUS-SEZ--ATL--EMILSIDER/BO007
8.04,8.04,e,MANZI Giulio,2007,JM,ASD VIRTUS SEZ. ATL. EMILSIDER,1 fi- 1,Modena,2025-01-18,https://www.fidal.it/atleta/MANZI-Giulio/eqmRkpekaGQ%3D,https://www.fidal.it/societa/ASD-VIRTUS-SEZ--ATL--EMILSIDER/BO007
8.05,8.05,e,LUBELLO Kevin,2006,JM,LAGARINA CRUS TEAM,1 ba- 1,Ancona,2025-01-25,https://www.fidal.it/atleta/LUBELLO-Kevin/iaiRk5efcGs%3D,https://www.fidal.it/societa/LAGARINA-CRUS-TEAM/TN131
8.06,8.06,e,MANZI Giulio,2007,JM,ASD VIRTUS SEZ. ATL. EMILSIDER,1 fi- 1,Ancona,2025-01-11,https://www.fidal.it/atleta/MANZI-Giulio/eqmRkpekaGQ%3D,https://www.fidal.it/societa/ASD-VIRTUS-SEZ--ATL--EMILSIDER/BO007
8.07,8.07,e,MANZI Giulio,2007,JM,ASD VIRTUS SEZ. ATL. EMILSIDER,3 fi- 1,Ancona,2025-02-02,https://www.fidal.it/atleta/MANZI-Giulio/eqmRkpekaGQ%3D,https://www.fidal.it/societa/ASD-VIRTUS-SEZ--ATL--EMILSIDER/BO007
8.07,8.07,e,STALLONE Marco,2006,JM,ATLETICA MALIGNANI LIBERTAS UD,1 fi- 1,Padova,2025-02-08,https://www.fidal.it/atleta/STALLONE-Marco/eayRk5eiaGc%3D,https://www.fidal.it/societa/ATLETICA-MALIGNANI-LIBERTAS-UD/UD030
8.11,8.11,e,MANZI Giulio,2007,JM,ASD VIRTUS SEZ. ATL. EMILSIDER,1 ba- 1,Modena,2025-01-18,https://www.fidal.it/atleta/MANZI-Giulio/eqmRkpekaGQ%3D,https://www.fidal.it/societa/ASD-VIRTUS-SEZ--ATL--EMILSIDER/BO007
8.13,8.13,e,MANZI Giulio,2007,JM,ASD VIRTUS SEZ. ATL. EMILSIDER,1 ba- 1,Ancona,2025-01-11,https://www.fidal.it/atleta/MANZI-Giulio/eqmRkpekaGQ%3D,https://www.fidal.it/societa/ASD-VIRTUS-SEZ--ATL--EMILSIDER/BO007
8.13,8.13,e,BERNARDINI Andrea,2007,JM,SSD NISSOLINO SPORT SRL ASU,2 ba- 4,Ancona,2025-02-02,https://www.fidal.it/atleta/BERNARDINI-Andrea/f6qRkpSoa2g%3D,https://www.fidal.it/societa/SSD-NISSOLINO-SPORT-SRL-ASU/RM363
8.15,8.15,e,GOUEM Adam,2006,JM,EDERA ATL. FORLI,2 fi- 1,Ancona,2025-01-25,https://www.fidal.it/atleta/GOUEM-Adam/equRkpSkbGk%3D,https://www.fidal.it/societa/EDERA-ATL--FORLI/FC038
8.15,8.15,e,STALLONE Marco,2006,JM,ATLETICA MALIGNANI LIBERTAS UD,4 fi- 1,Ancona,2025-02-02,https://www.fidal.it/atleta/STALLONE-Marco/eayRk5eiaGc%3D,https://www.fidal.it/societa/ATLETICA-MALIGNANI-LIBERTAS-UD/UD030
8.16,8.16,e,GOUEM Adam,2006,JM,EDERA ATL. FORLI,1 ba- 1,Ancona,2025-02-02,https://www.fidal.it/atleta/GOUEM-Adam/equRkpSkbGk%3D,https://www.fidal.it/societa/EDERA-ATL--FORLI/FC038
8.17,8.17,e,SORDI Tommaso,2006,JM,POLISPORTIVA I'GIGLIO,1 se- 1,Firenze,2025-01-26,https://www.fidal.it/atleta/SORDI-Tommaso/faqRkpqhbGQ%3D,https://www.fidal.it/societa/POLISPORTIVA-I-GIGLIO/FI407
8.17,8.17,e,FRANCINI Claudio,2007,JM,TOSCANA ATLETICA JOLLY,1 ba- 5,Ancona,2025-02-02,https://www.fidal.it/atleta/FRANCINI-Claudio/faqRkpmmbmw%3D,https://www.fidal.it/societa/TOSCANA-ATLETICA-JOLLY/FI018
8.17,8.17,e,TOMASI Daniele,2006,JM,C.S.S. LEONARDO DA VINCI,2 se- 1,Padova,2025-02-02,https://www.fidal.it/atleta/TOMASI-Daniele/iaiRk5ajbWY%3D,https://www.fidal.it/societa/C-S-S--LEONARDO-DA-VINCI/BZ071
8.17,8.17,e,ARRIGONI Michele,2006,JM,ATL. BERGAMO 1959 ORIOCENTER,5 fi- 1,Ancona,2025-02-02,https://www.fidal.it/atleta/ARRIGONI-Michele/dqmRmJuhamw%3D,https://www.fidal.it/societa/ATL--BERGAMO-1959-ORIOCENTER/BG003
8.18,8.18,e,BOLOGNESI Paolo,2006,JM,EDERA ATL. FORLI,2 ba- 1,Ancona,2025-01-25,https://www.fidal.it/atleta/BOLOGNESI-Paolo/equRkpOjcGM%3D,https://www.fidal.it/societa/EDERA-ATL--FORLI/FC038
8.2,8.20,e,GOUEM Adam,2006,JM,EDERA ATL. FORLI,2 fi- 1,Modena,2025-01-18,https://www.fidal.it/atleta/GOUEM-Adam/equRkpSkbGk%3D,https://www.fidal.it/societa/EDERA-ATL--FORLI/FC038
8.2,8.20,e,STALLONE Marco,2006,JM,ATLETICA MALIGNANI LIBERTAS UD,2 ba- 3,Ancona,2025-02-02,https://www.fidal.it/atleta/STALLONE-Marco/eayRk5eiaGc%3D,https://www.fidal.it/societa/ATLETICA-MALIGNANI-LIBERTAS-UD/UD030
8.21,8.21,e,STALLONE Marco,2006,JM,ATLETICA MALIGNANI LIBERTAS UD,1 fi- 1,Padova,2025-01-12,https://www.fidal.it/atleta/STALLONE-Marco/eayRk5eiaGc%3D,https://www.fidal.it/societa/ATLETICA-MALIGNANI-LIBERTAS-UD/UD030
8.21,8.21,e,RIZZI Filippo,2006,JM,ATLETICA MALIGNANI LIBERTAS UD,2 fi- 1,Padova,2025-02-08,https://www.fidal.it/atleta/RIZZI-Filippo/eayRlJOfb2c%3D,https://www.fidal.it/societa/ATLETICA-MALIGNANI-LIBERTAS-UD/UD030
8.23,8.23,e,GOUEM Adam,2006,JM,EDERA ATL. FORLI,1 ba- 2,Modena,2025-01-18,https://www.fidal.it/atleta/GOUEM-Adam/equRkpSkbGk%3D,https://www.fidal.it/societa/EDERA-ATL--FORLI/FC038
8.23,8.23,e,ARRIGONI Michele,2006,JM,ATL. BERGAMO 1959 ORIOCENTER,1 fi- 2,Bergamo,2025-01-19,https://www.fidal.it/atleta/ARRIGONI-Michele/dqmRmJuhamw%3D,https://www.fidal.it/societa/ATL--BERGAMO-1959-ORIOCENTER/BG003
8.24,8.24,e,GOUEM Adam,2006,JM,EDERA ATL. FORLI,3 ba- 1,Ancona,2025-01-25,https://www.fidal.it/atleta/GOUEM-Adam/equRkpSkbGk%3D,https://www.fidal.it/societa/EDERA-ATL--FORLI/FC038
8.25,8.25,e,ARRIGONI Michele,2006,JM,ATL. BERGAMO 1959 ORIOCENTER,1 fi- 1,Bergamo,2025-01-12,https://www.fidal.it/atleta/ARRIGONI-Michele/dqmRmJuhamw%3D,https://www.fidal.it/societa/ATL--BERGAMO-1959-ORIOCENTER/BG003
8.26,8.26,e,STALLONE Marco,2006,JM,ATLETICA MALIGNANI LIBERTAS UD,1 fi- 1,Udine,2025-01-18,https://www.fidal.it/atleta/STALLONE-Marco/eayRk5eiaGc%3D,https://www.fidal.it/societa/ATLETICA-MALIGNANI-LIBERTAS-UD/UD030
8.26,8.26,e,FRANCINI Claudio,2007,JM,TOSCANA ATLETICA JOLLY,6 fi- 1,Ancona,2025-02-02,https://www.fidal.it/atleta/FRANCINI-Claudio/faqRkpmmbmw%3D,https://www.fidal.it/societa/TOSCANA-ATLETICA-JOLLY/FI018
8.27,8.27,e,MAININI Carloalberto,1982,SM40,ATLETICA BIENATE MAGNAGO 1980,1 se- 1,Padova,2025-01-19,https://www.fidal.it/atleta/MAININI-Carloalberto/drKRk5KobGw%3D,https://www.fidal.it/societa/ATLETICA-BIENATE-MAGNAGO-1980/MI945
8.28,8.28,e,STALLONE Marco,2006,JM,ATLETICA MALIGNANI LIBERTAS UD,1 ba- 1,Udine,2025-01-18,https://www.fidal.it/atleta/STALLONE-Marco/eayRk5eiaGc%3D,https://www.fidal.it/societa/ATLETICA-MALIGNANI-LIBERTAS-UD/UD030
8.29,8.29,e,FRANCINI Claudio,2007,JM,TOSCANA ATLETICA JOLLY,1 ba- 1,Firenze,2025-01-25,https://www.fidal.it/atleta/FRANCINI-Claudio/faqRkpmmbmw%3D,https://www.fidal.it/societa/TOSCANA-ATLETICA-JOLLY/FI018
8.29,8.29,e,ARRIGONI Michele,2006,JM,ATL. BERGAMO 1959 ORIOCENTER,2 ba- 2,Ancona,2025-02-02,https://www.fidal.it/atleta/ARRIGONI-Michele/dqmRmJuhamw%3D,https://www.fidal.it/societa/ATL--BERGAMO-1959-ORIOCENTER/BG003
8.29,8.29,e,SPALLINO Cristiano,2006,JM,A.S. DIL. MILONE,3 ba- 2,Ancona,2025-02-02,https://www.fidal.it/atleta/SPALLINO-Cristiano/h7GRkpOlb2w%3D,https://www.fidal.it/societa/A-S--DIL--MILONE/SR128
8.29,8.29,e,RIZZI Filippo,2006,JM,ATLETICA MALIGNANI LIBERTAS UD,4 ba- 2,Ancona,2025-02-02,https://www.fidal.it/atleta/RIZZI-Filippo/eayRlJOfb2c%3D,https://www.fidal.it/societa/ATLETICA-MALIGNANI-LIBERTAS-UD/UD030
8.3,8.30,e,GALLINI Michele,2007,JM,TEAM ATLETICO-MERCURIO NOVARA,1 fi- 1,Fossano,2025-01-25,https://www.fidal.it/atleta/GALLINI-Michele/dK2RlJOhaWQ%3D,https://www.fidal.it/societa/TEAM-ATLETICO-MERCURIO-NOVARA/NO020
8.31,8.31,e,FRANCINI Claudio,2007,JM,TOSCANA ATLETICA JOLLY,1 fi- 1,Firenze,2025-01-25,https://www.fidal.it/atleta/FRANCINI-Claudio/faqRkpmmbmw%3D,https://www.fidal.it/societa/TOSCANA-ATLETICA-JOLLY/FI018
8.31,8.31,e,VIGLIANI Marcoaurelio,2006,JM,ATLETICA ARCOBALENO SAVONA,2 fi- 1,Modena,2025-02-08,https://www.fidal.it/atleta/VIGLIANI-Marcoaurelio/dayRkpSfbGs%3D,https://www.fidal.it/societa/ATLETICA-ARCOBALENO-SAVONA/SV070
8.32,8.32,e,CASTAGNA Marco,2007,JM,CUS PRO PATRIA MILANO,1 fi- 2,Bergamo,2025-01-05,https://www.fidal.it/atleta/CASTAGNA-Marco/dqmRmJemb2Q%3D,https://www.fidal.it/societa/CUS-PRO-PATRIA-MILANO/MI077
8.32,8.32,e,RIZZI Filippo,2006,JM,ATLETICA MALIGNANI LIBERTAS UD,1 fi- 1,Udine,2025-01-25,https://www.fidal.it/atleta/RIZZI-Filippo/eayRlJOfb2c%3D,https://www.fidal.it/societa/ATLETICA-MALIGNANI-LIBERTAS-UD/UD030
8.33,8.33,e,FRANCINI Claudio,2007,JM,TOSCANA ATLETICA JOLLY,1 ba- 2,Firenze,2025-01-11,https://www.fidal.it/atleta/FRANCINI-Claudio/faqRkpmmbmw%3D,https://www.fidal.it/societa/TOSCANA-ATLETICA-JOLLY/FI018
8.33,8.33,e,ARRIGONI Michele,2006,JM,ATL. BERGAMO 1959 ORIOCENTER,1 ba- 3,Bergamo,2025-01-19,https://www.fidal.it/atleta/ARRIGONI-Michele/dqmRmJuhamw%3D,https://www.fidal.it/societa/ATL--BERGAMO-1959-ORIOCENTER/BG003
8.33,8.33,e,VIGLIANI Marcoaurelio,2006,JM,ATLETICA ARCOBALENO SAVONA,1 fi- 1,Aosta,2025-01-26,https://www.fidal.it/atleta/VIGLIANI-Marcoaurelio/dayRkpSfbGs%3D,https://www.fidal.it/societa/ATLETICA-ARCOBALENO-SAVONA/SV070
8.33,8.33,e,SORDI Tommaso,2006,JM,POLISPORTIVA I'GIGLIO,2 ba- 1,Ancona,2025-02-02,https://www.fidal.it/atleta/SORDI-Tommaso/faqRkpqhbGQ%3D,https://www.fidal.it/societa/POLISPORTIVA-I-GIGLIO/FI407
8.33,8.33,e,BERTINI Lorenzo francesco,2007,JM,ATLETICA LIVORNO,2 ba- 5,Ancona,2025-02-02,https://www.fidal.it/atleta/BERTINI-Lorenzo-francesco/fayRkpWha2c%3D,https://www.fidal.it/societa/ATLETICA-LIVORNO/LI036
8.33,8.33,e,BOLOGNESI Paolo,2006,JM,EDERA ATL. FORLI,3 ba- 4,Ancona,2025-02-02,https://www.fidal.it/atleta/BOLOGNESI-Paolo/equRkpOjcGM%3D,https://www.fidal.it/societa/EDERA-ATL--FORLI/FC038
8.33,8.33,e,GALLINI Michele,2007,JM,TEAM ATLETICO-MERCURIO NOVARA,3 ba- 5,Ancona,2025-02-02,https://www.fidal.it/atleta/GALLINI-Michele/dK2RlJOhaWQ%3D,https://www.fidal.it/societa/TEAM-ATLETICO-MERCURIO-NOVARA/NO020
8.33,8.33,e,GOUEM Adam,2006,JM,EDERA ATL. FORLI,7 fi- 1,Ancona,2025-02-02,https://www.fidal.it/atleta/GOUEM-Adam/equRkpSkbGk%3D,https://www.fidal.it/societa/EDERA-ATL--FORLI/FC038
8.33,8.33,e,STALLONE Marco,2006,JM,ATLETICA MALIGNANI LIBERTAS UD,1 ba- 1,Padova,2025-02-08,https://www.fidal.it/atleta/STALLONE-Marco/eayRk5eiaGc%3D,https://www.fidal.it/societa/ATLETICA-MALIGNANI-LIBERTAS-UD/UD030
8.33,8.33,e,RIZZI Filippo,2006,JM,ATLETICA MALIGNANI LIBERTAS UD,2 ba- 1,Padova,2025-02-08,https://www.fidal.it/atleta/RIZZI-Filippo/eayRlJOfb2c%3D,https://www.fidal.it/societa/ATLETICA-MALIGNANI-LIBERTAS-UD/UD030
8.34,8.34,e,TOMASI Daniele,2006,JM,C.S.S. LEONARDO DA VINCI,2 fi- 1,Padova,2025-01-12,https://www.fidal.it/atleta/TOMASI-Daniele/iaiRk5ajbWY%3D,https://www.fidal.it/societa/C-S-S--LEONARDO-DA-VINCI/BZ071
8.35,8.35,e,STALLONE Marco,2006,JM,ATLETICA MALIGNANI LIBERTAS UD,1 ba- 1,Padova,2025-01-12,https://www.fidal.it/atleta/STALLONE-Marco/eayRk5eiaGc%3D,https://www.fidal.it/societa/ATLETICA-MALIGNANI-LIBERTAS-UD/UD030
8.36,8.36,e,ARRIGONI Michele,2006,JM,ATL. BERGAMO 1959 ORIOCENTER,1 ba- 3,Bergamo,2025-01-12,https://www.fidal.it/atleta/ARRIGONI-Michele/dqmRmJuhamw%3D,https://www.fidal.it/societa/ATL--BERGAMO-1959-ORIOCENTER/BG003
8.36,8.36,e,ALPIGIANO Francesco,2007,JM,C.U.S. CAGLIARI,1 fi- 1,Iglesias,2025-01-12,https://www.fidal.it/atleta/ALPIGIANO-Francesco/iKqRkpShaWw%3D,https://www.fidal.it/societa/C-U-S--CAGLIARI/CA001
8.36,8.36,e,ALPIGIANO Francesco,2007,JM,C.U.S. CAGLIARI,4 ba- 4,Ancona,2025-02-02,https://www.fidal.it/atleta/ALPIGIANO-Francesco/iKqRkpShaWw%3D,https://www.fidal.it/societa/C-U-S--CAGLIARI/CA001
8.37,8.37,e,SCOPEL Simone,2006,JM,ANA ATL.FELTRE,1 fi- 1,Padova,2025-01-25,https://www.fidal.it/atleta/SCOPEL-Simone/eKmRlJeocGU%3D,https://www.fidal.it/societa/ANA-ATL-FELTRE/BL012
8.38,8.38,e,SCOPEL Simone,2006,JM,ANA ATL.FELTRE,2 ba- 1,Padova,2025-01-12,https://www.fidal.it/atleta/SCOPEL-Simone/eKmRlJeocGU%3D,https://www.fidal.it/societa/ANA-ATL-FELTRE/BL012
8.38,8.38,e,RIZZI Filippo,2006,JM,ATLETICA MALIGNANI LIBERTAS UD,2 ba- 1,Udine,2025-01-18,https://www.fidal.it/atleta/RIZZI-Filippo/eayRlJOfb2c%3D,https://www.fidal.it/societa/ATLETICA-MALIGNANI-LIBERTAS-UD/UD030
8.38,8.38,e,COSTA Matteo gianfranco,2006,JM,ATL. GALLARATESE,2 fi- 2,Bergamo,2025-01-19,https://www.fidal.it/atleta/COSTA-Matteo-gianfranco/drKRk5ehb2Q%3D,https://www.fidal.it/societa/ATL--GALLARATESE/VA731
8.38,8.38,e,VIGLIANI Marcoaurelio,2006,JM,ATLETICA ARCOBALENO SAVONA,1 ba- 1,Aosta,2025-01-26,https://www.fidal.it/atleta/VIGLIANI-Marcoaurelio/dayRkpSfbGs%3D,https://www.fidal.it/societa/ATLETICA-ARCOBALENO-SAVONA/SV070
8.39,8.39,e,GIACOSA Marco,2006,JM,ASD MAURINA OLIO CARLI,5 ba- 2,Ancona,2025-02-02,https://www.fidal.it/atleta/GIACOSA-Marco/daqRkpKocWg%3D,https://www.fidal.it/societa/ASD-MAURINA-OLIO-CARLI/IM029
8.39,8.39,e,VIGLIANI Marcoaurelio,2006,JM,ATLETICA ARCOBALENO SAVONA,2 ba- 1,Modena,2025-02-08,https://www.fidal.it/atleta/VIGLIANI-Marcoaurelio/dayRkpSfbGs%3D,https://www.fidal.it/societa/ATLETICA-ARCOBALENO-SAVONA/SV070
8.4,8.40,e,COSTA Matteo gianfranco,2006,JM,ATL. GALLARATESE,1 ba- 2,Bergamo,2025-01-05,https://www.fidal.it/atleta/COSTA-Matteo-gianfranco/drKRk5ehb2Q%3D,https://www.fidal.it/societa/ATL--GALLARATESE/VA731
8.4,8.40,e,SORDI Tommaso,2006,JM,POLISPORTIVA I'GIGLIO,1 ba- 1,Firenze,2025-01-11,https://www.fidal.it/atleta/SORDI-Tommaso/faqRkpqhbGQ%3D,https://www.fidal.it/societa/POLISPORTIVA-I-GIGLIO/FI407
8.4,8.40,e,SORDI Tommaso,2006,JM,POLISPORTIVA I'GIGLIO,1 fi- 1,Firenze,2025-01-11,https://www.fidal.it/atleta/SORDI-Tommaso/faqRkpqhbGQ%3D,https://www.fidal.it/societa/POLISPORTIVA-I-GIGLIO/FI407
8.4,8.40,e,FISCHNALLER Nicolas,2007,JM,S.G EISACKTAL RAIFFEISEN ASV,1 fi- 2,Modena,2025-01-18,https://www.fidal.it/atleta/FISCHNALLER-Nicolas/iaiRk5qob2U%3D,https://www.fidal.it/societa/S-G-EISACKTAL-RAIFFEISEN-ASV/BZ068
8.41,8.41,e,SCOPEL Simone,2006,JM,ANA ATL.FELTRE,3 fi- 1,Padova,2025-01-12,https://www.fidal.it/atleta/SCOPEL-Simone/eKmRlJeocGU%3D,https://www.fidal.it/societa/ANA-ATL-FELTRE/BL012
8.42,8.42,e,BERTINI Lorenzo francesco,2007,JM,ATLETICA LIVORNO,2 ba- 2,Firenze,2025-01-11,https://www.fidal.it/atleta/BERTINI-Lorenzo-francesco/fayRkpWha2c%3D,https://www.fidal.it/societa/ATLETICA-LIVORNO/LI036
8.42,8.42,e,FRANCINI Claudio,2007,JM,TOSCANA ATLETICA JOLLY,2 fi- 1,Firenze,2025-01-11,https://www.fidal.it/atleta/FRANCINI-Claudio/faqRkpmmbmw%3D,https://www.fidal.it/societa/TOSCANA-ATLETICA-JOLLY/FI018
8.42,8.42,e,TOMASI Daniele,2006,JM,C.S.S. LEONARDO DA VINCI,1 ba- 2,Padova,2025-01-12,https://www.fidal.it/atleta/TOMASI-Daniele/iaiRk5ajbWY%3D,https://www.fidal.it/societa/C-S-S--LEONARDO-DA-VINCI/BZ071
8.42,8.42,e,VENTURA Giulio cesare,2007,JM,TEAM ATLETICO-MERCURIO NOVARA,1 ba- 1,Fossano,2025-01-25,https://www.fidal.it/atleta/VENTURA-Giulio-cesare/dK2RlJWjcWs%3D,https://www.fidal.it/societa/TEAM-ATLETICO-MERCURIO-NOVARA/NO020
8.42,8.42,e,BELLINI Federico,2006,JM,TOSCANA ATLETICA JOLLY,2 fi- 1,Firenze,2025-01-25,https://www.fidal.it/atleta/BELLINI-Federico/faqRk5SmbGg%3D,https://www.fidal.it/societa/TOSCANA-ATLETICA-JOLLY/FI018
8.42,8.42,e,BELLINI Federico,2006,JM,TOSCANA ATLETICA JOLLY,6 ba- 2,Ancona,2025-02-02,https://www.fidal.it/atleta/BELLINI-Federico/faqRk5SmbGg%3D,https://www.fidal.it/societa/TOSCANA-ATLETICA-JOLLY/FI018
8.43,8.43,e,VENTURA Giulio cesare,2007,JM,TEAM ATLETICO-MERCURIO NOVARA,1 fi- 1,Fossano,2025-01-12,https://www.fidal.it/atleta/VENTURA-Giulio-cesare/dK2RlJWjcWs%3D,https://www.fidal.it/societa/TEAM-ATLETICO-MERCURIO-NOVARA/NO020
8.43,8.43,e,SCOPEL Simone,2006,JM,ANA ATL.FELTRE,1 ba- 1,Padova,2025-01-25,https://www.fidal.it/atleta/SCOPEL-Simone/eKmRlJeocGU%3D,https://www.fidal.it/societa/ANA-ATL-FELTRE/BL012
8.43,8.43,e,FISCHNALLER Nicolas,2007,JM,S.G EISACKTAL RAIFFEISEN ASV,5 ba- 4,Ancona,2025-02-02,https://www.fidal.it/atleta/FISCHNALLER-Nicolas/iaiRk5qob2U%3D,https://www.fidal.it/societa/S-G-EISACKTAL-RAIFFEISEN-ASV/BZ068
8.44,8.44,e,VENTURA Giulio cesare,2007,JM,TEAM ATLETICO-MERCURIO NOVARA,1 ba- 2,Fossano,2025-01-12,https://www.fidal.it/atleta/VENTURA-Giulio-cesare/dK2RlJWjcWs%3D,https://www.fidal.it/societa/TEAM-ATLETICO-MERCURIO-NOVARA/NO020
8.44,8.44,e,RIZZI Filippo,2006,JM,ATLETICA MALIGNANI LIBERTAS UD,4 fi- 1,Padova,2025-01-12,https://www.fidal.it/atleta/RIZZI-Filippo/eayRlJOfb2c%3D,https://www.fidal.it/societa/ATLETICA-MALIGNANI-LIBERTAS-UD/UD030
8.44,8.44,e,FISCHNALLER Nicolas,2007,JM,S.G EISACKTAL RAIFFEISEN ASV,2 ba- 2,Modena,2025-01-18,https://www.fidal.it/atleta/FISCHNALLER-Nicolas/iaiRk5qob2U%3D,https://www.fidal.it/societa/S-G-EISACKTAL-RAIFFEISEN-ASV/BZ068
8.44,8.44,e,RIZZI Filippo,2006,JM,ATLETICA MALIGNANI LIBERTAS UD,1 ba- 1,Udine,2025-01-25,https://www.fidal.it/atleta/RIZZI-Filippo/eayRlJOfb2c%3D,https://www.fidal.it/societa/ATLETICA-MALIGNANI-LIBERTAS-UD/UD030
8.44,8.44,e,COLLURA Dario,2006,JM,LIBERTAS ATLETICA FORLI',7 ba- 2,Ancona,2025-02-02,https://www.fidal.it/atleta/COLLURA-Dario/equRkpOfamk%3D,https://www.fidal.it/societa/LIBERTAS-ATLETICA-FORLI-/FC542
8.45,8.45,e,ALPIGIANO Francesco,2007,JM,C.U.S. CAGLIARI,1 ba- 1,Iglesias,2025-01-12,https://www.fidal.it/atleta/ALPIGIANO-Francesco/iKqRkpShaWw%3D,https://www.fidal.it/societa/C-U-S--CAGLIARI/CA001
8.45,8.45,e,VIGLIANI Marcoaurelio,2006,JM,ATLETICA ARCOBALENO SAVONA,1 fi- 2,Fossano,2025-01-12,https://www.fidal.it/atleta/VIGLIANI-Marcoaurelio/dayRkpSfbGs%3D,https://www.fidal.it/societa/ATLETICA-ARCOBALENO-SAVONA/SV070
8.45,8.45,e,TELANDRO Nicolo',2007,JM,G.S. FIAMME ORO PADOVA,2 ba- 1,Padova,2025-01-25,https://www.fidal.it/atleta/TELANDRO-Nicolo-/eKqRkpmjbGo%3D,https://www.fidal.it/societa/G-S--FIAMME-ORO-PADOVA/PD131
8.45,8.45,e,SAVOLDI Michele,2006,JM,ATL. VIRTUS CASTENEDOLO,2 fi- 1,Padova,2025-01-25,https://www.fidal.it/atleta/SAVOLDI-Michele/dqqRmJWocGo%3D,https://www.fidal.it/societa/ATL--VIRTUS-CASTENEDOLO/BS575
8.45,8.45,e,VENTURA Giulio cesare,2007,JM,TEAM ATLETICO-MERCURIO NOVARA,2 fi- 1,Fossano,2025-01-25,https://www.fidal.it/atleta/VENTURA-Giulio-cesare/dK2RlJWjcWs%3D,https://www.fidal.it/societa/TEAM-ATLETICO-MERCURIO-NOVARA/NO020
8.45,8.45,e,GIACOSA Marco,2006,JM,ASD MAURINA OLIO CARLI,3 fi- 1,Firenze,2025-01-25,https://www.fidal.it/atleta/GIACOSA-Marco/daqRkpKocWg%3D,https://www.fidal.it/societa/ASD-MAURINA-OLIO-CARLI/IM029
8.45,8.45,e,GHISU Mattia,2007,JM,ATLETICA LIVORNO,3 ba- 1,Ancona,2025-02-02,https://www.fidal.it/atleta/GHISU-Mattia/fayRkpWkamw%3D,https://www.fidal.it/societa/ATLETICA-LIVORNO/LI036
8.45,8.45,e,RENATI Davide,2006,JM,CREMONA SPORTIVA ATL. ARVEDI,4 ba- 5,Ancona,2025-02-02,https://www.fidal.it/atleta/RENATI-Davide/dqyRlpukcGc%3D,https://www.fidal.it/societa/CREMONA-SPORTIVA-ATL--ARVEDI/CR041
8.46,8.46,e,BERNARDINI Andrea,2007,JM,SSD NISSOLINO SPORT SRL ASU,1 ba- 2,Ancona,2025-01-06,https://www.fidal.it/atleta/BERNARDINI-Andrea/f6qRkpSoa2g%3D,https://www.fidal.it/societa/SSD-NISSOLINO-SPORT-SRL-ASU/RM363
8.46,8.46,e,TELANDRO Nicolo',2007,JM,G.S. FIAMME ORO PADOVA,3 fi- 1,Padova,2025-01-25,https://www.fidal.it/atleta/TELANDRO-Nicolo-/eKqRkpmjbGo%3D,https://www.fidal.it/societa/G-S--FIAMME-ORO-PADOVA/PD131
8.46,8.46,e,SCOPEL Simone,2006,JM,ANA ATL.FELTRE,4 ba- 1,Ancona,2025-02-02,https://www.fidal.it/atleta/SCOPEL-Simone/eKmRlJeocGU%3D,https://www.fidal.it/societa/ANA-ATL-FELTRE/BL012
8.47,8.47,e,BERTINI Lorenzo francesco,2007,JM,ATLETICA LIVORNO,3 fi- 1,Firenze,2025-01-11,https://www.fidal.it/atleta/BERTINI-Lorenzo-francesco/fayRkpWha2c%3D,https://www.fidal.it/societa/ATLETICA-LIVORNO/LI036
8.47,8.47,e,GIACOSA Marco,2006,JM,ASD MAURINA OLIO CARLI,3 ba- 1,Padova,2025-01-12,https://www.fidal.it/atleta/GIACOSA-Marco/daqRkpKocWg%3D,https://www.fidal.it/societa/ASD-MAURINA-OLIO-CARLI/IM029
8.47,8.47,e,GIACOSA Marco,2006,JM,ASD MAURINA OLIO CARLI,5 fi- 1,Padova,2025-01-12,https://www.fidal.it/atleta/GIACOSA-Marco/daqRkpKocWg%3D,https://www.fidal.it/societa/ASD-MAURINA-OLIO-CARLI/IM029
8.47,8.47,e,SAVOLDI Michele,2006,JM,ATL. VIRTUS CASTENEDOLO,3 ba- 3,Ancona,2025-02-02,https://www.fidal.it/atleta/SAVOLDI-Michele/dqqRmJWocGo%3D,https://www.fidal.it/societa/ATL--VIRTUS-CASTENEDOLO/BS575
8.48,8.48,e,TELANDRO Nicolo',2007,JM,G.S. FIAMME ORO PADOVA,6 fi- 1,Padova,2025-01-12,https://www.fidal.it/atleta/TELANDRO-Nicolo-/eKqRkpmjbGo%3D,https://www.fidal.it/societa/G-S--FIAMME-ORO-PADOVA/PD131
8.48,8.48,e,DE NONI Michele,2006,JM,ATLETICA SILCA CONEGLIANO,1 ba- 2,Padova,2025-01-25,https://www.fidal.it/atleta/DE-NONI-Michele/eKyRk5qjb2w%3D,https://www.fidal.it/societa/ATLETICA-SILCA-CONEGLIANO/TV341
8.48,8.48,e,SAVOLDI Michele,2006,JM,ATL. VIRTUS CASTENEDOLO,3 ba- 1,Padova,2025-01-25,https://www.fidal.it/atleta/SAVOLDI-Michele/dqqRmJWocGo%3D,https://www.fidal.it/societa/ATL--VIRTUS-CASTENEDOLO/BS575
8.48,8.48,e,GHISU Mattia,2007,JM,ATLETICA LIVORNO,4 fi- 1,Firenze,2025-01-25,https://www.fidal.it/atleta/GHISU-Mattia/fayRkpWkamw%3D,https://www.fidal.it/societa/ATLETICA-LIVORNO/LI036
8.49,8.49,e,DE LAZZARI Alvise,2007,JM,TREVISATLETICA,1 fi- 2,Padova,2025-01-12,https://www.fidal.it/atleta/DE-LAZZARI-Alvise/eK2Rk5OmbWc%3D,https://www.fidal.it/societa/TREVISATLETICA/TV354
8.49,8.49,e,MAGGIONI Matteo,2006,JM,ATL. LECCO-COLOMBO COSTRUZ.,4 ba- 3,Ancona,2025-02-02,https://www.fidal.it/atleta/MAGGIONI-Matteo/dquRk5ahamM%3D,https://www.fidal.it/societa/ATL--LECCO-COLOMBO-COSTRUZ-/CO208
8.49,8.49,e,VENTURA Giulio cesare,2007,JM,TEAM ATLETICO-MERCURIO NOVARA,3 fi- 1,Modena,2025-02-08,https://www.fidal.it/atleta/VENTURA-Giulio-cesare/dK2RlJWjcWs%3D,https://www.fidal.it/societa/TEAM-ATLETICO-MERCURIO-NOVARA/NO020
8.5,8.50,e,GALLINI Michele,2007,JM,TEAM ATLETICO-MERCURIO NOVARA,1 ba- 2,Fossano,2025-01-25,https://www.fidal.it/atleta/GALLINI-Michele/dK2RlJOhaWQ%3D,https://www.fidal.it/societa/TEAM-ATLETICO-MERCURIO-NOVARA/NO020
8.5,8.50,e,BERNARDINI Andrea,2007,JM,SSD NISSOLINO SPORT SRL ASU,1 su- 1,Rieti,2025-01-26,https://www.fidal.it/atleta/BERNARDINI-Andrea/f6qRkpSoa2g%3D,https://www.fidal.it/societa/SSD-NISSOLINO-SPORT-SRL-ASU/RM363
8.51,8.51,e,BALDONI Mirko,2006,JM,ASD ROMATLETICA,1 fi- 1,Ancona,2025-01-06,https://www.fidal.it/atleta/BALDONI-Mirko/f6yRlpqncGg%3D,https://www.fidal.it/societa/ASD-ROMATLETICA/RM232
8.51,8.51,e,COSTA Matteo gianfranco,2006,JM,ATL. GALLARATESE,2 ba- 3,Bergamo,2025-01-19,https://www.fidal.it/atleta/COSTA-Matteo-gianfranco/drKRk5ehb2Q%3D,https://www.fidal.it/societa/ATL--GALLARATESE/VA731
8.51,8.51,e,GRACEFFA Mauro,2006,JM,FIAMME GIALLE G. SIMONI,4 ba- 1,Ancona,2025-01-25,https://www.fidal.it/atleta/GRACEFFA-Mauro/f6yRk5WhbWw%3D,https://www.fidal.it/societa/FIAMME-GIALLE-G--SIMONI/RM057
8.51,8.51,e,OMEGNA Flavio,2007,JM,CUS PRO PATRIA MILANO,1 ba- 2,Bergamo,2025-01-26,https://www.fidal.it/atleta/OMEGNA-Flavio/dq2RmpWhbGY%3D,https://www.fidal.it/societa/CUS-PRO-PATRIA-MILANO/MI077
8.52,8.52,e,OMEGNA Flavio,2007,JM,CUS PRO PATRIA MILANO,2 ba- 3,Bergamo,2025-01-12,https://www.fidal.it/atleta/OMEGNA-Flavio/dq2RmpWhbGY%3D,https://www.fidal.it/societa/CUS-PRO-PATRIA-MILANO/MI077
8.52,8.52,e,OMEGNA Flavio,2007,JM,CUS PRO PATRIA MILANO,3 fi- 2,Bergamo,2025-01-19,https://www.fidal.it/atleta/OMEGNA-Flavio/dq2RmpWhbGY%3D,https://www.fidal.it/societa/CUS-PRO-PATRIA-MILANO/MI077
8.52,8.52,e,DE NONI Michele,2006,JM,ATLETICA SILCA CONEGLIANO,5 ba- 1,Ancona,2025-02-02,https://www.fidal.it/atleta/DE-NONI-Michele/eKyRk5qjb2w%3D,https://www.fidal.it/societa/ATLETICA-SILCA-CONEGLIANO/TV341
8.53,8.53,e,TELANDRO Nicolo',2007,JM,G.S. FIAMME ORO PADOVA,2 ba- 2,Padova,2025-01-12,https://www.fidal.it/atleta/TELANDRO-Nicolo-/eKqRkpmjbGo%3D,https://www.fidal.it/societa/G-S--FIAMME-ORO-PADOVA/PD131
8.53,8.53,e,SAVOLDI Michele,2006,JM,ATL. VIRTUS CASTENEDOLO,1 fi- 1,Casalmaggiore,2025-01-19,https://www.fidal.it/atleta/SAVOLDI-Michele/dqqRmJWocGo%3D,https://www.fidal.it/societa/ATL--VIRTUS-CASTENEDOLO/BS575
8.53,8.53,e,BELLINI Federico,2006,JM,TOSCANA ATLETICA JOLLY,2 ba- 1,Firenze,2025-01-25,https://www.fidal.it/atleta/BELLINI-Federico/faqRk5SmbGg%3D,https://www.fidal.it/societa/TOSCANA-ATLETICA-JOLLY/FI018
8.53,8.53,e,GIACOSA Marco,2006,JM,ASD MAURINA OLIO CARLI,2 ba- 1,Firenze,2025-01-25,https://www.fidal.it/atleta/GIACOSA-Marco/daqRkpKocWg%3D,https://www.fidal.it/societa/ASD-MAURINA-OLIO-CARLI/IM029
8.53,8.53,e,ZAPPALA' Giacomo,2006,JM,FIAMME GIALLE G. SIMONI,3 fi- 1,Ancona,2025-01-25,https://www.fidal.it/atleta/ZAPPALA-Giacomo/f6yRlZigbGQ%3D,https://www.fidal.it/societa/FIAMME-GIALLE-G--SIMONI/RM057
8.53,8.53,e,OMEGNA Flavio,2007,JM,CUS PRO PATRIA MILANO,1 fi- 1,Bergamo,2025-01-26,https://www.fidal.it/atleta/OMEGNA-Flavio/dq2RmpWhbGY%3D,https://www.fidal.it/societa/CUS-PRO-PATRIA-MILANO/MI077
8.53,8.53,e,TELANDRO Nicolo',2007,JM,G.S. FIAMME ORO PADOVA,5 ba- 5,Ancona,2025-02-02,https://www.fidal.it/atleta/TELANDRO-Nicolo-/eKqRkpmjbGo%3D,https://www.fidal.it/societa/G-S--FIAMME-ORO-PADOVA/PD131
8.54,8.54,e,BOSCHETTI Cristian,2006,JM,ATL. MONDOVI'-ACQUA S.BERNARDO,3 se- 1,Padova,2025-02-02,https://www.fidal.it/atleta/BOSCHETTI-Cristian/dKyRlZKmcGg%3D,https://www.fidal.it/societa/ATL--MONDOVI-ACQUA-S-BERNARDO/CN005
8.55,8.55,e,GRACEFFA Mauro,2006,JM,FIAMME GIALLE G. SIMONI,2 ba- 1,Ancona,2025-01-11,https://www.fidal.it/atleta/GRACEFFA-Mauro/f6yRk5WhbWw%3D,https://www.fidal.it/societa/FIAMME-GIALLE-G--SIMONI/RM057
8.55,8.55,e,GRACEFFA Mauro,2006,JM,FIAMME GIALLE G. SIMONI,2 fi- 1,Ancona,2025-01-11,https://www.fidal.it/atleta/GRACEFFA-Mauro/f6yRk5WhbWw%3D,https://www.fidal.it/societa/FIAMME-GIALLE-G--SIMONI/RM057
8.55,8.55,e,SAVOLDI Michele,2006,JM,ATL. VIRTUS CASTENEDOLO,1 fi- 1,Parma,2025-01-18,https://www.fidal.it/atleta/SAVOLDI-Michele/dqqRmJWocGo%3D,https://www.fidal.it/societa/ATL--VIRTUS-CASTENEDOLO/BS575
8.55,8.55,e,COCCATO Elia,2007,JM,C.U.S. PADOVA,2 fi- 2,Modena,2025-01-18,https://www.fidal.it/atleta/COCCATO-Elia/eKqRkpilcGY%3D,https://www.fidal.it/societa/C-U-S--PADOVA/PD143
8.55,8.55,e,KHALDOUNE Yassine,2007,JM,VARESE ATLETICA A.S.D.,4 fi- 2,Bergamo,2025-01-19,https://www.fidal.it/atleta/KHALDOUNE-Yassine/drKRk5ijb2U%3D,https://www.fidal.it/societa/VARESE-ATLETICA-A-S-D-/VA918
8.56,8.56,e,DE NONI Michele,2006,JM,ATLETICA SILCA CONEGLIANO,4 ba- 1,Padova,2025-01-12,https://www.fidal.it/atleta/DE-NONI-Michele/eKyRk5qjb2w%3D,https://www.fidal.it/societa/ATLETICA-SILCA-CONEGLIANO/TV341
8.56,8.56,e,OMEGNA Flavio,2007,JM,CUS PRO PATRIA MILANO,3 ba- 3,Bergamo,2025-01-19,https://www.fidal.it/atleta/OMEGNA-Flavio/dq2RmpWhbGY%3D,https://www.fidal.it/societa/CUS-PRO-PATRIA-MILANO/MI077
8.56,8.56,e,ZAPPALA' Giacomo,2006,JM,FIAMME GIALLE G. SIMONI,5 ba- 1,Ancona,2025-01-25,https://www.fidal.it/atleta/ZAPPALA-Giacomo/f6yRlZigbGQ%3D,https://www.fidal.it/societa/FIAMME-GIALLE-G--SIMONI/RM057
8.56,8.56,e,MELE Pio rolando,2006,JM,IDEATLETICA AURORA,6 ba- 5,Ancona,2025-02-02,https://www.fidal.it/atleta/MELE-Pio-rolando/gK2Rkpaoamc%3D,https://www.fidal.it/societa/IDEATLETICA-AURORA/SA127
8.57,8.57,e,RENATI Davide,2006,JM,CREMONA SPORTIVA ATL. ARVEDI,1 fi- 1,Casalmaggiore,2025-01-05,https://www.fidal.it/atleta/RENATI-Davide/dqyRlpukcGc%3D,https://www.fidal.it/societa/CREMONA-SPORTIVA-ATL--ARVEDI/CR041
8.57,8.57,e,OMEGNA Flavio,2007,JM,CUS PRO PATRIA MILANO,1 fi- 1,Bergamo,2025-01-05,https://www.fidal.it/atleta/OMEGNA-Flavio/dq2RmpWhbGY%3D,https://www.fidal.it/societa/CUS-PRO-PATRIA-MILANO/MI077
8.57,8.57,e,GRACEFFA Mauro,2006,JM,FIAMME GIALLE G. SIMONI,1 ba- 1,Ancona,2025-01-06,https://www.fidal.it/atleta/GRACEFFA-Mauro/f6yRk5WhbWw%3D,https://www.fidal.it/societa/FIAMME-GIALLE-G--SIMONI/RM057
8.57,8.57,e,FISCHNALLER Nicolas,2007,JM,S.G EISACKTAL RAIFFEISEN ASV,1 se- 1,Innsbruck,2025-01-12,https://www.fidal.it/atleta/FISCHNALLER-Nicolas/iaiRk5qob2U%3D,https://www.fidal.it/societa/S-G-EISACKTAL-RAIFFEISEN-ASV/BZ068
8.57,8.57,e,KHALDOUNE Yassine,2007,JM,VARESE ATLETICA A.S.D.,2 fi- 1,Bergamo,2025-01-12,https://www.fidal.it/atleta/KHALDOUNE-Yassine/drKRk5ijb2U%3D,https://www.fidal.it/societa/VARESE-ATLETICA-A-S-D-/VA918
8.57,8.57,e,RENATI Davide,2006,JM,CREMONA SPORTIVA ATL. ARVEDI,2 fi- 1,Casalmaggiore,2025-01-19,https://www.fidal.it/atleta/RENATI-Davide/dqyRlpukcGc%3D,https://www.fidal.it/societa/CREMONA-SPORTIVA-ATL--ARVEDI/CR041
8.57,8.57,e,KHALDOUNE Yassine,2007,JM,VARESE ATLETICA A.S.D.,4 ba- 3,Bergamo,2025-01-19,https://www.fidal.it/atleta/KHALDOUNE-Yassine/drKRk5ijb2U%3D,https://www.fidal.it/societa/VARESE-ATLETICA-A-S-D-/VA918
8.57,8.57,e,KHALDOUNE Yassine,2007,JM,VARESE ATLETICA A.S.D.,4 fi- 1,Padova,2025-01-25,https://www.fidal.it/atleta/KHALDOUNE-Yassine/drKRk5ijb2U%3D,https://www.fidal.it/societa/VARESE-ATLETICA-A-S-D-/VA918
8.57,8.57,e,ROLDO Demis,1985,SM40,ANA ATL.FELTRE,1 su- 1,Udine,2025-02-01,https://www.fidal.it/atleta/ROLDO-Demis/eKmRlJKhcGw%3D,https://www.fidal.it/societa/ANA-ATL-FELTRE/BL012
8.58,8.58,e,VIGLIANI Marcoaurelio,2006,JM,ATLETICA ARCOBALENO SAVONA,1 ba- 1,Fossano,2025-01-12,https://www.fidal.it/atleta/VIGLIANI-Marcoaurelio/dayRkpSfbGs%3D,https://www.fidal.it/societa/ATLETICA-ARCOBALENO-SAVONA/SV070
8.58,8.58,e,ISOPI Giorgio,2007,JM,BATTAGLIO C.U.S. TORINO ATL,2 fi- 1,Fossano,2025-01-12,https://www.fidal.it/atleta/ISOPI-Giorgio/dKyRlZWfbGY%3D,https://www.fidal.it/societa/BATTAGLIO-C-U-S--TORINO-ATL/TO001
8.58,8.58,e,SAVOLDI Michele,2006,JM,ATL. VIRTUS CASTENEDOLO,1 ba- 1,Parma,2025-01-18,https://www.fidal.it/atleta/SAVOLDI-Michele/dqqRmJWocGo%3D,https://www.fidal.it/societa/ATL--VIRTUS-CASTENEDOLO/BS575
8.58,8.58,e,COCCATO Elia,2007,JM,C.U.S. PADOVA,4 ba- 1,Padova,2025-01-25,https://www.fidal.it/atleta/COCCATO-Elia/eKqRkpilcGY%3D,https://www.fidal.it/societa/C-U-S--PADOVA/PD143
8.58,8.58,e,DE BENEDICTIS Phin,2007,JM,VARESE ATLETICA A.S.D.,2 fi- 1,Bergamo,2025-01-26,https://www.fidal.it/atleta/DE-BENEDICTIS-Phin/drKRk5ikaGg%3D,https://www.fidal.it/societa/VARESE-ATLETICA-A-S-D-/VA918
8.58,8.58,e,VENTURA Giulio cesare,2007,JM,TEAM ATLETICO-MERCURIO NOVARA,3 ba- 1,Modena,2025-02-08,https://www.fidal.it/atleta/VENTURA-Giulio-cesare/dK2RlJWjcWs%3D,https://www.fidal.it/societa/TEAM-ATLETICO-MERCURIO-NOVARA/NO020
8.59,8.59,e,ZAPPALA' Giacomo,2006,JM,FIAMME GIALLE G. SIMONI,3 ba- 1,Ancona,2025-01-11,https://www.fidal.it/atleta/ZAPPALA-Giacomo/f6yRlZigbGQ%3D,https://www.fidal.it/societa/FIAMME-GIALLE-G--SIMONI/RM057
8.59,8.59,e,OMEGNA Flavio,2007,JM,CUS PRO PATRIA MILANO,3 fi- 1,Bergamo,2025-01-12,https://www.fidal.it/atleta/OMEGNA-Flavio/dq2RmpWhbGY%3D,https://www.fidal.it/societa/CUS-PRO-PATRIA-MILANO/MI077
8.59,8.59,e,COCCATO Elia,2007,JM,C.U.S. PADOVA,5 fi- 1,Padova,2025-01-25,https://www.fidal.it/atleta/COCCATO-Elia/eKqRkpilcGY%3D,https://www.fidal.it/societa/C-U-S--PADOVA/PD143
8.6,8.60,e,RIZZI Filippo,2006,JM,ATLETICA MALIGNANI LIBERTAS UD,5 ba- 1,Padova,2025-01-12,https://www.fidal.it/atleta/RIZZI-Filippo/eayRlJOfb2c%3D,https://www.fidal.it/societa/ATLETICA-MALIGNANI-LIBERTAS-UD/UD030
8.6,8.60,e,GHISU Mattia,2007,JM,ATLETICA LIVORNO,1 ba- 2,Firenze,2025-01-25,https://www.fidal.it/atleta/GHISU-Mattia/fayRkpWkamw%3D,https://www.fidal.it/societa/ATLETICA-LIVORNO/LI036
8.6,8.60,e,VENTURA Giulio cesare,2007,JM,TEAM ATLETICO-MERCURIO NOVARA,5 ba- 3,Ancona,2025-02-02,https://www.fidal.it/atleta/VENTURA-Giulio-cesare/dK2RlJWjcWs%3D,https://www.fidal.it/societa/TEAM-ATLETICO-MERCURIO-NOVARA/NO020
8.61,8.61,e,GRACEFFA Mauro,2006,JM,FIAMME GIALLE G. SIMONI,2 fi- 1,Ancona,2025-01-06,https://www.fidal.it/atleta/GRACEFFA-Mauro/f6yRk5WhbWw%3D,https://www.fidal.it/societa/FIAMME-GIALLE-G--SIMONI/RM057
8.61,8.61,e,DE LAZZARI Alvise,2007,JM,TREVISATLETICA,2 fi- 1,Udine,2025-01-18,https://www.fidal.it/atleta/DE-LAZZARI-Alvise/eK2Rk5OmbWc%3D,https://www.fidal.it/societa/TREVISATLETICA/TV354
8.61,8.61,e,STOPPATO Lorenzo,2006,JM,ASSINDUSTRIA SPORT,3 ba- 1,Udine,2025-01-18,https://www.fidal.it/atleta/STOPPATO-Lorenzo/eKqRkpqkbGw%3D,https://www.fidal.it/societa/ASSINDUSTRIA-SPORT/PD140
8.61,8.61,e,MAGGIONI Matteo,2006,JM,ATL. LECCO-COLOMBO COSTRUZ.,1 fi- 1,Bergamo,2025-01-19,https://www.fidal.it/atleta/MAGGIONI-Matteo/dquRk5ahamM%3D,https://www.fidal.it/societa/ATL--LECCO-COLOMBO-COSTRUZ-/CO208
8.61,8.61,e,BOSCHETTI Cristian,2006,JM,ATL. MONDOVI'-ACQUA S.BERNARDO,2 ba- 1,Fossano,2025-01-25,https://www.fidal.it/atleta/BOSCHETTI-Cristian/dKyRlZKmcGg%3D,https://www.fidal.it/societa/ATL--MONDOVI-ACQUA-S-BERNARDO/CN005
8.61,8.61,e,ZOGNO Nicola,2006,JM,ASSINDUSTRIA SPORT,6 fi- 1,Padova,2025-01-25,https://www.fidal.it/atleta/ZOGNO-Nicola/eKqRkpelbmY%3D,https://www.fidal.it/societa/ASSINDUSTRIA-SPORT/PD140
8.62,8.62,e,BALDONI Mirko,2006,JM,ASD ROMATLETICA,2 ba- 2,Ancona,2025-01-06,https://www.fidal.it/atleta/BALDONI-Mirko/f6yRlpqncGg%3D,https://www.fidal.it/societa/ASD-ROMATLETICA/RM232
8.62,8.62,e,SAVOLDI Michele,2006,JM,ATL. VIRTUS CASTENEDOLO,1 ba- 1,Bergamo,2025-01-12,https://www.fidal.it/atleta/SAVOLDI-Michele/dqqRmJWocGo%3D,https://www.fidal.it/societa/ATL--VIRTUS-CASTENEDOLO/BS575
8.62,8.62,e,DE LAZZARI Alvise,2007,JM,TREVISATLETICA,3 ba- 2,Padova,2025-01-12,https://www.fidal.it/atleta/DE-LAZZARI-Alvise/eK2Rk5OmbWc%3D,https://www.fidal.it/societa/TREVISATLETICA/TV354
8.62,8.62,e,DE NONI Michele,2006,JM,ATLETICA SILCA CONEGLIANO,3 fi- 1,Udine,2025-01-18,https://www.fidal.it/atleta/DE-NONI-Michele/eKyRk5qjb2w%3D,https://www.fidal.it/societa/ATLETICA-SILCA-CONEGLIANO/TV341
8.62,8.62,e,SAVOLDI Michele,2006,JM,ATL. VIRTUS CASTENEDOLO,1 ba- 1,Casalmaggiore,2025-01-19,https://www.fidal.it/atleta/SAVOLDI-Michele/dqqRmJWocGo%3D,https://www.fidal.it/societa/ATL--VIRTUS-CASTENEDOLO/BS575
8.62,8.62,e,ZOGNO Nicola,2006,JM,ASSINDUSTRIA SPORT,4 se- 1,Padova,2025-02-02,https://www.fidal.it/atleta/ZOGNO-Nicola/eKqRkpelbmY%3D,https://www.fidal.it/societa/ASSINDUSTRIA-SPORT/PD140
8.63,8.63,e,COCCATO Elia,2007,JM,C.U.S. PADOVA,3 ba- 2,Modena,2025-01-18,https://www.fidal.it/atleta/COCCATO-Elia/eKqRkpilcGY%3D,https://www.fidal.it/societa/C-U-S--PADOVA/PD143
8.63,8.63,e,STOPPATO Lorenzo,2006,JM,ASSINDUSTRIA SPORT,4 fi- 1,Udine,2025-01-18,https://www.fidal.it/atleta/STOPPATO-Lorenzo/eKqRkpqkbGw%3D,https://www.fidal.it/societa/ASSINDUSTRIA-SPORT/PD140
8.63,8.63,e,GRACEFFA Mauro,2006,JM,FIAMME GIALLE G. SIMONI,1 ba- 1,Rieti,2025-01-19,https://www.fidal.it/atleta/GRACEFFA-Mauro/f6yRk5WhbWw%3D,https://www.fidal.it/societa/FIAMME-GIALLE-G--SIMONI/RM057
8.63,8.63,e,BOSCHETTI Cristian,2006,JM,ATL. MONDOVI'-ACQUA S.BERNARDO,3 fi- 1,Fossano,2025-01-25,https://www.fidal.it/atleta/BOSCHETTI-Cristian/dKyRlZKmcGg%3D,https://www.fidal.it/societa/ATL--MONDOVI-ACQUA-S-BERNARDO/CN005
8.64,8.64,e,MAGGIONI Matteo,2006,JM,ATL. LECCO-COLOMBO COSTRUZ.,2 ba- 2,Bergamo,2025-01-05,https://www.fidal.it/atleta/MAGGIONI-Matteo/dquRk5ahamM%3D,https://www.fidal.it/societa/ATL--LECCO-COLOMBO-COSTRUZ-/CO208
8.64,8.64,e,BALDONI Mirko,2006,JM,ASD ROMATLETICA,6 ba- 3,Ancona,2025-02-02,https://www.fidal.it/atleta/BALDONI-Mirko/f6yRlpqncGg%3D,https://www.fidal.it/societa/ASD-ROMATLETICA/RM232
8.65,8.65,e,ARMANO Lorenzo gigetto,2006,JM,ATL. ALESSANDRIA,1 fi- 1,Modena,2025-01-12,https://www.fidal.it/atleta/ARMANO-Lorenzo-gigetto/dKmRk5umcWc%3D,https://www.fidal.it/societa/ATL--ALESSANDRIA/AL001
8.65,8.65,e,ELLERO Pierluigi,2006,JM,G.S. FIAMME ORO PADOVA,2 fi- 2,Padova,2025-01-12,https://www.fidal.it/atleta/ELLERO-Pierluigi/eKqRkpugaWU%3D,https://www.fidal.it/societa/G-S--FIAMME-ORO-PADOVA/PD131
8.65,8.65,e,SAVOLDI Michele,2006,JM,ATL. VIRTUS CASTENEDOLO,4 fi- 1,Bergamo,2025-01-12,https://www.fidal.it/atleta/SAVOLDI-Michele/dqqRmJWocGo%3D,https://www.fidal.it/societa/ATL--VIRTUS-CASTENEDOLO/BS575
8.65,8.65,e,ZOGNO Nicola,2006,JM,ASSINDUSTRIA SPORT,2 ba- 2,Padova,2025-01-25,https://www.fidal.it/atleta/ZOGNO-Nicola/eKqRkpelbmY%3D,https://www.fidal.it/societa/ASSINDUSTRIA-SPORT/PD140
8.65,8.65,e,ARMANO Lorenzo gigetto,2006,JM,ATL. ALESSANDRIA,2 ba- 2,Fossano,2025-01-25,https://www.fidal.it/atleta/ARMANO-Lorenzo-gigetto/dKmRk5umcWc%3D,https://www.fidal.it/societa/ATL--ALESSANDRIA/AL001
8.66,8.66,e,CAVINATO Luca antonio,2006,JM,G.S. FIAMME ORO PADOVA,3 fi- 2,Padova,2025-01-12,https://www.fidal.it/atleta/CAVINATO-Luca-antonio/eKqRkpqjaGY%3D,https://www.fidal.it/societa/G-S--FIAMME-ORO-PADOVA/PD131
8.66,8.66,e,DE NONI Michele,2006,JM,ATLETICA SILCA CONEGLIANO,5 ba- 3,Bergamo,2025-01-19,https://www.fidal.it/atleta/DE-NONI-Michele/eKyRk5qjb2w%3D,https://www.fidal.it/societa/ATLETICA-SILCA-CONEGLIANO/TV341
8.66,8.66,e,DE BENEDICTIS Phin,2007,JM,VARESE ATLETICA A.S.D.,1 ba- 1,Bergamo,2025-01-26,https://www.fidal.it/atleta/DE-BENEDICTIS-Phin/drKRk5ikaGg%3D,https://www.fidal.it/societa/VARESE-ATLETICA-A-S-D-/VA918
8.67,8.67,e,GRACEFFA Mauro,2006,JM,FIAMME GIALLE G. SIMONI,1 fi- 1,Rieti,2025-01-19,https://www.fidal.it/atleta/GRACEFFA-Mauro/f6yRk5WhbWw%3D,https://www.fidal.it/societa/FIAMME-GIALLE-G--SIMONI/RM057
8.67,8.67,e,RENATI Davide,2006,JM,CREMONA SPORTIVA ATL. ARVEDI,2 ba- 1,Casalmaggiore,2025-01-19,https://www.fidal.it/atleta/RENATI-Davide/dqyRlpukcGc%3D,https://www.fidal.it/societa/CREMONA-SPORTIVA-ATL--ARVEDI/CR041
8.67,8.67,e,MAGGIONI Matteo,2006,JM,ATL. LECCO-COLOMBO COSTRUZ.,1 se- 2,Ancona,2025-01-26,https://www.fidal.it/atleta/MAGGIONI-Matteo/dquRk5ahamM%3D,https://www.fidal.it/societa/ATL--LECCO-COLOMBO-COSTRUZ-/CO208
8.67,8.67,e,BOSCHETTI Cristian,2006,JM,ATL. MONDOVI'-ACQUA S.BERNARDO,2 fi- 1,Aosta,2025-01-26,https://www.fidal.it/atleta/BOSCHETTI-Cristian/dKyRlZKmcGg%3D,https://www.fidal.it/societa/ATL--MONDOVI-ACQUA-S-BERNARDO/CN005
8.68,8.68,e,LOTTICI Ludovico,2006,JM,ATL. BUZZETTI,2 fi- 1,Modena,2025-01-12,https://www.fidal.it/atleta/LOTTICI-Ludovico/eq6RkpmibGo%3D,https://www.fidal.it/societa/ATL--BUZZETTI/PR439
8.68,8.68,e,KHALDOUNE Yassine,2007,JM,VARESE ATLETICA A.S.D.,5 ba- 1,Padova,2025-01-25,https://www.fidal.it/atleta/KHALDOUNE-Yassine/drKRk5ijb2U%3D,https://www.fidal.it/societa/VARESE-ATLETICA-A-S-D-/VA918
8.69,8.69,e,BELLINI Federico,2006,JM,TOSCANA ATLETICA JOLLY,4 fi- 1,Firenze,2025-01-11,https://www.fidal.it/atleta/BELLINI-Federico/faqRk5SmbGg%3D,https://www.fidal.it/societa/TOSCANA-ATLETICA-JOLLY/FI018
8.69,8.69,e,FIORUCCI Emanuele,2007,JM,ATLETICA MONZA,5 fi- 1,Bergamo,2025-01-12,https://www.fidal.it/atleta/FIORUCCI-Emanuele/dq2RmJSfcWQ%3D,https://www.fidal.it/societa/ATLETICA-MONZA/MI710
8.69,8.69,e,RIZZI Filippo,2006,JM,ATLETICA MALIGNANI LIBERTAS UD,5 fi- 1,Udine,2025-01-18,https://www.fidal.it/atleta/RIZZI-Filippo/eayRlJOfb2c%3D,https://www.fidal.it/societa/ATLETICA-MALIGNANI-LIBERTAS-UD/UD030
8.69,8.69,e,DE LAZZARI Alvise,2007,JM,TREVISATLETICA,6 ba- 1,Padova,2025-01-25,https://www.fidal.it/atleta/DE-LAZZARI-Alvise/eK2Rk5OmbWc%3D,https://www.fidal.it/societa/TREVISATLETICA/TV354
8.69,8.69,e,DE NONI Michele,2006,JM,ATLETICA SILCA CONEGLIANO,7 fi- 1,Padova,2025-01-25,https://www.fidal.it/atleta/DE-NONI-Michele/eKyRk5qjb2w%3D,https://www.fidal.it/societa/ATLETICA-SILCA-CONEGLIANO/TV341
8.7,8.70,e,RENATI Davide,2006,JM,CREMONA SPORTIVA ATL. ARVEDI,1 ba- 1,Casalmaggiore,2025-01-05,https://www.fidal.it/atleta/RENATI-Davide/dqyRlpukcGc%3D,https://www.fidal.it/societa/CREMONA-SPORTIVA-ATL--ARVEDI/CR041
8.7,8.70,e,MAGGIONI Matteo,2006,JM,ATL. LECCO-COLOMBO COSTRUZ.,2 fi- 1,Bergamo,2025-01-05,https://www.fidal.it/atleta/MAGGIONI-Matteo/dquRk5ahamM%3D,https://www.fidal.it/societa/ATL--LECCO-COLOMBO-COSTRUZ-/CO208
8.7,8.70,e,STOPPATO Lorenzo,2006,JM,ASSINDUSTRIA SPORT,1 fi- 2,Padova,2025-01-25,https://www.fidal.it/atleta/STOPPATO-Lorenzo/eKqRkpqkbGw%3D,https://www.fidal.it/societa/ASSINDUSTRIA-SPORT/PD140
8.7,8.70,e,ARMANO Lorenzo gigetto,2006,JM,ATL. ALESSANDRIA,4 fi- 1,Fossano,2025-01-25,https://www.fidal.it/atleta/ARMANO-Lorenzo-gigetto/dKmRk5umcWc%3D,https://www.fidal.it/societa/ATL--ALESSANDRIA/AL001
8.7,8.70,e,ELLERO Pierluigi,2006,JM,G.S. FIAMME ORO PADOVA,5 se- 1,Padova,2025-02-02,https://www.fidal.it/atleta/ELLERO-Pierluigi/eKqRkpugaWU%3D,https://www.fidal.it/societa/G-S--FIAMME-ORO-PADOVA/PD131
8.71,8.71,e,KHALDOUNE Yassine,2007,JM,VARESE ATLETICA A.S.D.,1 ba- 1,Bergamo,2025-01-05,https://www.fidal.it/atleta/KHALDOUNE-Yassine/drKRk5ijb2U%3D,https://www.fidal.it/societa/VARESE-ATLETICA-A-S-D-/VA918
8.71,8.71,e,FIORUCCI Emanuele,2007,JM,ATLETICA MONZA,3 fi- 1,Bergamo,2025-01-05,https://www.fidal.it/atleta/FIORUCCI-Emanuele/dq2RmJSfcWQ%3D,https://www.fidal.it/societa/ATLETICA-MONZA/MI710
8.72,8.72,e,DE NONI Michele,2006,JM,ATLETICA SILCA CONEGLIANO,3 fi- 1,Ancona,2025-01-06,https://www.fidal.it/atleta/DE-NONI-Michele/eKyRk5qjb2w%3D,https://www.fidal.it/societa/ATLETICA-SILCA-CONEGLIANO/TV341
8.72,8.72,e,MELE Pio rolando,2006,JM,IDEATLETICA AURORA,1 su- 1,Napoli,2025-01-18,https://www.fidal.it/atleta/MELE-Pio-rolando/gK2Rkpaoamc%3D,https://www.fidal.it/societa/IDEATLETICA-AURORA/SA127
8.72,8.72,e,ZAPPALA' Giacomo,2006,JM,FIAMME GIALLE G. SIMONI,2 fi- 1,Rieti,2025-01-19,https://www.fidal.it/atleta/ZAPPALA-Giacomo/f6yRlZigbGQ%3D,https://www.fidal.it/societa/FIAMME-GIALLE-G--SIMONI/RM057
8.72,8.72,e,DE LAZZARI Alvise,2007,JM,TREVISATLETICA,8 fi- 1,Padova,2025-01-25,https://www.fidal.it/atleta/DE-LAZZARI-Alvise/eK2Rk5OmbWc%3D,https://www.fidal.it/societa/TREVISATLETICA/TV354
8.72,8.72,e,GIACOMINI Mauro,2006,JM,CUS INSUBRIA VARESE COMO,6 se- 1,Padova,2025-02-02,https://www.fidal.it/atleta/GIACOMINI-Mauro/drKRk5Sjb2c%3D,https://www.fidal.it/societa/CUS-INSUBRIA-VARESE-COMO/VA123
8.73,8.73,e,VICINANZA Lorenzo,2006,JM,NISSOLINO INTESATLETICA LATINA,3 fi- 1,Rieti,2025-01-19,https://www.fidal.it/atleta/VICINANZA-Lorenzo/f6qRkpanb2Q%3D,https://www.fidal.it/societa/NISSOLINO-INTESATLETICA-LATINA/LT275
8.73,8.73,e,GIACOMINI Mauro,2006,JM,CUS INSUBRIA VARESE COMO,5 fi- 2,Bergamo,2025-01-19,https://www.fidal.it/atleta/GIACOMINI-Mauro/drKRk5Sjb2c%3D,https://www.fidal.it/societa/CUS-INSUBRIA-VARESE-COMO/VA123
8.73,8.73,e,ELLERO Pierluigi,2006,JM,G.S. FIAMME ORO PADOVA,2 fi- 2,Padova,2025-01-25,https://www.fidal.it/atleta/ELLERO-Pierluigi/eKqRkpugaWU%3D,https://www.fidal.it/societa/G-S--FIAMME-ORO-PADOVA/PD131
8.73,8.73,e,FIORUCCI Emanuele,2007,JM,ATLETICA MONZA,2 ba- 2,Bergamo,2025-01-26,https://www.fidal.it/atleta/FIORUCCI-Emanuele/dq2RmJSfcWQ%3D,https://www.fidal.it/societa/ATLETICA-MONZA/MI710
8.74,8.74,e,COCCATO Elia,2007,JM,C.U.S. PADOVA,4 fi- 2,Padova,2025-01-12,https://www.fidal.it/atleta/COCCATO-Elia/eKqRkpilcGY%3D,https://www.fidal.it/societa/C-U-S--PADOVA/PD143
8.74,8.74,e,DE NONI Michele,2006,JM,ATLETICA SILCA CONEGLIANO,4 ba- 1,Udine,2025-01-18,https://www.fidal.it/atleta/DE-NONI-Michele/eKyRk5qjb2w%3D,https://www.fidal.it/societa/ATLETICA-SILCA-CONEGLIANO/TV341
8.74,8.74,e,VICINANZA Lorenzo,2006,JM,NISSOLINO INTESATLETICA LATINA,2 su- 1,Rieti,2025-01-26,https://www.fidal.it/atleta/VICINANZA-Lorenzo/f6qRkpanb2Q%3D,https://www.fidal.it/societa/NISSOLINO-INTESATLETICA-LATINA/LT275
8.75,8.75,e,STOPPATO Lorenzo,2006,JM,ASSINDUSTRIA SPORT,3 ba- 2,Padova,2025-01-25,https://www.fidal.it/atleta/STOPPATO-Lorenzo/eKqRkpqkbGw%3D,https://www.fidal.it/societa/ASSINDUSTRIA-SPORT/PD140
8.76,8.76,e,DE NONI Michele,2006,JM,ATLETICA SILCA CONEGLIANO,2 ba- 1,Ancona,2025-01-06,https://www.fidal.it/atleta/DE-NONI-Michele/eKyRk5qjb2w%3D,https://www.fidal.it/societa/ATLETICA-SILCA-CONEGLIANO/TV341
8.76,8.76,e,LOTTICI Ludovico,2006,JM,ATL. BUZZETTI,1 ba- 1,Modena,2025-01-12,https://www.fidal.it/atleta/LOTTICI-Ludovico/eq6RkpmibGo%3D,https://www.fidal.it/societa/ATL--BUZZETTI/PR439
8.76,8.76,e,ARMANO Lorenzo gigetto,2006,JM,ATL. ALESSANDRIA,2 ba- 1,Modena,2025-01-12,https://www.fidal.it/atleta/ARMANO-Lorenzo-gigetto/dKmRk5umcWc%3D,https://www.fidal.it/societa/ATL--ALESSANDRIA/AL001
8.76,8.76,e,FIORUCCI Emanuele,2007,JM,ATLETICA MONZA,3 ba- 3,Bergamo,2025-01-12,https://www.fidal.it/atleta/FIORUCCI-Emanuele/dq2RmJSfcWQ%3D,https://www.fidal.it/societa/ATLETICA-MONZA/MI710
8.76,8.76,e,KHALDOUNE Yassine,2007,JM,VARESE ATLETICA A.S.D.,4 ba- 3,Bergamo,2025-01-12,https://www.fidal.it/atleta/KHALDOUNE-Yassine/drKRk5ijb2U%3D,https://www.fidal.it/societa/VARESE-ATLETICA-A-S-D-/VA918
8.76,8.76,e,CAVINATO Luca antonio,2006,JM,G.S. FIAMME ORO PADOVA,3 ba- 1,Padova,2025-02-08,https://www.fidal.it/atleta/CAVINATO-Luca-antonio/eKqRkpqjaGY%3D,https://www.fidal.it/societa/G-S--FIAMME-ORO-PADOVA/PD131
8.77,8.77,e,OMEGNA Flavio,2007,JM,CUS PRO PATRIA MILANO,2 ba- 1,Bergamo,2025-01-05,https://www.fidal.it/atleta/OMEGNA-Flavio/dq2RmpWhbGY%3D,https://www.fidal.it/societa/CUS-PRO-PATRIA-MILANO/MI077
8.77,8.77,e,SERRA Nicola,2006,JM,CENTRO ATLETICA PIOMBINO,2 se- 1,Firenze,2025-01-26,https://www.fidal.it/atleta/SERRA-Nicola/fayRkpWjbWo%3D,https://www.fidal.it/societa/CENTRO-ATLETICA-PIOMBINO/LI038
8.77,8.77,e,BUSCARINU Francesco,2006,JM,A.S.D. ICHNOS SASSARI,3 ba- 2,Bergamo,2025-01-26,https://www.fidal.it/atleta/BUSCARINU-Francesco/iKyRkpikcGw%3D,https://www.fidal.it/societa/A-S-D--ICHNOS-SASSARI/SS220
8.78,8.78,e,BELLINI Federico,2006,JM,TOSCANA ATLETICA JOLLY,2 ba- 1,Firenze,2025-01-11,https://www.fidal.it/atleta/BELLINI-Federico/faqRk5SmbGg%3D,https://www.fidal.it/societa/TOSCANA-ATLETICA-JOLLY/FI018
8.78,8.78,e,BECCARI Marco,2007,JM,CENTRO ATLETICA PIOMBINO,5 fi- 1,Firenze,2025-01-11,https://www.fidal.it/atleta/BECCARI-Marco/fayRkpenbWk%3D,https://www.fidal.it/societa/CENTRO-ATLETICA-PIOMBINO/LI038
8.78,8.78,e,ELLERO Pierluigi,2006,JM,G.S. FIAMME ORO PADOVA,6 ba- 1,Padova,2025-01-12,https://www.fidal.it/atleta/ELLERO-Pierluigi/eKqRkpugaWU%3D,https://www.fidal.it/societa/G-S--FIAMME-ORO-PADOVA/PD131
8.78,8.78,e,CAVINATO Luca antonio,2006,JM,G.S. FIAMME ORO PADOVA,3 fi- 2,Padova,2025-01-25,https://www.fidal.it/atleta/CAVINATO-Luca-antonio/eKqRkpqjaGY%3D,https://www.fidal.it/societa/G-S--FIAMME-ORO-PADOVA/PD131
8.79,8.79,e,TONONI Lorenzo,2006,JM,ATL. CARPENEDOLO,2 fi- 1,Casalmaggiore,2025-01-05,https://www.fidal.it/atleta/TONONI-Lorenzo/dqqRmJema2c%3D,https://www.fidal.it/societa/ATL--CARPENEDOLO/BS278
8.79,8.79,e,DE LAZZARI Alvise,2007,JM,TREVISATLETICA,5 ba- 1,Udine,2025-01-18,https://www.fidal.it/atleta/DE-LAZZARI-Alvise/eK2Rk5OmbWc%3D,https://www.fidal.it/societa/TREVISATLETICA/TV354
8.8,8.80,e,GIACOMINI Mauro,2006,JM,CUS INSUBRIA VARESE COMO,1 ba- 2,Bergamo,2025-01-19,https://www.fidal.it/atleta/GIACOMINI-Mauro/drKRk5Sjb2c%3D,https://www.fidal.it/societa/CUS-INSUBRIA-VARESE-COMO/VA123
8.8,8.80,e,DE NONI Michele,2006,JM,ATLETICA SILCA CONEGLIANO,2 fi- 1,Bergamo,2025-01-19,https://www.fidal.it/atleta/DE-NONI-Michele/eKyRk5qjb2w%3D,https://www.fidal.it/societa/ATLETICA-SILCA-CONEGLIANO/TV341
8.8,8.80,e,ELLERO Pierluigi,2006,JM,G.S. FIAMME ORO PADOVA,4 ba- 2,Padova,2025-01-25,https://www.fidal.it/atleta/ELLERO-Pierluigi/eKqRkpugaWU%3D,https://www.fidal.it/societa/G-S--FIAMME-ORO-PADOVA/PD131
8.81,8.81,e,CERESA PRUCIN Giorgio,2007,JM,BATTAGLIO C.U.S. TORINO ATL,1 fi- 1,Aosta,2025-01-05,https://www.fidal.it/atleta/CERESA-PRUCIN-Giorgio/dK6Rl5ekbmo%3D,https://www.fidal.it/societa/BATTAGLIO-C-U-S--TORINO-ATL/TO001
8.81,8.81,e,TONONI Lorenzo,2006,JM,ATL. CARPENEDOLO,6 fi- 1,Bergamo,2025-01-12,https://www.fidal.it/atleta/TONONI-Lorenzo/dqqRmJema2c%3D,https://www.fidal.it/societa/ATL--CARPENEDOLO/BS278
8.81,8.81,e,ZAPPALA' Giacomo,2006,JM,FIAMME GIALLE G. SIMONI,2 ba- 1,Rieti,2025-01-19,https://www.fidal.it/atleta/ZAPPALA-Giacomo/f6yRlZigbGQ%3D,https://www.fidal.it/societa/FIAMME-GIALLE-G--SIMONI/RM057
8.81,8.81,e,BOSCHETTI Cristian,2006,JM,ATL. MONDOVI'-ACQUA S.BERNARDO,2 ba- 1,Aosta,2025-01-26,https://www.fidal.it/atleta/BOSCHETTI-Cristian/dKyRlZKmcGg%3D,https://www.fidal.it/societa/ATL--MONDOVI-ACQUA-S-BERNARDO/CN005
8.81,8.81,e,FIORUCCI Emanuele,2007,JM,ATLETICA MONZA,3 fi- 1,Bergamo,2025-01-26,https://www.fidal.it/atleta/FIORUCCI-Emanuele/dq2RmJSfcWQ%3D,https://www.fidal.it/societa/ATLETICA-MONZA/MI710
8.82,8.82,e,LOTTICI Ludovico,2006,JM,ATL. BUZZETTI,3 fi- 1,Casalmaggiore,2025-01-05,https://www.fidal.it/atleta/LOTTICI-Ludovico/eq6RkpmibGo%3D,https://www.fidal.it/societa/ATL--BUZZETTI/PR439
8.82,8.82,e,RISTORI Mattia,2006,JM,CENTRO ATLETICA PIOMBINO,6 fi- 1,Firenze,2025-01-11,https://www.fidal.it/atleta/RISTORI-Mattia/fayRkpWncWo%3D,https://www.fidal.it/societa/CENTRO-ATLETICA-PIOMBINO/LI038
8.82,8.82,e,ISOPI Giorgio,2007,JM,BATTAGLIO C.U.S. TORINO ATL,2 ba- 2,Fossano,2025-01-12,https://www.fidal.it/atleta/ISOPI-Giorgio/dKyRlZWfbGY%3D,https://www.fidal.it/societa/BATTAGLIO-C-U-S--TORINO-ATL/TO001
8.82,8.82,e,LOTTICI Ludovico,2006,JM,ATL. BUZZETTI,3 fi- 1,Modena,2025-01-18,https://www.fidal.it/atleta/LOTTICI-Ludovico/eq6RkpmibGo%3D,https://www.fidal.it/societa/ATL--BUZZETTI/PR439
8.83,8.83,e,CUTAIA Marco,2006,JM,A.S.D. PONTEVECCHIO BOLOGNA,4 ba- 2,Modena,2025-01-18,https://www.fidal.it/atleta/CUTAIA-Marco/eqmRkpafaWs%3D,https://www.fidal.it/societa/A-S-D--PONTEVECCHIO-BOLOGNA/BO506
8.83,8.83,e,CUTAIA Marco,2006,JM,A.S.D. PONTEVECCHIO BOLOGNA,4 fi- 1,Modena,2025-01-18,https://www.fidal.it/atleta/CUTAIA-Marco/eqmRkpafaWs%3D,https://www.fidal.it/societa/A-S-D--PONTEVECCHIO-BOLOGNA/BO506
8.83,8.83,e,DE LAZZARI Alvise,2007,JM,TREVISATLETICA,6 ba- 4,Ancona,2025-02-02,https://www.fidal.it/atleta/DE-LAZZARI-Alvise/eK2Rk5OmbWc%3D,https://www.fidal.it/societa/TREVISATLETICA/TV354
8.85,8.85,e,TONONI Lorenzo,2006,JM,ATL. CARPENEDOLO,2 ba- 1,Casalmaggiore,2025-01-05,https://www.fidal.it/atleta/TONONI-Lorenzo/dqqRmJema2c%3D,https://www.fidal.it/societa/ATL--CARPENEDOLO/BS278
8.85,8.85,e,KHALDOUNE Yassine,2007,JM,VARESE ATLETICA A.S.D.,4 fi- 1,Bergamo,2025-01-05,https://www.fidal.it/atleta/KHALDOUNE-Yassine/drKRk5ijb2U%3D,https://www.fidal.it/societa/VARESE-ATLETICA-A-S-D-/VA918
8.85,8.85,e,BERNARDINI Andrea,2007,JM,SSD NISSOLINO SPORT SRL ASU,4 fi- 1,Ancona,2025-01-06,https://www.fidal.it/atleta/BERNARDINI-Andrea/f6qRkpSoa2g%3D,https://www.fidal.it/societa/SSD-NISSOLINO-SPORT-SRL-ASU/RM363
8.85,8.85,e,ZAPPALA' Giacomo,2006,JM,FIAMME GIALLE G. SIMONI,3 fi- 1,Ancona,2025-01-11,https://www.fidal.it/atleta/ZAPPALA-Giacomo/f6yRlZigbGQ%3D,https://www.fidal.it/societa/FIAMME-GIALLE-G--SIMONI/RM057
8.85,8.85,e,ZERBIN Valentino,2007,JM,G.S. ERMENEGILDO ZEGNA,1 ba- 1,Aosta,2025-01-12,https://www.fidal.it/atleta/ZERBIN-Valentino/dKAAARlJSlbWw%3D,https://www.fidal.it/societa/G-S--ERMENEGILDO-ZEGNA/VC020
8.85,8.85,e,CAVINATO Luca antonio,2006,JM,G.S. FIAMME ORO PADOVA,7 ba- 1,Padova,2025-01-12,https://www.fidal.it/atleta/CAVINATO-Luca-antonio/eKqRkpqjaGY%3D,https://www.fidal.it/societa/G-S--FIAMME-ORO-PADOVA/PD131
8.85,8.85,e,DALL'ANTONIA Elia,2007,JM,ATL-ETICA SAN VENDEMIANO,1 ba- 3,Padova,2025-01-25,https://www.fidal.it/atleta/DALL-ANTONIA-Elia/eKyRk5qobmg%3D,https://www.fidal.it/societa/ATL-ETICA-SAN-VENDEMIANO/TV406
8.86,8.86,e,BOSCHETTI Cristian,2006,JM,ATL. MONDOVI'-ACQUA S.BERNARDO,3 fi- 1,Fossano,2025-01-12,https://www.fidal.it/atleta/BOSCHETTI-Cristian/dKyRlZKmcGg%3D,https://www.fidal.it/societa/ATL--MONDOVI-ACQUA-S-BERNARDO/CN005
8.86,8.86,e,FIORUCCI Emanuele,2007,JM,ATLETICA MONZA,7 se- 1,Padova,2025-02-02,https://www.fidal.it/atleta/FIORUCCI-Emanuele/dq2RmJSfcWQ%3D,https://www.fidal.it/societa/ATLETICA-MONZA/MI710
8.87,8.87,e,CERESA PRUCIN Giorgio,2007,JM,BATTAGLIO C.U.S. TORINO ATL,4 fi- 1,Fossano,2025-01-12,https://www.fidal.it/atleta/CERESA-PRUCIN-Giorgio/dK6Rl5ekbmo%3D,https://www.fidal.it/societa/BATTAGLIO-C-U-S--TORINO-ATL/TO001
8.87,8.87,e,LOTTICI Ludovico,2006,JM,ATL. BUZZETTI,2 ba- 1,Modena,2025-01-18,https://www.fidal.it/atleta/LOTTICI-Ludovico/eq6RkpmibGo%3D,https://www.fidal.it/societa/ATL--BUZZETTI/PR439
8.87,8.87,e,CAVINATO Luca antonio,2006,JM,G.S. FIAMME ORO PADOVA,6 fi- 1,Udine,2025-01-18,https://www.fidal.it/atleta/CAVINATO-Luca-antonio/eKqRkpqjaGY%3D,https://www.fidal.it/societa/G-S--FIAMME-ORO-PADOVA/PD131
8.87,8.87,e,TONONI Lorenzo,2006,JM,ATL. CARPENEDOLO,2 ba- 2,Bergamo,2025-01-19,https://www.fidal.it/atleta/TONONI-Lorenzo/dqqRmJema2c%3D,https://www.fidal.it/societa/ATL--CARPENEDOLO/BS278
8.87,8.87,e,SALVADORI Cosimo,2007,JM,PISTOIATLETICA 1983,1 fi- 3,Padova,2025-01-25,https://www.fidal.it/atleta/SALVADORI-Cosimo/fbGRkpSoaGw%3D,https://www.fidal.it/societa/PISTOIATLETICA-1983/PT115
8.87,8.87,e,CERESA PRUCIN Giorgio,2007,JM,BATTAGLIO C.U.S. TORINO ATL,3 ba- 1,Fossano,2025-01-25,https://www.fidal.it/atleta/CERESA-PRUCIN-Giorgio/dK6Rl5ekbmo%3D,https://www.fidal.it/societa/BATTAGLIO-C-U-S--TORINO-ATL/TO001
8.87,8.87,e,SOLONI Giulio,2007,JM,C.B.A. CINISELLO BALSAMO ATL.,1 fi- 2,Bergamo,2025-01-26,https://www.fidal.it/atleta/SOLONI-Giulio/dq2Rl5KiaWU%3D,https://www.fidal.it/societa/C-B-A--CINISELLO-BALSAMO-ATL-/MI307
8.87,8.87,e,CAVINATO Luca antonio,2006,JM,G.S. FIAMME ORO PADOVA,3 fi- 1,Padova,2025-02-08,https://www.fidal.it/atleta/CAVINATO-Luca-antonio/eKqRkpqjaGY%3D,https://www.fidal.it/societa/G-S--FIAMME-ORO-PADOVA/PD131
8.88,8.88,e,BOSCHETTI Cristian,2006,JM,ATL. MONDOVI'-ACQUA S.BERNARDO,3 ba- 2,Fossano,2025-01-12,https://www.fidal.it/atleta/BOSCHETTI-Cristian/dKyRlZKmcGg%3D,https://www.fidal.it/societa/ATL--MONDOVI-ACQUA-S-BERNARDO/CN005
8.88,8.88,e,COCCATO Elia,2007,JM,C.U.S. PADOVA,4 ba- 2,Padova,2025-01-12,https://www.fidal.it/atleta/COCCATO-Elia/eKqRkpilcGY%3D,https://www.fidal.it/societa/C-U-S--PADOVA/PD143
8.88,8.88,e,BECCARI Marco,2007,JM,CENTRO ATLETICA PIOMBINO,3 se- 1,Firenze,2025-01-26,https://www.fidal.it/atleta/BECCARI-Marco/fayRkpenbWk%3D,https://www.fidal.it/societa/CENTRO-ATLETICA-PIOMBINO/LI038
8.89,8.89,e,CERESA PRUCIN Giorgio,2007,JM,BATTAGLIO C.U.S. TORINO ATL,4 ba- 2,Fossano,2025-01-12,https://www.fidal.it/atleta/CERESA-PRUCIN-Giorgio/dK6Rl5ekbmo%3D,https://www.fidal.it/societa/BATTAGLIO-C-U-S--TORINO-ATL/TO001
8.89,8.89,e,VICINANZA Lorenzo,2006,JM,NISSOLINO INTESATLETICA LATINA,3 ba- 1,Rieti,2025-01-19,https://www.fidal.it/atleta/VICINANZA-Lorenzo/f6qRkpanb2Q%3D,https://www.fidal.it/societa/NISSOLINO-INTESATLETICA-LATINA/LT275
8.89,8.89,e,CAVINATO Luca antonio,2006,JM,G.S. FIAMME ORO PADOVA,5 ba- 2,Padova,2025-01-25,https://www.fidal.it/atleta/CAVINATO-Luca-antonio/eKqRkpqjaGY%3D,https://www.fidal.it/societa/G-S--FIAMME-ORO-PADOVA/PD131
8.89,8.89,e,SALVADORI Cosimo,2007,JM,PISTOIATLETICA 1983,4 fi- 1,Modena,2025-02-08,https://www.fidal.it/atleta/SALVADORI-Cosimo/fbGRkpSoaGw%3D,https://www.fidal.it/societa/PISTOIATLETICA-1983/PT115
8.9,8.90,e,BAGNARA Emil,2007,JM,COLLECTION ATLETICA SAMBENEDET,5 fi- 1,Ancona,2025-01-06,https://www.fidal.it/atleta/BAGNARA-Emil/e6qRkpSkaWc%3D,https://www.fidal.it/societa/COLLECTION-ATLETICA-SAMBENEDET/AP034
8.9,8.90,e,BECCARI Marco,2007,JM,CENTRO ATLETICA PIOMBINO,3 ba- 2,Firenze,2025-01-11,https://www.fidal.it/atleta/BECCARI-Marco/fayRkpenbWk%3D,https://www.fidal.it/societa/CENTRO-ATLETICA-PIOMBINO/LI038
8.9,8.90,e,ZATTRA Matteo,2006,JM,ATL.VICENTINA,4 ba- 1,Padova,2025-02-08,https://www.fidal.it/atleta/ZATTRA-Matteo/eK6Rk5OmcGU%3D,https://www.fidal.it/societa/ATL-VICENTINA/VI626
8.91,8.91,e,ZERBIN Valentino,2007,JM,G.S. ERMENEGILDO ZEGNA,1 fi- 1,Aosta,2025-01-12,https://www.fidal.it/atleta/ZERBIN-Valentino/dKAAARlJSlbWw%3D,https://www.fidal.it/societa/G-S--ERMENEGILDO-ZEGNA/VC020
8.91,8.91,e,VERNACE Luca pietro,2006,JM,ATLETICA MONZA,4 ba- 2,Bergamo,2025-01-26,https://www.fidal.it/atleta/VERNACE-Luca-pietro/dq2RmZuobWc%3D,https://www.fidal.it/societa/ATLETICA-MONZA/MI710
8.91,8.91,e,BUSCARINU Francesco,2006,JM,A.S.D. ICHNOS SASSARI,4 fi- 1,Bergamo,2025-01-26,https://www.fidal.it/atleta/BUSCARINU-Francesco/iKyRkpikcGw%3D,https://www.fidal.it/societa/A-S-D--ICHNOS-SASSARI/SS220
8.91,8.91,e,CRISTOFARO Federico,2007,JM,ATL. O.S.A. SARONNO LIB.,1 se- 2,Padova,2025-02-02,https://www.fidal.it/atleta/CRISTOFARO-Federico/drKRk5Sia2w%3D,https://www.fidal.it/societa/ATL--O-S-A--SARONNO-LIB-/VA119
8.92,8.92,e,ZUCCOLOTTO Simone,2007,JM,VARESE ATLETICA A.S.D.,2 fi- 2,Bergamo,2025-01-05,https://www.fidal.it/atleta/ZUCCOLOTTO-Simone/drKRk5SkaGg%3D,https://www.fidal.it/societa/VARESE-ATLETICA-A-S-D-/VA918
8.92,8.92,e,LOTTICI Ludovico,2006,JM,ATL. BUZZETTI,3 ba- 1,Casalmaggiore,2025-01-05,https://www.fidal.it/atleta/LOTTICI-Ludovico/eq6RkpmibGo%3D,https://www.fidal.it/societa/ATL--BUZZETTI/PR439
8.92,8.92,e,VERNACE Luca pietro,2006,JM,ATLETICA MONZA,3 fi- 1,Bergamo,2025-01-19,https://www.fidal.it/atleta/VERNACE-Luca-pietro/dq2RmZuobWc%3D,https://www.fidal.it/societa/ATLETICA-MONZA/MI710
8.92,8.92,e,RAIOLA Raffaele,2006,JM,A.S.D. ATL. AGROPOLI,1 su- 1,Napoli,2025-02-01,https://www.fidal.it/atleta/RAIOLA-Raffaele/gK2RkpigcGM%3D,https://www.fidal.it/societa/A-S-D--ATL--AGROPOLI/SA128
8.93,8.93,e,FAINI Diego,2007,JM,TEAM-A LOMBARDIA,7 ba- 5,Ancona,2025-02-02,https://www.fidal.it/atleta/FAINI-Diego/dq2Rl5qjb2M%3D,https://www.fidal.it/societa/TEAM-A-LOMBARDIA/MI774
8.94,8.94,e,CERESA PRUCIN Giorgio,2007,JM,BATTAGLIO C.U.S. TORINO ATL,1 ba- 1,Aosta,2025-01-05,https://www.fidal.it/atleta/CERESA-PRUCIN-Giorgio/dK6Rl5ekbmo%3D,https://www.fidal.it/societa/BATTAGLIO-C-U-S--TORINO-ATL/TO001
8.94,8.94,e,MARTELLI Luca,2007,JM,ATL. IMOLA SACMI AVIS,4 fi- 1,Ancona,2025-01-11,https://www.fidal.it/atleta/MARTELLI-Luca/eqmRkpuob2U%3D,https://www.fidal.it/societa/ATL--IMOLA-SACMI-AVIS/BO014
8.94,8.94,e,NOVARA Gabriele,2006,JM,S.S. VITTORIO ALFIERI ASTI,5 fi- 1,Fossano,2025-01-12,https://www.fidal.it/atleta/NOVARA-Gabriele/dKuRk5ijcWs%3D,https://www.fidal.it/societa/S-S--VITTORIO-ALFIERI-ASTI/AT001
8.94,8.94,e,RUGGERI Luca,2006,JM,CUS INSUBRIA VARESE COMO,4 fi- 1,Bergamo,2025-01-19,https://www.fidal.it/atleta/RUGGERI-Luca/drKRk5eobWc%3D,https://www.fidal.it/societa/CUS-INSUBRIA-VARESE-COMO/VA123
8.95,8.95,e,SACCHETTI Luca,2006,JM,ATL. ENDAS  CESENA,3 ba- 1,Modena,2025-01-18,https://www.fidal.it/atleta/SACCHETTI-Luca/equRkpSlbGk%3D,https://www.fidal.it/societa/ATL--ENDAS-CESENA/FC049
8.95,8.95,e,MARTELLI Luca,2007,JM,ATL. IMOLA SACMI AVIS,5 fi- 1,Modena,2025-01-18,https://www.fidal.it/atleta/MARTELLI-Luca/eqmRkpuob2U%3D,https://www.fidal.it/societa/ATL--IMOLA-SACMI-AVIS/BO014
8.95,8.95,e,FIORUCCI Emanuele,2007,JM,ATLETICA MONZA,3 ba- 2,Bergamo,2025-01-19,https://www.fidal.it/atleta/FIORUCCI-Emanuele/dq2RmJSfcWQ%3D,https://www.fidal.it/societa/ATLETICA-MONZA/MI710
8.95,8.95,e,RUGGERI Luca,2006,JM,CUS INSUBRIA VARESE COMO,4 ba- 2,Bergamo,2025-01-19,https://www.fidal.it/atleta/RUGGERI-Luca/drKRk5eobWc%3D,https://www.fidal.it/societa/CUS-INSUBRIA-VARESE-COMO/VA123
8.95,8.95,e,BATTISTON Francesco,2007,JM,VITTORIO ATLETICA,4 fi- 2,Padova,2025-01-25,https://www.fidal.it/atleta/BATTISTON-Francesco/eKmRlJeiaGo%3D,https://www.fidal.it/societa/VITTORIO-ATLETICA/TV409
8.95,8.95,e,FONTANA Salvatore,2006,JM,A.S.D. ATL. AGROPOLI,2 su- 1,Napoli,2025-02-01,https://www.fidal.it/atleta/FONTANA-Salvatore/gK2RkpigcGQ%3D,https://www.fidal.it/societa/A-S-D--ATL--AGROPOLI/SA128
8.95,8.95,e,BATTISTON Francesco,2007,JM,VITTORIO ATLETICA,2 se- 2,Padova,2025-02-02,https://www.fidal.it/atleta/BATTISTON-Francesco/eKmRlJeiaGo%3D,https://www.fidal.it/societa/VITTORIO-ATLETICA/TV409
8.96,8.96,e,GHERGO Matteo,2007,JM,TEAM ATLETICA MARCHE,6 fi- 1,Ancona,2025-01-06,https://www.fidal.it/atleta/GHERGO-Matteo/e6mRkpioaGQ%3D,https://www.fidal.it/societa/TEAM-ATLETICA-MARCHE/FM050
8.96,8.96,e,NOVARA Gabriele,2006,JM,S.S. VITTORIO ALFIERI ASTI,2 ba- 1,Fossano,2025-01-12,https://www.fidal.it/atleta/NOVARA-Gabriele/dKuRk5ijcWs%3D,https://www.fidal.it/societa/S-S--VITTORIO-ALFIERI-ASTI/AT001
8.96,8.96,e,SALTALAMACCHIA Andrea dharma,2007,JM,RUNNING CLUB NAPOLI,3 su- 1,Napoli,2025-02-01,https://www.fidal.it/atleta/SALTALAMACCHIA-Andrea-dharma/gKyRk5OibGo%3D,https://www.fidal.it/societa/RUNNING-CLUB-NAPOLI/NA965
8.96,8.96,e,RUGGERI Luca,2006,JM,CUS INSUBRIA VARESE COMO,3 se- 2,Padova,2025-02-02,https://www.fidal.it/atleta/RUGGERI-Luca/drKRk5eobWc%3D,https://www.fidal.it/societa/CUS-INSUBRIA-VARESE-COMO/VA123
8.97,8.97,e,MARTELLI Luca,2007,JM,ATL. IMOLA SACMI AVIS,4 ba- 1,Ancona,2025-01-11,https://www.fidal.it/atleta/MARTELLI-Luca/eqmRkpuob2U%3D,https://www.fidal.it/societa/ATL--IMOLA-SACMI-AVIS/BO014
8.97,8.97,e,MARTELLI Luca,2007,JM,ATL. IMOLA SACMI AVIS,4 ba- 1,Modena,2025-01-18,https://www.fidal.it/atleta/MARTELLI-Luca/eqmRkpuob2U%3D,https://www.fidal.it/societa/ATL--IMOLA-SACMI-AVIS/BO014
8.97,8.97,e,LOTTICI Ludovico,2006,JM,ATL. BUZZETTI,3 fi- 1,Casalmaggiore,2025-01-19,https://www.fidal.it/atleta/LOTTICI-Ludovico/eq6RkpmibGo%3D,https://www.fidal.it/societa/ATL--BUZZETTI/PR439
8.97,8.97,e,PERNA Giuseppe,2007,JM,A.S.D. ATL. AGROPOLI,2 se- 2,Ancona,2025-01-26,https://www.fidal.it/atleta/PERNA-Giuseppe/gK2RkpigbmM%3D,https://www.fidal.it/societa/A-S-D--ATL--AGROPOLI/SA128
8.97,8.97,e,SPITI Andrea,2007,JM,ASD ATLETICA VITERBO,3 su- 1,Rieti,2025-01-26,https://www.fidal.it/atleta/SPITI-Andrea/f66RkpSfcGg%3D,https://www.fidal.it/societa/ASD-ATLETICA-VITERBO/VT207
8.98,8.98,e,FONTANA Salvatore,2006,JM,A.S.D. ATL. AGROPOLI,2 su- 1,Napoli,2025-01-18,https://www.fidal.it/atleta/FONTANA-Salvatore/gK2RkpigcGQ%3D,https://www.fidal.it/societa/A-S-D--ATL--AGROPOLI/SA128
8.99,8.99,e,COCORULLO Pietro,2006,JM,ACQUIRUNNERS,2 ba- 1,Aosta,2025-01-05,https://www.fidal.it/atleta/COCORULLO-Pietro/dKmRlJKob2w%3D,https://www.fidal.it/societa/ACQUIRUNNERS/AL028
8.99,8.99,e,CAVINATO Luca antonio,2006,JM,G.S. FIAMME ORO PADOVA,6 ba- 1,Udine,2025-01-18,https://www.fidal.it/atleta/CAVINATO-Luca-antonio/eKqRkpqjaGY%3D,https://www.fidal.it/societa/G-S--FIAMME-ORO-PADOVA/PD131
9.0,9.00,e,RISTORI Mattia,2006,JM,CENTRO ATLETICA PIOMBINO,3 ba- 1,Firenze,2025-01-11,https://www.fidal.it/atleta/RISTORI-Mattia/fayRkpWncWo%3D,https://www.fidal.it/societa/CENTRO-ATLETICA-PIOMBINO/LI038
9.0,9.00,e,SALVADORI Cosimo,2007,JM,PISTOIATLETICA 1983,4 ba- 2,Firenze,2025-01-11,https://www.fidal.it/atleta/SALVADORI-Cosimo/fbGRkpSoaGw%3D,https://www.fidal.it/societa/PISTOIATLETICA-1983/PT115
9.0,9.00,e,TONONI Lorenzo,2006,JM,ATL. CARPENEDOLO,6 fi- 2,Bergamo,2025-01-19,https://www.fidal.it/atleta/TONONI-Lorenzo/dqqRmJema2c%3D,https://www.fidal.it/societa/ATL--CARPENEDOLO/BS278
9.0,9.00,e,RISTORI Mattia,2006,JM,CENTRO ATLETICA PIOMBINO,4 se- 1,Firenze,2025-01-26,https://www.fidal.it/atleta/RISTORI-Mattia/fayRkpWncWo%3D,https://www.fidal.it/societa/CENTRO-ATLETICA-PIOMBINO/LI038
9.0,9.00,e,DENARO Markel,2006,JM,C.U.S. VERONA SEZ. ATLETICA,8 se- 1,Padova,2025-02-02,https://www.fidal.it/atleta/DENARO-Markel/eKAAARlJOkcGk%3D,https://www.fidal.it/societa/C-U-S--VERONA-SEZ--ATLETICA/VR825
9.01,9.01,e,FIORUCCI Emanuele,2007,JM,ATLETICA MONZA,3 ba- 1,Bergamo,2025-01-05,https://www.fidal.it/atleta/FIORUCCI-Emanuele/dq2RmJSfcWQ%3D,https://www.fidal.it/societa/ATLETICA-MONZA/MI710
9.01,9.01,e,CRISTOFARO Federico,2007,JM,ATL. O.S.A. SARONNO LIB.,1 ba- 2,Parma,2025-01-18,https://www.fidal.it/atleta/CRISTOFARO-Federico/drKRk5Sia2w%3D,https://www.fidal.it/societa/ATL--O-S-A--SARONNO-LIB-/VA119
9.01,9.01,e,BUTTA Giordano,2007,JM,CUS INSUBRIA VARESE COMO,5 fi- 1,Bergamo,2025-01-19,https://www.fidal.it/atleta/BUTTA-Giordano/dquRk5mlcGo%3D,https://www.fidal.it/societa/CUS-INSUBRIA-VARESE-COMO/VA123
9.01,9.01,e,FIORUCCI Emanuele,2007,JM,ATLETICA MONZA,6 fi- 1,Bergamo,2025-01-19,https://www.fidal.it/atleta/FIORUCCI-Emanuele/dq2RmJSfcWQ%3D,https://www.fidal.it/societa/ATLETICA-MONZA/MI710
9.01,9.01,e,BATTISTON Francesco,2007,JM,VITTORIO ATLETICA,2 ba- 3,Padova,2025-01-25,https://www.fidal.it/atleta/BATTISTON-Francesco/eKmRlJeiaGo%3D,https://www.fidal.it/societa/VITTORIO-ATLETICA/TV409
9.01,9.01,e,CERESA PRUCIN Giorgio,2007,JM,BATTAGLIO C.U.S. TORINO ATL,5 fi- 1,Fossano,2025-01-25,https://www.fidal.it/atleta/CERESA-PRUCIN-Giorgio/dK6Rl5ekbmo%3D,https://www.fidal.it/societa/BATTAGLIO-C-U-S--TORINO-ATL/TO001
9.01,9.01,e,CUTAIA Marco,2006,JM,A.S.D. PONTEVECCHIO BOLOGNA,3 se- 2,Ancona,2025-01-26,https://www.fidal.it/atleta/CUTAIA-Marco/eqmRkpafaWs%3D,https://www.fidal.it/societa/A-S-D--PONTEVECCHIO-BOLOGNA/BO506
9.02,9.02,e,GHERGO Matteo,2007,JM,TEAM ATLETICA MARCHE,3 ba- 2,Ancona,2025-01-06,https://www.fidal.it/atleta/GHERGO-Matteo/e6mRkpioaGQ%3D,https://www.fidal.it/societa/TEAM-ATLETICA-MARCHE/FM050
9.02,9.02,e,SACCHETTI Luca,2006,JM,ATL. ENDAS  CESENA,6 fi- 1,Modena,2025-01-18,https://www.fidal.it/atleta/SACCHETTI-Luca/equRkpSlbGk%3D,https://www.fidal.it/societa/ATL--ENDAS-CESENA/FC049
9.02,9.02,e,MERLO Mattia,2006,JM,SISPORT SSD,3 ba- 1,Aosta,2025-01-26,https://www.fidal.it/atleta/MERLO-Mattia/dK6Rl5SfamM%3D,https://www.fidal.it/societa/SISPORT-SSD/TO002
9.03,9.03,e,VERNACE Luca pietro,2006,JM,ATLETICA MONZA,1 ba- 1,Bergamo,2025-01-19,https://www.fidal.it/atleta/VERNACE-Luca-pietro/dq2RmZuobWc%3D,https://www.fidal.it/societa/ATLETICA-MONZA/MI710
9.03,9.03,e,BUSCARINU Francesco,2006,JM,A.S.D. ICHNOS SASSARI,1 su- 1,Iglesias,2025-01-19,https://www.fidal.it/atleta/BUSCARINU-Francesco/iKyRkpikcGw%3D,https://www.fidal.it/societa/A-S-D--ICHNOS-SASSARI/SS220
9.04,9.04,e,VERNACE Luca pietro,2006,JM,ATLETICA MONZA,1 fi- 2,Bergamo,2025-01-12,https://www.fidal.it/atleta/VERNACE-Luca-pietro/dq2RmZuobWc%3D,https://www.fidal.it/societa/ATLETICA-MONZA/MI710
9.04,9.04,e,TONONI Lorenzo,2006,JM,ATL. CARPENEDOLO,5 ba- 3,Bergamo,2025-01-12,https://www.fidal.it/atleta/TONONI-Lorenzo/dqqRmJema2c%3D,https://www.fidal.it/societa/ATL--CARPENEDOLO/BS278
9.05,9.05,e,COCORULLO Pietro,2006,JM,ACQUIRUNNERS,2 fi- 1,Aosta,2025-01-05,https://www.fidal.it/atleta/COCORULLO-Pietro/dKmRlJKob2w%3D,https://www.fidal.it/societa/ACQUIRUNNERS/AL028
9.05,9.05,e,MOZZONI Riccardo,2007,JM,ATL. AVIS MACERATA,1 ba- 2,Ancona,2025-01-25,https://www.fidal.it/atleta/MOZZONI-Riccardo/e6uRkpWgbmM%3D,https://www.fidal.it/societa/ATL--AVIS-MACERATA/MC004
9.06,9.06,e,MOZZONI Riccardo,2007,JM,ATL. AVIS MACERATA,5 ba- 1,Ancona,2025-01-11,https://www.fidal.it/atleta/MOZZONI-Riccardo/e6uRkpWgbmM%3D,https://www.fidal.it/societa/ATL--AVIS-MACERATA/MC004
9.06,9.06,e,COLOMBO Filippo,2007,JM,ATL. LECCO-COLOMBO COSTRUZ.,4 se- 2,Padova,2025-02-02,https://www.fidal.it/atleta/COLOMBO-Filippo/dquRk5Ojbmc%3D,https://www.fidal.it/societa/ATL--LECCO-COLOMBO-COSTRUZ-/CO208
9.07,9.07,e,TABARRETTI Alberto,2007,JM,ATL. AVIS MACERATA,7 fi- 1,Ancona,2025-01-06,https://www.fidal.it/atleta/TABARRETTI-Alberto/e6uRkpWjcGM%3D,https://www.fidal.it/societa/ATL--AVIS-MACERATA/MC004
9.07,9.07,e,DENARO Markel,2006,JM,C.U.S. VERONA SEZ. ATLETICA,5 ba- 1,Padova,2025-02-08,https://www.fidal.it/atleta/DENARO-Markel/eKAAARlJOkcGk%3D,https://www.fidal.it/societa/C-U-S--VERONA-SEZ--ATLETICA/VR825
9.08,9.08,e,VERNACE Luca pietro,2006,JM,ATLETICA MONZA,1 ba- 2,Bergamo,2025-01-12,https://www.fidal.it/atleta/VERNACE-Luca-pietro/dq2RmZuobWc%3D,https://www.fidal.it/societa/ATLETICA-MONZA/MI710
9.1,9.10,e,TABARRETTI Alberto,2007,JM,ATL. AVIS MACERATA,4 ba- 2,Ancona,2025-01-06,https://www.fidal.it/atleta/TABARRETTI-Alberto/e6uRkpWjcGM%3D,https://www.fidal.it/societa/ATL--AVIS-MACERATA/MC004
9.1,9.10,e,SALVADORI Cosimo,2007,JM,PISTOIATLETICA 1983,6 ba- 2,Padova,2025-01-25,https://www.fidal.it/atleta/SALVADORI-Cosimo/fbGRkpSoaGw%3D,https://www.fidal.it/societa/PISTOIATLETICA-1983/PT115
9.11,9.11,e,BUTTA Giordano,2007,JM,CUS INSUBRIA VARESE COMO,2 ba- 1,Bergamo,2025-01-12,https://www.fidal.it/atleta/BUTTA-Giordano/dquRk5mlcGo%3D,https://www.fidal.it/societa/CUS-INSUBRIA-VARESE-COMO/VA123
9.12,9.12,e,MERLO Mattia,2006,JM,SISPORT SSD,3 fi- 1,Aosta,2025-01-26,https://www.fidal.it/atleta/MERLO-Mattia/dK6Rl5SfamM%3D,https://www.fidal.it/societa/SISPORT-SSD/TO002
9.13,9.13,e,CRISTOFARO Federico,2007,JM,ATL. O.S.A. SARONNO LIB.,2 fi- 1,Parma,2025-01-18,https://www.fidal.it/atleta/CRISTOFARO-Federico/drKRk5Sia2w%3D,https://www.fidal.it/societa/ATL--O-S-A--SARONNO-LIB-/VA119
9.13,9.13,e,LOTTICI Ludovico,2006,JM,ATL. BUZZETTI,3 ba- 1,Casalmaggiore,2025-01-19,https://www.fidal.it/atleta/LOTTICI-Ludovico/eq6RkpmibGo%3D,https://www.fidal.it/societa/ATL--BUZZETTI/PR439
9.13,9.13,e,COLOMBO Filippo,2007,JM,ATL. LECCO-COLOMBO COSTRUZ.,4 se- 2,Ancona,2025-01-26,https://www.fidal.it/atleta/COLOMBO-Filippo/dquRk5Ojbmc%3D,https://www.fidal.it/societa/ATL--LECCO-COLOMBO-COSTRUZ-/CO208
9.14,9.14,e,ZUCCOLOTTO Simone,2007,JM,VARESE ATLETICA A.S.D.,4 ba- 1,Bergamo,2025-01-05,https://www.fidal.it/atleta/ZUCCOLOTTO-Simone/drKRk5SkaGg%3D,https://www.fidal.it/societa/VARESE-ATLETICA-A-S-D-/VA918
9.14,9.14,e,BAGNARA Emil,2007,JM,COLLECTION ATLETICA SAMBENEDET,3 ba- 1,Ancona,2025-01-06,https://www.fidal.it/atleta/BAGNARA-Emil/e6qRkpSkaWc%3D,https://www.fidal.it/societa/COLLECTION-ATLETICA-SAMBENEDET/AP034
9.14,9.14,e,BUTTA Giordano,2007,JM,CUS INSUBRIA VARESE COMO,2 ba- 1,Bergamo,2025-01-19,https://www.fidal.it/atleta/BUTTA-Giordano/dquRk5mlcGo%3D,https://www.fidal.it/societa/CUS-INSUBRIA-VARESE-COMO/VA123
9.14,9.14,e,MAGGIONI Matteo,2006,JM,ATL. LECCO-COLOMBO COSTRUZ.,6 ba- 3,Bergamo,2025-01-19,https://www.fidal.it/atleta/MAGGIONI-Matteo/dquRk5ahamM%3D,https://www.fidal.it/societa/ATL--LECCO-COLOMBO-COSTRUZ-/CO208
9.14,9.14,e,BAGGIO Francesco,2007,JM,GRUPPO ATLETICO BASSANO 1948,2 fi- 3,Padova,2025-01-25,https://www.fidal.it/atleta/BAGGIO-Francesco/eK6Rk5WlaGc%3D,https://www.fidal.it/societa/GRUPPO-ATLETICO-BASSANO-1948/VI614
9.15,9.15,e,PERNA Giuseppe,2007,JM,A.S.D. ATL. AGROPOLI,3 su- 1,Napoli,2025-01-18,https://www.fidal.it/atleta/PERNA-Giuseppe/gK2RkpigbmM%3D,https://www.fidal.it/societa/A-S-D--ATL--AGROPOLI/SA128
9.16,9.16,e,ZUCCOLOTTO Simone,2007,JM,VARESE ATLETICA A.S.D.,5 ba- 2,Bergamo,2025-01-19,https://www.fidal.it/atleta/ZUCCOLOTTO-Simone/drKRk5SkaGg%3D,https://www.fidal.it/societa/VARESE-ATLETICA-A-S-D-/VA918
9.16,9.16,e,GABBRICCI Gabriele,2006,JM,CENTRO ATLETICA PIOMBINO,1 se- 2,Firenze,2025-01-25,https://www.fidal.it/atleta/GABBRICCI-Gabriele/fayRkpigaGQ%3D,https://www.fidal.it/societa/CENTRO-ATLETICA-PIOMBINO/LI038
9.17,9.17,e,COCORULLO Pietro,2006,JM,ACQUIRUNNERS,2 ba- 1,Parma,2025-01-18,https://www.fidal.it/atleta/COCORULLO-Pietro/dKmRlJKob2w%3D,https://www.fidal.it/societa/ACQUIRUNNERS/AL028
9.17,9.17,e,BAGGIO Francesco,2007,JM,GRUPPO ATLETICO BASSANO 1948,3 ba- 3,Padova,2025-01-25,https://www.fidal.it/atleta/BAGGIO-Francesco/eK6Rk5WlaGc%3D,https://www.fidal.it/societa/GRUPPO-ATLETICO-BASSANO-1948/VI614
9.17,9.17,e,MOZZONI Riccardo,2007,JM,ATL. AVIS MACERATA,4 fi- 1,Ancona,2025-01-25,https://www.fidal.it/atleta/MOZZONI-Riccardo/e6uRkpWgbmM%3D,https://www.fidal.it/societa/ATL--AVIS-MACERATA/MC004
9.19,9.19,e,COLOMBO Filippo,2007,JM,ATL. LECCO-COLOMBO COSTRUZ.,3 ba- 1,Bergamo,2025-01-12,https://www.fidal.it/atleta/COLOMBO-Filippo/dquRk5Ojbmc%3D,https://www.fidal.it/societa/ATL--LECCO-COLOMBO-COSTRUZ-/CO208
9.19,9.19,e,MIONI Federico,2007,JM,ATL.VICENTINA,1 se- 3,Padova,2025-02-02,https://www.fidal.it/atleta/MIONI-Federico/eK6Rk5Snb2g%3D,https://www.fidal.it/societa/ATL-VICENTINA/VI626
9.19,9.19,e,TREVISAN Gabriele,2006,JM,ATL. GALLARATESE,5 se- 2,Padova,2025-02-02,https://www.fidal.it/atleta/TREVISAN-Gabriele/drKRk5uocGw%3D,https://www.fidal.it/societa/ATL--GALLARATESE/VA731
9.2,9.20,e,D'AMBROSIO Pierluigi,2007,JM,U.S. FOGGIA ATL. LEGGERA,4 ba- 1,Ancona,2025-01-06,https://www.fidal.it/atleta/D-AMBROSIO-Pierluigi/hKuRkpSoaGo%3D,https://www.fidal.it/societa/U-S--FOGGIA-ATL--LEGGERA/FG202
9.2,9.20,e,PIVA Edoardo,2006,JM,ATLETICA BOVOLONE,6 se- 2,Padova,2025-02-02,https://www.fidal.it/atleta/PIVA-Edoardo/eKAAARk5ilbmY%3D,https://www.fidal.it/societa/ATLETICA-BOVOLONE/VR775
9.21,9.21,e,BORCHI Enea,2007,JM,ATLETICA FIRENZE MARATHON S.S.,5 fi- 1,Firenze,2025-01-25,https://www.fidal.it/atleta/BORCHI-Enea/faqRkpmlbGs%3D,https://www.fidal.it/societa/ATLETICA-FIRENZE-MARATHON-S-S-/FI002
9.21,9.21,e,DRAGOMIR Alexandru gabriele,2006,JM,ATL.STUD. RIETI ANDREA MILARDI,4 su- 1,Rieti,2025-01-26,https://www.fidal.it/atleta/DRAGOMIR-Alexandru-gabriele/f6yRl5KnaGk%3D,https://www.fidal.it/societa/ATL-STUD--RIETI-ANDREA-MILARDI/RI223
9.22,9.22,e,MERLO Mattia,2006,JM,SISPORT SSD,3 ba- 1,Fossano,2025-01-12,https://www.fidal.it/atleta/MERLO-Mattia/dK6Rl5SfamM%3D,https://www.fidal.it/societa/SISPORT-SSD/TO002
9.24,9.24,e,BUTTA Giordano,2007,JM,CUS INSUBRIA VARESE COMO,2 ba- 1,Bergamo,2025-01-26,https://www.fidal.it/atleta/BUTTA-Giordano/dquRk5mlcGo%3D,https://www.fidal.it/societa/CUS-INSUBRIA-VARESE-COMO/VA123
9.25,9.25,e,TABARRETTI Alberto,2007,JM,ATL. AVIS MACERATA,5 fi- 1,Ancona,2025-01-11,https://www.fidal.it/atleta/TABARRETTI-Alberto/e6uRkpWjcGM%3D,https://www.fidal.it/societa/ATL--AVIS-MACERATA/MC004
9.25,9.25,e,FONTANA Salvatore,2006,JM,A.S.D. ATL. AGROPOLI,5 se- 2,Ancona,2025-01-26,https://www.fidal.it/atleta/FONTANA-Salvatore/gK2RkpigcGQ%3D,https://www.fidal.it/societa/A-S-D--ATL--AGROPOLI/SA128
9.25,9.25,e,PERNA Giuseppe,2007,JM,A.S.D. ATL. AGROPOLI,4 su- 1,Napoli,2025-02-01,https://www.fidal.it/atleta/PERNA-Giuseppe/gK2RkpigbmM%3D,https://www.fidal.it/societa/A-S-D--ATL--AGROPOLI/SA128
9.26,9.26,e,BORCHI Enea,2007,JM,ATLETICA FIRENZE MARATHON S.S.,4 ba- 1,Firenze,2025-01-11,https://www.fidal.it/atleta/BORCHI-Enea/faqRkpmlbGs%3D,https://www.fidal.it/societa/ATLETICA-FIRENZE-MARATHON-S-S-/FI002
9.28,9.28,e,COLOMBO Filippo,2007,JM,ATL. LECCO-COLOMBO COSTRUZ.,2 fi- 2,Bergamo,2025-01-12,https://www.fidal.it/atleta/COLOMBO-Filippo/dquRk5Ojbmc%3D,https://www.fidal.it/societa/ATL--LECCO-COLOMBO-COSTRUZ-/CO208
9.28,9.28,e,COLOMBO Filippo,2007,JM,ATL. LECCO-COLOMBO COSTRUZ.,3 ba- 1,Bergamo,2025-01-19,https://www.fidal.it/atleta/COLOMBO-Filippo/dquRk5Ojbmc%3D,https://www.fidal.it/societa/ATL--LECCO-COLOMBO-COSTRUZ-/CO208
9.28,9.28,e,BOLOGNESI Paolo,2006,JM,EDERA ATL. FORLI,5 fi- 1,Ancona,2025-01-25,https://www.fidal.it/atleta/BOLOGNESI-Paolo/equRkpOjcGM%3D,https://www.fidal.it/societa/EDERA-ATL--FORLI/FC038
9.29,9.29,e,MOZZONI Riccardo,2007,JM,ATL. AVIS MACERATA,6 fi- 1,Ancona,2025-01-11,https://www.fidal.it/atleta/MOZZONI-Riccardo/e6uRkpWgbmM%3D,https://www.fidal.it/societa/ATL--AVIS-MACERATA/MC004
9.31,9.31,e,PALLADINO Federico,2007,JM,ATL. MONDOVI'-ACQUA S.BERNARDO,4 ba- 1,Fossano,2025-01-12,https://www.fidal.it/atleta/PALLADINO-Federico/dKyRlZOjcWo%3D,https://www.fidal.it/societa/ATL--MONDOVI-ACQUA-S-BERNARDO/CN005
9.31,9.31,e,ALINOVI Emanuele,2006,JM,C.U.S. PARMA,3 ba- 1,Parma,2025-01-18,https://www.fidal.it/atleta/ALINOVI-Emanuele/eq6RkpqnbGc%3D,https://www.fidal.it/societa/C-U-S--PARMA/PR068
9.31,9.31,e,BORCHI Enea,2007,JM,ATLETICA FIRENZE MARATHON S.S.,2 ba- 2,Firenze,2025-01-25,https://www.fidal.it/atleta/BORCHI-Enea/faqRkpmlbGs%3D,https://www.fidal.it/societa/ATLETICA-FIRENZE-MARATHON-S-S-/FI002
9.32,9.32,e,TABARRETTI Alberto,2007,JM,ATL. AVIS MACERATA,6 ba- 1,Ancona,2025-01-11,https://www.fidal.it/atleta/TABARRETTI-Alberto/e6uRkpWjcGM%3D,https://www.fidal.it/societa/ATL--AVIS-MACERATA/MC004
9.32,9.32,e,PALLADINO Federico,2007,JM,ATL. MONDOVI'-ACQUA S.BERNARDO,7 se- 2,Padova,2025-02-02,https://www.fidal.it/atleta/PALLADINO-Federico/dKyRlZOjcWo%3D,https://www.fidal.it/societa/ATL--MONDOVI-ACQUA-S-BERNARDO/CN005
9.33,9.33,e,D'INCA' LEVIS Matteo,2007,JM,ATHLETIC CLUB FIREX BELLUNO,3 fi- 3,Padova,2025-01-25,https://www.fidal.it/atleta/D-INCA-LEVIS-Matteo/eKmRlJamcGc%3D,https://www.fidal.it/societa/ATHLETIC-CLUB-FIREX-BELLUNO/BL009
9.33,9.33,e,TREVISAN Gabriele,2006,JM,ATL. GALLARATESE,3 ba- 1,Bergamo,2025-01-26,https://www.fidal.it/atleta/TREVISAN-Gabriele/drKRk5uocGw%3D,https://www.fidal.it/societa/ATL--GALLARATESE/VA731
9.34,9.34,e,TABARRETTI Alberto,2007,JM,ATL. AVIS MACERATA,6 fi- 1,Ancona,2025-01-25,https://www.fidal.it/atleta/TABARRETTI-Alberto/e6uRkpWjcGM%3D,https://www.fidal.it/societa/ATL--AVIS-MACERATA/MC004
9.34,9.34,e,BUTTA Giordano,2007,JM,CUS INSUBRIA VARESE COMO,5 fi- 1,Bergamo,2025-01-26,https://www.fidal.it/atleta/BUTTA-Giordano/dquRk5mlcGo%3D,https://www.fidal.it/societa/CUS-INSUBRIA-VARESE-COMO/VA123
9.35,9.35,e,SOLONI Giulio,2007,JM,C.B.A. CINISELLO BALSAMO ATL.,4 ba- 1,Bergamo,2025-01-26,https://www.fidal.it/atleta/SOLONI-Giulio/dq2Rl5KiaWU%3D,https://www.fidal.it/societa/C-B-A--CINISELLO-BALSAMO-ATL-/MI307
9.37,9.37,e,PIVA Edoardo,2006,JM,ATLETICA BOVOLONE,5 fi- 2,Padova,2025-01-12,https://www.fidal.it/atleta/PIVA-Edoardo/eKAAARk5ilbmY%3D,https://www.fidal.it/societa/ATLETICA-BOVOLONE/VR775
9.37,9.37,e,ALINOVI Emanuele,2006,JM,C.U.S. PARMA,3 fi- 1,Parma,2025-01-18,https://www.fidal.it/atleta/ALINOVI-Emanuele/eq6RkpqnbGc%3D,https://www.fidal.it/societa/C-U-S--PARMA/PR068
9.38,9.38,e,TREVISAN Gabriele,2006,JM,ATL. GALLARATESE,3 fi- 2,Bergamo,2025-01-05,https://www.fidal.it/atleta/TREVISAN-Gabriele/drKRk5uocGw%3D,https://www.fidal.it/societa/ATL--GALLARATESE/VA731
9.38,9.38,e,TABARRETTI Alberto,2007,JM,ATL. AVIS MACERATA,2 ba- 2,Ancona,2025-01-25,https://www.fidal.it/atleta/TABARRETTI-Alberto/e6uRkpWjcGM%3D,https://www.fidal.it/societa/ATL--AVIS-MACERATA/MC004
9.39,9.39,e,MARTINET Nathan,2007,JM,ATLETICA SANDRO CALVESI,2 fi- 1,Aosta,2025-01-12,https://www.fidal.it/atleta/MARTINET-Nathan/dKqRkpSobWU%3D,https://www.fidal.it/societa/ATLETICA-SANDRO-CALVESI/AO004
9.39,9.39,e,MARGARINI Andrea,2007,JM,G.S. ERMENEGILDO ZEGNA,1 fi- 1,Bergamo,2025-02-02,https://www.fidal.it/atleta/MARGARINI-Andrea/dKAAARlJOlaGQ%3D,https://www.fidal.it/societa/G-S--ERMENEGILDO-ZEGNA/VC020
9.41,9.41,e,SHANI Daniele,2007,JM,G.S.SELF ATL. MONTANARI GRUZZA,1 se- 1,Ancona,2025-01-26,https://www.fidal.it/atleta/SHANI-Daniele/erORkpWncWg%3D,https://www.fidal.it/societa/G-S-SELF-ATL--MONTANARI-GRUZZA/RE105
9.43,9.43,e,PIVA Edoardo,2006,JM,ATLETICA BOVOLONE,5 ba- 2,Padova,2025-01-12,https://www.fidal.it/atleta/PIVA-Edoardo/eKAAARk5ilbmY%3D,https://www.fidal.it/societa/ATLETICA-BOVOLONE/VR775
9.43,9.43,e,RAIOLA Raffaele,2006,JM,A.S.D. ATL. AGROPOLI,6 se- 2,Ancona,2025-01-26,https://www.fidal.it/atleta/RAIOLA-Raffaele/gK2RkpigcGM%3D,https://www.fidal.it/societa/A-S-D--ATL--AGROPOLI/SA128
9.43,9.43,e,GRAIFF Mattia,2006,JM,C.S.S. LEONARDO DA VINCI,2 se- 3,Padova,2025-02-02,https://www.fidal.it/atleta/GRAIFF-Mattia/iaiRk5iiams%3D,https://www.fidal.it/societa/C-S-S--LEONARDO-DA-VINCI/BZ071
9.44,9.44,e,BUTTA Giordano,2007,JM,CUS INSUBRIA VARESE COMO,3 fi- 2,Bergamo,2025-01-12,https://www.fidal.it/atleta/BUTTA-Giordano/dquRk5mlcGo%3D,https://www.fidal.it/societa/CUS-INSUBRIA-VARESE-COMO/VA123
9.45,9.45,e,SALVADORI Cosimo,2007,JM,PISTOIATLETICA 1983,4 ba- 1,Modena,2025-02-08,https://www.fidal.it/atleta/SALVADORI-Cosimo/fbGRkpSoaGw%3D,https://www.fidal.it/societa/PISTOIATLETICA-1983/PT115
9.47,9.47,e,MARTINET Nathan,2007,JM,ATLETICA SANDRO CALVESI,2 ba- 1,Aosta,2025-01-12,https://www.fidal.it/atleta/MARTINET-Nathan/dKqRkpSobWU%3D,https://www.fidal.it/societa/ATLETICA-SANDRO-CALVESI/AO004
9.48,9.48,e,BERETTA Davide,2006,JM,TEAM-A LOMBARDIA,2 ba- 2,Bergamo,2025-01-12,https://www.fidal.it/atleta/BERETTA-Davide/dq2RmJikaGk%3D,https://www.fidal.it/societa/TEAM-A-LOMBARDIA/MI774
9.49,9.49,e,BASEI Mattia,2007,JM,ATL-ETICA SAN VENDEMIANO,3 se- 3,Padova,2025-02-02,https://www.fidal.it/atleta/BASEI-Mattia/eKyRlJifbGQ%3D,https://www.fidal.it/societa/ATL-ETICA-SAN-VENDEMIANO/TV406
9.51,9.51,e,TOSO Mattia,2007,JM,ATLETICA P.A.R. CANEGRATE,4 ba- 1,Parma,2025-01-18,https://www.fidal.it/atleta/TOSO-Mattia/dq2RmZOmbmY%3D,https://www.fidal.it/societa/ATLETICA-P-A-R--CANEGRATE/MI161
9.51,9.51,e,D'INCA' LEVIS Matteo,2007,JM,ATHLETIC CLUB FIREX BELLUNO,4 ba- 3,Padova,2025-01-25,https://www.fidal.it/atleta/D-INCA-LEVIS-Matteo/eKmRlJamcGc%3D,https://www.fidal.it/societa/ATHLETIC-CLUB-FIREX-BELLUNO/BL009
9.52,9.52,e,MIONI Federico,2007,JM,ATL.VICENTINA,2 ba- 2,Parma,2025-01-18,https://www.fidal.it/atleta/MIONI-Federico/eK6Rk5Snb2g%3D,https://www.fidal.it/societa/ATL-VICENTINA/VI626
9.52,9.52,e,CARATTONI Elia,2007,JM,OLIMPUS SAN MARINO ATLETICA,3 ba- 2,Ancona,2025-01-25,https://www.fidal.it/atleta/CARATTONI-Elia/iqiRkpKmbWM%3D,https://www.fidal.it/societa/OLIMPUS-SAN-MARINO-ATLETICA/SM278
9.54,9.54,e,MOSCATELLI Teodoro,2007,JM,ATL.STUD. RIETI ANDREA MILARDI,4 ba- 1,Rieti,2025-01-19,https://www.fidal.it/atleta/MOSCATELLI-Teodoro/f6yRlZqjcGM%3D,https://www.fidal.it/societa/ATL-STUD--RIETI-ANDREA-MILARDI/RI223
9.56,9.56,e,LANTERI Marco,2006,JM,ATLETICA COGNE AOSTA,3 fi- 1,Aosta,2025-01-12,https://www.fidal.it/atleta/LANTERI-Marco/dKqRkpOoamw%3D,https://www.fidal.it/societa/ATLETICA-COGNE-AOSTA/AO001
9.56,9.56,e,DE MARCO Adriano,2007,JM,ATLETICA 2000,2 fi- 1,Udine,2025-01-25,https://www.fidal.it/atleta/DE-MARCO-Adriano/eayRk5mocWk%3D,https://www.fidal.it/societa/ATLETICA-2000/UD110
9.58,9.58,e,ANDREASI Mattia,2007,JM,C.S.S. LEONARDO DA VINCI,1 se- 4,Padova,2025-02-02,https://www.fidal.it/atleta/ANDREASI-Mattia/iaiRk5mkcWU%3D,https://www.fidal.it/societa/C-S-S--LEONARDO-DA-VINCI/BZ071
9.59,9.59,e,TAGLIAFERRI Stefano,2006,JM,ATL. LECCO-COLOMBO COSTRUZ.,2 se- 1,Ancona,2025-01-26,https://www.fidal.it/atleta/TAGLIAFERRI-Stefano/dquRk5inbms%3D,https://www.fidal.it/societa/ATL--LECCO-COLOMBO-COSTRUZ-/CO208
9.59,9.59,e,CODENA Niccolo',2006,JM,ATL. GALLARATESE,5 ba- 1,Bergamo,2025-01-26,https://www.fidal.it/atleta/CODENA-Niccolo-/drKRk5SicWY%3D,https://www.fidal.it/societa/ATL--GALLARATESE/VA731
9.6,9.60,e,BUZZETTI Mattia,2007,JM,CUS PRO PATRIA MILANO,2 fi- 2,Bergamo,2025-01-26,https://www.fidal.it/atleta/BUZZETTI-Mattia/dq2RmpOhcWo%3D,https://www.fidal.it/societa/CUS-PRO-PATRIA-MILANO/MI077
9.61,9.61,e,TREVISAN Gabriele,2006,JM,ATL. GALLARATESE,3 ba- 2,Bergamo,2025-01-05,https://www.fidal.it/atleta/TREVISAN-Gabriele/drKRk5uocGw%3D,https://www.fidal.it/societa/ATL--GALLARATESE/VA731
9.62,9.62,e,RAIOLA Raffaele,2006,JM,A.S.D. ATL. AGROPOLI,4 su- 1,Napoli,2025-01-18,https://www.fidal.it/atleta/RAIOLA-Raffaele/gK2RkpigcGM%3D,https://www.fidal.it/societa/A-S-D--ATL--AGROPOLI/SA128
9.63,9.63,e,DOZIO Niccolo,2006,JM,ATL. LECCO-COLOMBO COSTRUZ.,7 se- 2,Ancona,2025-01-26,https://www.fidal.it/atleta/DOZIO-Niccolo/dquRk5Ojbms%3D,https://www.fidal.it/societa/ATL--LECCO-COLOMBO-COSTRUZ-/CO208
9.64,9.64,e,PACINI Pietro giulio,2007,JM,ASD ATLETICA  PRATO,2 se- 2,Firenze,2025-01-25,https://www.fidal.it/atleta/PACINI-Pietro-giulio/fbORkpKlb2g%3D,https://www.fidal.it/societa/ASD-ATLETICA-PRATO/PO149
9.65,9.65,e,MOSCATELLI Teodoro,2007,JM,ATL.STUD. RIETI ANDREA MILARDI,4 ba- 2,Ancona,2025-01-25,https://www.fidal.it/atleta/MOSCATELLI-Teodoro/f6yRlZqjcGM%3D,https://www.fidal.it/societa/ATL-STUD--RIETI-ANDREA-MILARDI/RI223
9.66,9.66,e,MARTINET Nathan,2007,JM,ATLETICA SANDRO CALVESI,3 fi- 1,Aosta,2025-01-05,https://www.fidal.it/atleta/MARTINET-Nathan/dKqRkpSobWU%3D,https://www.fidal.it/societa/ATLETICA-SANDRO-CALVESI/AO004
9.66,9.66,e,BASEI Mattia,2007,JM,ATL-ETICA SAN VENDEMIANO,5 ba- 3,Padova,2025-01-25,https://www.fidal.it/atleta/BASEI-Mattia/eKyRlJifbGQ%3D,https://www.fidal.it/societa/ATL-ETICA-SAN-VENDEMIANO/TV406
9.66,9.66,e,CODENA Niccolo',2006,JM,ATL. GALLARATESE,3 fi- 2,Bergamo,2025-01-26,https://www.fidal.it/atleta/CODENA-Niccolo-/drKRk5SicWY%3D,https://www.fidal.it/societa/ATL--GALLARATESE/VA731
9.67,9.67,e,ALLEGRINI Nicola,2006,JM,SSD NISSOLINO SPORT SRL ASU,5 ba- 2,Ancona,2025-01-25,https://www.fidal.it/atleta/ALLEGRINI-Nicola/f6yRlpqhaWY%3D,https://www.fidal.it/societa/SSD-NISSOLINO-SPORT-SRL-ASU/RM363
9.68,9.68,e,VERNACE Luca pietro,2006,JM,ATLETICA MONZA,6 fi- 1,Bergamo,2025-01-26,https://www.fidal.it/atleta/VERNACE-Luca-pietro/dq2RmZuobWc%3D,https://www.fidal.it/societa/ATLETICA-MONZA/MI710
9.68,9.68,e,TOSO Mattia,2007,JM,ATLETICA P.A.R. CANEGRATE,4 se- 3,Padova,2025-02-02,https://www.fidal.it/atleta/TOSO-Mattia/dq2RmZOmbmY%3D,https://www.fidal.it/societa/ATLETICA-P-A-R--CANEGRATE/MI161
9.69,9.69,e,SANTONI Marco,2007,JM,C.S.S. LEONARDO DA VINCI,2 se- 4,Padova,2025-02-02,https://www.fidal.it/atleta/SANTONI-Marco/iaiRk5mkaWw%3D,https://www.fidal.it/societa/C-S-S--LEONARDO-DA-VINCI/BZ071
9.71,9.71,e,MOZZONI Riccardo,2007,JM,ATL. AVIS MACERATA,5 ba- 1,Ancona,2025-01-06,https://www.fidal.it/atleta/MOZZONI-Riccardo/e6uRkpWgbmM%3D,https://www.fidal.it/societa/ATL--AVIS-MACERATA/MC004
9.73,9.73,e,MARGARINI Andrea,2007,JM,G.S. ERMENEGILDO ZEGNA,1 ba- 1,Bergamo,2025-02-02,https://www.fidal.it/atleta/MARGARINI-Andrea/dKAAARlJOlaGQ%3D,https://www.fidal.it/societa/G-S--ERMENEGILDO-ZEGNA/VC020
9.75,9.75,e,MIONI Federico,2007,JM,ATL.VICENTINA,4 fi- 1,Parma,2025-01-18,https://www.fidal.it/atleta/MIONI-Federico/eK6Rk5Snb2g%3D,https://www.fidal.it/societa/ATL-VICENTINA/VI626
9.76,9.76,e,FARINA Jonathan,2006,JM,SSD NISSOLINO SPORT SRL ASU,3 se- 1,Ancona,2025-01-26,https://www.fidal.it/atleta/FARINA-Jonathan/f6yRlZalaGo%3D,https://www.fidal.it/societa/SSD-NISSOLINO-SPORT-SRL-ASU/RM363
9.77,9.77,e,BERETTA Davide,2006,JM,TEAM-A LOMBARDIA,4 fi- 2,Bergamo,2025-01-12,https://www.fidal.it/atleta/BERETTA-Davide/dq2RmJikaGk%3D,https://www.fidal.it/societa/TEAM-A-LOMBARDIA/MI774
9.77,9.77,e,DOZIO Niccolo,2006,JM,ATL. LECCO-COLOMBO COSTRUZ.,5 se- 3,Padova,2025-02-02,https://www.fidal.it/atleta/DOZIO-Niccolo/dquRk5Ojbms%3D,https://www.fidal.it/societa/ATL--LECCO-COLOMBO-COSTRUZ-/CO208
9.8,9.80,e,MIONI Federico,2007,JM,ATL.VICENTINA,6 fi- 2,Padova,2025-01-12,https://www.fidal.it/atleta/MIONI-Federico/eK6Rk5Snb2g%3D,https://www.fidal.it/societa/ATL-VICENTINA/VI626
9.8,9.80,e,LANTERI Marco,2006,JM,ATLETICA COGNE AOSTA,4 fi- 1,Aosta,2025-01-26,https://www.fidal.it/atleta/LANTERI-Marco/dKqRkpOoamw%3D,https://www.fidal.it/societa/ATLETICA-COGNE-AOSTA/AO001
9.8,9.80,e,MELLONI Mattia,2006,JM,ATL. LECCO-COLOMBO COSTRUZ.,6 se- 3,Padova,2025-02-02,https://www.fidal.it/atleta/MELLONI-Mattia/dquRk5ahamQ%3D,https://www.fidal.it/societa/ATL--LECCO-COLOMBO-COSTRUZ-/CO208
9.81,9.81,e,DE MARCO Adriano,2007,JM,ATLETICA 2000,2 ba- 1,Udine,2025-01-25,https://www.fidal.it/atleta/DE-MARCO-Adriano/eayRk5mocWk%3D,https://www.fidal.it/societa/ATLETICA-2000/UD110
9.82,9.82,e,TAGLIAFERRI Stefano,2006,JM,ATL. LECCO-COLOMBO COSTRUZ.,4 fi- 2,Bergamo,2025-01-05,https://www.fidal.it/atleta/TAGLIAFERRI-Stefano/dquRk5inbms%3D,https://www.fidal.it/societa/ATL--LECCO-COLOMBO-COSTRUZ-/CO208
9.82,9.82,e,LANTERI Marco,2006,JM,ATLETICA COGNE AOSTA,3 ba- 1,Aosta,2025-01-12,https://www.fidal.it/atleta/LANTERI-Marco/dKqRkpOoamw%3D,https://www.fidal.it/societa/ATLETICA-COGNE-AOSTA/AO001
9.82,9.82,e,CARATTONI Elia,2007,JM,OLIMPUS SAN MARINO ATLETICA,7 fi- 1,Ancona,2025-01-25,https://www.fidal.it/atleta/CARATTONI-Elia/iqiRkpKmbWM%3D,https://www.fidal.it/societa/OLIMPUS-SAN-MARINO-ATLETICA/SM278
9.85,9.85,e,DE MARCO Adriano,2007,JM,ATLETICA 2000,7 ba- 1,Udine,2025-01-18,https://www.fidal.it/atleta/DE-MARCO-Adriano/eayRk5mocWk%3D,https://www.fidal.it/societa/ATLETICA-2000/UD110
9.85,9.85,e,DE MARCO Adriano,2007,JM,ATLETICA 2000,7 fi- 1,Udine,2025-01-18,https://www.fidal.it/atleta/DE-MARCO-Adriano/eayRk5mocWk%3D,https://www.fidal.it/societa/ATLETICA-2000/UD110
9.85,9.85,e,BUZZETTI Mattia,2007,JM,CUS PRO PATRIA MILANO,6 ba- 1,Bergamo,2025-01-26,https://www.fidal.it/atleta/BUZZETTI-Mattia/dq2RmpOhcWo%3D,https://www.fidal.it/societa/CUS-PRO-PATRIA-MILANO/MI077
9.86,9.86,e,PACINI Pietro giulio,2007,JM,ASD ATLETICA  PRATO,5 ba- 2,Firenze,2025-01-11,https://www.fidal.it/atleta/PACINI-Pietro-giulio/fbORkpKlb2g%3D,https://www.fidal.it/societa/ASD-ATLETICA-PRATO/PO149
9.86,9.86,e,MIONI Federico,2007,JM,ATL.VICENTINA,6 ba- 2,Padova,2025-01-12,https://www.fidal.it/atleta/MIONI-Federico/eK6Rk5Snb2g%3D,https://www.fidal.it/societa/ATL-VICENTINA/VI626
9.86,9.86,e,DENARO Markel,2006,JM,C.U.S. VERONA SEZ. ATLETICA,4 fi- 1,Padova,2025-02-08,https://www.fidal.it/atleta/DENARO-Markel/eKAAARlJOkcGk%3D,https://www.fidal.it/societa/C-U-S--VERONA-SEZ--ATLETICA/VR825
9.87,9.87,e,MARTINET Nathan,2007,JM,ATLETICA SANDRO CALVESI,3 ba- 1,Aosta,2025-01-05,https://www.fidal.it/atleta/MARTINET-Nathan/dKqRkpSobWU%3D,https://www.fidal.it/societa/ATLETICA-SANDRO-CALVESI/AO004
9.87,9.87,e,MELLONI Mattia,2006,JM,ATL. LECCO-COLOMBO COSTRUZ.,4 se- 1,Ancona,2025-01-26,https://www.fidal.it/atleta/MELLONI-Mattia/dquRk5ahamQ%3D,https://www.fidal.it/societa/ATL--LECCO-COLOMBO-COSTRUZ-/CO208
9.89,9.89,e,COCORULLO Pietro,2006,JM,ACQUIRUNNERS,5 se- 1,Firenze,2025-01-26,https://www.fidal.it/atleta/COCORULLO-Pietro/dKmRlJKob2w%3D,https://www.fidal.it/societa/ACQUIRUNNERS/AL028
9.89,9.89,e,TAGLIAFERRI Stefano,2006,JM,ATL. LECCO-COLOMBO COSTRUZ.,8 se- 3,Padova,2025-02-02,https://www.fidal.it/atleta/TAGLIAFERRI-Stefano/dquRk5inbms%3D,https://www.fidal.it/societa/ATL--LECCO-COLOMBO-COSTRUZ-/CO208
9.94,9.94,e,LANTERI Marco,2006,JM,ATLETICA COGNE AOSTA,4 ba- 1,Aosta,2025-01-26,https://www.fidal.it/atleta/LANTERI-Marco/dKqRkpOoamw%3D,https://www.fidal.it/societa/ATLETICA-COGNE-AOSTA/AO001
9.96,9.96,e,PANZERI Tommaso,2006,JM,G.S. VIRTUS CALCO,5 se- 1,Ancona,2025-01-26,https://www.fidal.it/atleta/PANZERI-Tommaso/dquRk5moaGk%3D,https://www.fidal.it/societa/G-S--VIRTUS-CALCO/CO294
9.97,9.97,e,DOZIO Niccolo,2006,JM,ATL. LECCO-COLOMBO COSTRUZ.,3 ba- 2,Bergamo,2025-01-12,https://www.fidal.it/atleta/DOZIO-Niccolo/dquRk5Ojbms%3D,https://www.fidal.it/societa/ATL--LECCO-COLOMBO-COSTRUZ-/CO208
9.98,9.98,e,CASELLA Nicolo' alberto,2006,JM,SAFATLETICA PIEMONTE ASD,4 ba- 1,Fossano,2025-01-25,https://www.fidal.it/atleta/CASELLA-Nicolo-alberto/dK6RlpuhaWc%3D,https://www.fidal.it/societa/SAFATLETICA-PIEMONTE-ASD/TO226
10.02,10.02,e,PANZERI Tommaso,2006,JM,G.S. VIRTUS CALCO,5 fi- 2,Bergamo,2025-01-05,https://www.fidal.it/atleta/PANZERI-Tommaso/dquRk5moaGk%3D,https://www.fidal.it/societa/G-S--VIRTUS-CALCO/CO294
10.02,10.02,e,LAGO Andrea,2006,JM,ATL.VICENTINA,4 fi- 3,Padova,2025-01-25,https://www.fidal.it/atleta/LAGO-Andrea/eK6Rk5ugcGg%3D,https://www.fidal.it/societa/ATL-VICENTINA/VI626
10.03,10.03,e,PANZERI Tommaso,2006,JM,G.S. VIRTUS CALCO,4 ba- 2,Bergamo,2025-01-05,https://www.fidal.it/atleta/PANZERI-Tommaso/dquRk5moaGk%3D,https://www.fidal.it/societa/G-S--VIRTUS-CALCO/CO294
10.03,10.03,e,TAGLIAFERRI Stefano,2006,JM,ATL. LECCO-COLOMBO COSTRUZ.,5 ba- 1,Bergamo,2025-01-05,https://www.fidal.it/atleta/TAGLIAFERRI-Stefano/dquRk5inbms%3D,https://www.fidal.it/societa/ATL--LECCO-COLOMBO-COSTRUZ-/CO208
10.07,10.07,e,REPPELE Tommaso,2006,JM,C.U.S. VERONA SEZ. ATLETICA,3 se- 4,Padova,2025-02-02,https://www.fidal.it/atleta/REPPELE-Tommaso/eKAAARk5ajaGU%3D,https://www.fidal.it/societa/C-U-S--VERONA-SEZ--ATLETICA/VR825
10.12,10.12,e,MELLONI Mattia,2006,JM,ATL. LECCO-COLOMBO COSTRUZ.,5 fi- 2,Bergamo,2025-01-12,https://www.fidal.it/atleta/MELLONI-Mattia/dquRk5ahamQ%3D,https://www.fidal.it/societa/ATL--LECCO-COLOMBO-COSTRUZ-/CO208
10.13,10.13,e,MELLONI Mattia,2006,JM,ATL. LECCO-COLOMBO COSTRUZ.,4 ba- 2,Bergamo,2025-01-12,https://www.fidal.it/atleta/MELLONI-Mattia/dquRk5ahamQ%3D,https://www.fidal.it/societa/ATL--LECCO-COLOMBO-COSTRUZ-/CO208
10.16,10.16,e,PANZERI Tommaso,2006,JM,G.S. VIRTUS CALCO,4 se- 4,Padova,2025-02-02,https://www.fidal.it/atleta/PANZERI-Tommaso/dquRk5moaGk%3D,https://www.fidal.it/societa/G-S--VIRTUS-CALCO/CO294
10.17,10.17,e,BENEVENTO Luigi,2006,JM,CUS URBINO,6 se- 1,Ancona,2025-01-26,https://www.fidal.it/atleta/BENEVENTO-Luigi/hamRkpOmamw%3D,https://www.fidal.it/societa/CUS-URBINO/PU003
10.2,10.20,e,PANZERI Tommaso,2006,JM,G.S. VIRTUS CALCO,5 ba- 2,Bergamo,2025-01-12,https://www.fidal.it/atleta/PANZERI-Tommaso/dquRk5moaGk%3D,https://www.fidal.it/societa/G-S--VIRTUS-CALCO/CO294
10.31,10.31,e,LAGO Andrea,2006,JM,ATL.VICENTINA,5 se- 4,Padova,2025-02-02,https://www.fidal.it/atleta/LAGO-Andrea/eK6Rk5ugcGg%3D,https://www.fidal.it/societa/ATL-VICENTINA/VI626
10.32,10.32,e,BORTOLOTTI Valerio,2006,JM,ATLETICA LIVORNO,6 fi- 1,Firenze,2025-01-25,https://www.fidal.it/atleta/BORTOLOTTI-Valerio/fayRkpSma2Q%3D,https://www.fidal.it/societa/ATLETICA-LIVORNO/LI036
10.37,10.37,e,DOZIO Niccolo,2006,JM,ATL. LECCO-COLOMBO COSTRUZ.,6 fi- 2,Bergamo,2025-01-12,https://www.fidal.it/atleta/DOZIO-Niccolo/dquRk5Ojbms%3D,https://www.fidal.it/societa/ATL--LECCO-COLOMBO-COSTRUZ-/CO208
10.39,10.39,e,MELLONI Mattia,2006,JM,ATL. LECCO-COLOMBO COSTRUZ.,4 ba- 1,Bergamo,2025-01-19,https://www.fidal.it/atleta/MELLONI-Mattia/dquRk5ahamQ%3D,https://www.fidal.it/societa/ATL--LECCO-COLOMBO-COSTRUZ-/CO208
10.39,10.39,e,BORTOLOTTI Valerio,2006,JM,ATLETICA LIVORNO,3 ba- 2,Firenze,2025-01-25,https://www.fidal.it/atleta/BORTOLOTTI-Valerio/fayRkpSma2Q%3D,https://www.fidal.it/societa/ATLETICA-LIVORNO/LI036
10.41,10.41,e,LAGO Andrea,2006,JM,ATL.VICENTINA,6 ba- 3,Padova,2025-01-25,https://www.fidal.it/atleta/LAGO-Andrea/eK6Rk5ugcGg%3D,https://www.fidal.it/societa/ATL-VICENTINA/VI626
10.42,10.42,e,BORTOLOTTI Valerio,2006,JM,ATLETICA LIVORNO,5 ba- 1,Firenze,2025-01-11,https://www.fidal.it/atleta/BORTOLOTTI-Valerio/fayRkpSma2Q%3D,https://www.fidal.it/societa/ATLETICA-LIVORNO/LI036
10.42,10.42,e,FUMAGALLI Gabriele,2006,JM,G.S. VIRTUS CALCO,5 ba- 1,Bergamo,2025-01-19,https://www.fidal.it/atleta/FUMAGALLI-Gabriele/dquRk5Ojb2Q%3D,https://www.fidal.it/societa/G-S--VIRTUS-CALCO/CO294
10.42,10.42,e,MUSSIO Lorenzo,2007,JM,CENTRO ATLETICA PIOMBINO,3 se- 2,Firenze,2025-01-25,https://www.fidal.it/atleta/MUSSIO-Lorenzo/fayRkpWjcGg%3D,https://www.fidal.it/societa/CENTRO-ATLETICA-PIOMBINO/LI038
10.43,10.43,e,FUMAGALLI Gabriele,2006,JM,G.S. VIRTUS CALCO,5 ba- 2,Bergamo,2025-01-05,https://www.fidal.it/atleta/FUMAGALLI-Gabriele/dquRk5Ojb2Q%3D,https://www.fidal.it/societa/G-S--VIRTUS-CALCO/CO294
10.63,10.63,e,FUMAGALLI Gabriele,2006,JM,G.S. VIRTUS CALCO,4 ba- 1,Bergamo,2025-01-12,https://www.fidal.it/atleta/FUMAGALLI-Gabriele/dquRk5Ojb2Q%3D,https://www.fidal.it/societa/G-S--VIRTUS-CALCO/CO294
10.71,10.71,e,FUMAGALLI Gabriele,2006,JM,G.S. VIRTUS CALCO,6 se- 4,Padova,2025-02-02,https://www.fidal.it/atleta/FUMAGALLI-Gabriele/dquRk5Ojb2Q%3D,https://www.fidal.it/societa/G-S--VIRTUS-CALCO/CO294
10.92,10.92,e,FUMAGALLI Gabriele,2006,JM,G.S. VIRTUS CALCO,6 fi- 2,Bergamo,2025-01-05,https://www.fidal.it/atleta/FUMAGALLI-Gabriele/dquRk5Ojb2Q%3D,https://www.fidal.it/societa/G-S--VIRTUS-CALCO/CO294
11.22,11.22,e,POLLINI Claudio,1989,SM35,ATL. PAVESE,1 su- 1,Casalmaggiore,2025-01-26,https://www.fidal.it/atleta/POLLINI-Claudio/dqAAARl5Kgb2s%3D,https://www.fidal.it/societa/ATL--PAVESE/PV599
11.24,11.24,e,MURATORI Edoardo,2007,JM,MODENA ATLETICA  ASD,7 se- 4,Padova,2025-02-02,https://www.fidal.it/atleta/MURATORI-Edoardo/eqyRkpmfcWg%3D,https://www.fidal.it/societa/MODENA-ATLETICA-ASD/MO497
11.33,11.33,e,BAGNARA Emil,2007,JM,COLLECTION ATLETICA SAMBENEDET,8 se- 2,Ancona,2025-01-26,https://www.fidal.it/atleta/BAGNARA-Emil/e6qRkpSkaWc%3D,https://www.fidal.it/societa/COLLECTION-ATLETICA-SAMBENEDET/AP034
11.45,11.45,e,PEREGO Luca,1979,SM45,G.S. VIRTUS CALCO,2 su- 1,Casalmaggiore,2025-01-26,https://www.fidal.it/atleta/PEREGO-Luca/dquRlJWjbWg%3D,https://www.fidal.it/societa/G-S--VIRTUS-CALCO/CO294
11.78,11.78,e,MURATORI Edoardo,2007,JM,MODENA ATLETICA  ASD,4 ba- 2,Parma,2025-01-18,https://www.fidal.it/atleta/MURATORI-Edoardo/eqyRkpmfcWg%3D,https://www.fidal.it/societa/MODENA-ATLETICA-ASD/MO497
12.14,12.14,e,FAZZINI Federico,2007,JM,CENTRO ATLETICA PIOMBINO,4 se- 2,Firenze,2025-01-25,https://www.fidal.it/atleta/FAZZINI-Federico/fayRkpajbmM%3D,https://www.fidal.it/societa/CENTRO-ATLETICA-PIOMBINO/LI038
13.39,13.39,e,DE NONI Michele,2006,JM,ATLETICA SILCA CONEGLIANO,7 fi- 1,Padova,2025-01-12,https://www.fidal.it/atleta/DE-NONI-Michele/eKyRk5qjb2w%3D,https://www.fidal.it/societa/ATLETICA-SILCA-CONEGLIANO/TV341
